BX = 000 Event : 1
1 0 0001110|001|111|100 0x1C7C
1 1 0001111|010|000|100 0x1E84
2 0 0011010|011|111|100 0x34FC
5 0 0101011|001|110|000 0x5670
5 1 0101111|010|100|101 0x5EA5
6 0 0111110|010|110|101 0x7CB5
BX = 001 Event : 2
1 0 0001101|100|000|001 0x1B01
1 1 0010010|010|010|011 0x2493
5 0 0101101|000|110|010 0x5A32
5 1 0101110|000|111|001 0x5C39
5 2 0110101|100|110|011 0x6B33
5 3 0110110|000|101|010 0x6C2A
6 0 0111011|001|011|010 0x765A
6 1 0111100|001|100|000 0x7860
6 2 0111101|100|100|000 0x7B20
6 3 1000000|000|000|110 0x8006
BX = 010 Event : 3
1 0 0001111|100|111|000 0x1F38
1 1 0010011|100|101|011 0x272B
1 2 0011001|001|010|110 0x3256
1 3 0011011|001|111|101 0x367D
2 0 0100000|100|010|110 0x4116
2 1 0100001|010|100|110 0x42A6
2 2 0100011|010|000|100 0x4684
2 3 0100100|000|000|110 0x4806
2 4 0100101|010|100|110 0x4AA6
5 0 1000011|010|100|011 0x86A3
5 1 1000110|010|100|010 0x8CA2
6 0 1001111|000|001|100 0x9E0C
BX = 011 Event : 4
1 0 0011001|000|000|101 0x3205
1 1 0011101|000|010|010 0x3A12
1 2 0100011|100|101|111 0x472F
BX = 100 Event : 5
1 0 0000111|100|101|001 0x0F29
2 0 0001111|001|001|000 0x1E48
2 1 0010100|001|001|000 0x2848
2 2 0011000|001|001|000 0x3048
2 3 0011010|000|001|000 0x3408
5 0 0101100|100|011|000 0x5918
6 0 0111100|100|110|001 0x7931
6 1 0111101|010|100|000 0x7AA0
6 2 1000000|001|011|111 0x805F
BX = 101 Event : 6
2 0 0100001|010|010|011 0x4293
2 1 0100010|100|010|011 0x4513
2 2 0100111|000|010|011 0x4E13
2 3 0101000|010|011|011 0x509B
5 0 1000001|100|110|000 0x8330
5 1 1010000|000|111|110 0xA03E
6 0 1001010|100|000|000 0x9500
6 1 1010011|011|000|101 0xA6C5
6 2 1010100|001|100|101 0xA865
BX = 110 Event : 7
1 0 0011000|010|010|100 0x3094
1 1 0011010|010|111|011 0x34BB
1 2 0011110|010|000|110 0x3C86
2 0 0100000|000|010|001 0x4011
3 0 0100111|100|000|001 0x4F01
5 0 0110100|100|111|010 0x693A
5 1 0110101|001|111|010 0x6A7A
5 2 0110110|001|111|010 0x6C7A
5 3 0111000|100|001|000 0x7108
5 4 0111110|010|100|011 0x7CA3
5 5 1000000|001|111|010 0x807A
BX = 111 Event : 8
1 0 0100011|100|111|111 0x473F
1 1 0100100|010|111|101 0x48BD
2 0 0100110|000|001|010 0x4C0A
5 0 0110010|001|111|010 0x647A
5 1 0110011|100|010|000 0x6710
5 2 0110100|001|100|000 0x6860
5 3 0111011|010|001|011 0x768B
5 4 0111100|001|110|010 0x7872
6 0 1000011|000|000|011 0x8603
7 0 1001011|100|011|001 0x9719
BX = 000 Event : 9
5 0 0100010|001|000|110 0x4446
5 1 0100101|000|010|110 0x4A16
5 2 0100110|100|000|110 0x4D06
BX = 001 Event : 10
1 0 0000011|100|110|010 0x0732
1 1 0000100|001|001|001 0x0849
1 2 0000101|000|011|001 0x0A19
1 3 0000110|100|111|100 0x0D3C
1 4 0001010|001|100|111 0x1467
2 0 0001101|100|010|110 0x1B16
6 0 0100011|000|100|010 0x4622
BX = 010 Event : 11
1 0 0010001|000|001|000 0x2208
1 1 0010010|000|001|000 0x2408
5 0 1000011|000|011|110 0x861E
5 1 1000100|000|011|110 0x881E
6 0 1001001|001|101|011 0x926B
7 0 1010011|010|111|011 0xA6BB
BX = 011 Event : 12
1 0 0001111|100|101|010 0x1F2A
1 1 0010100|010|101|010 0x28AA
2 0 0011000|100|110|000 0x3130
5 0 0111011|010|101|010 0x76AA
5 1 0111111|010|010|110 0x7E96
5 2 1000010|010|011|110 0x849E
6 0 1000000|010|010|000 0x8090
7 0 1000100|010|011|011 0x889B
BX = 100 Event : 13
3 0 0010100|010|110|011 0x28B3
BX = 101 Event : 14
2 0 0011100|011|111|111 0x38FF
3 0 0011110|100|110|011 0x3D33
5 0 0101000|100|011|001 0x5119
5 1 0111011|011|111|101 0x76FD
7 0 1001010|000|011|001 0x9419
BX = 110 Event : 15
0 0 0001101|001|000|111 0x1A47
1 0 0010001|010|110|011 0x22B3
3 0 0011010|010|001|000 0x3488
5 0 0101101|100|001|010 0x5B0A
BX = 111 Event : 16
1 0 0010001|000|000|011 0x2203
1 1 0010101|000|011|110 0x2A1E
5 0 0100110|000|101|000 0x4C28
6 0 0110100|001|011|010 0x685A
BX = 000 Event : 17
1 0 0001110|001|011|000 0x1C58
1 1 0011001|001|111|110 0x327E
5 0 0101011|001|011|010 0x565A
5 1 0110000|010|010|010 0x6092
5 2 0110011|010|010|111 0x6697
5 3 0111000|100|001|110 0x710E
6 0 0110110|010|001|000 0x6C88
6 1 0110111|010|001|000 0x6E88
6 2 0111010|010|000|010 0x7482
6 3 0111011|010|110|011 0x76B3
BX = 001 Event : 18
1 0 0001011|100|000|000 0x1700
5 0 0110111|000|100|100 0x6E24
6 0 0111110|010|111|011 0x7CBB
BX = 010 Event : 19
1 0 0001110|100|100|000 0x1D20
2 0 0010110|010|100|000 0x2CA0
2 1 0011000|000|000|000 0x3000
2 2 0011001|010|100|001 0x32A1
2 3 0011010|010|100|000 0x34A0
5 0 0111011|010|110|101 0x76B5
5 1 1000011|010|110|101 0x86B5
6 0 1000000|000|001|000 0x8008
6 1 1000010|001|001|000 0x8448
BX = 011 Event : 20
1 0 0001010|010|001|011 0x148B
1 1 0010000|001|111|110 0x207E
1 2 0010001|100|110|110 0x2336
5 0 0101010|000|110|000 0x5430
5 1 0110000|000|010|111 0x6017
5 2 0110100|000|000|101 0x6805
5 3 0110101|010|101|111 0x6AAF
5 4 0110110|000|010|111 0x6C17
5 5 0110111|000|011|110 0x6E1E
5 6 0111000|010|110|101 0x70B5
6 0 0111100|010|010|100 0x7894
BX = 100 Event : 21
1 0 0001110|100|111|010 0x1D3A
1 1 0001111|010|110|010 0x1EB2
3 0 0010101|010|101|000 0x2AA8
5 0 0101000|100|111|010 0x513A
5 1 0110100|010|000|011 0x6883
6 0 0111110|001|010|101 0x7C55
BX = 101 Event : 22
2 0 0010000|001|100|010 0x2062
5 0 0011111|000|001|000 0x3E08
5 1 0100001|010|111|100 0x42BC
5 2 0101001|010|110|111 0x52B7
6 0 0100100|010|000|000 0x4880
6 1 0101100|010|000|000 0x5880
7 0 0101111|010|010|001 0x5E91
BX = 110 Event : 23
1 0 0010101|011|001|111 0x2ACF
1 1 0010110|010|101|101 0x2CAD
5 0 0100100|001|111|001 0x4879
5 1 0101011|001|111|011 0x567B
5 2 0101100|001|110|010 0x5872
7 0 0110010|011|101|001 0x64E9
BX = 111 Event : 24
1 0 0010111|001|101|101 0x2E6D
1 1 0011000|100|100|100 0x3124
2 0 0101000|011|111|110 0x50FE
BX = 000 Event : 25
1 0 0010100|001|100|110 0x2866
2 0 0011100|000|001|111 0x380F
2 1 0011101|000|001|111 0x3A0F
5 0 0101010|010|111|101 0x54BD
5 1 0101111|001|010|101 0x5E55
5 2 0110000|001|111|101 0x607D
6 0 0111000|010|110|100 0x70B4
BX = 001 Event : 26
0 0 0001100|100|111|111 0x193F
1 0 0001010|000|010|010 0x1412
1 1 0001110|010|010|011 0x1C93
1 2 0010010|010|010|110 0x2496
1 3 0010100|010|010|110 0x2896
5 0 0101111|001|101|110 0x5E6E
6 0 0110011|100|010|111 0x6717
BX = 010 Event : 27
0 0 0001110|000|100|111 0x1C27
1 0 0001101|001|010|000 0x1A50
1 1 0010100|001|101|011 0x286B
2 0 0100000|000|001|110 0x400E
5 0 0110000|001|101|001 0x6069
5 1 0110101|100|111|101 0x6B3D
5 2 0110110|010|100|011 0x6CA3
6 0 0111000|011|000|000 0x70C0
BX = 011 Event : 28
1 0 0001111|010|011|010 0x1E9A
1 1 0010100|100|110|101 0x2935
2 0 0010011|000|111|000 0x2638
2 1 0011000|001|000|011 0x3043
3 0 0011110|000|010|001 0x3C11
5 0 0101011|001|011|010 0x565A
5 1 0101100|000|011|001 0x5819
5 2 0110011|100|111|010 0x673A
5 3 0110100|001|010|010 0x6852
6 0 1000000|000|111|101 0x803D
6 1 1000010|000|111|101 0x843D
7 0 1000111|010|000|000 0x8E80
BX = 100 Event : 29
1 0 0001011|100|101|000 0x1728
1 1 0010011|100|111|011 0x273B
1 2 0010100|010|111|010 0x28BA
2 0 0011000|001|100|000 0x3060
2 1 0011110|010|100|011 0x3CA3
2 2 0011111|001|100|010 0x3E62
2 3 0100101|100|101|111 0x4B2F
3 0 0100011|010|110|000 0x46B0
3 1 0100100|001|110|000 0x4870
BX = 101 Event : 30
0 0 0010000|100|101|111 0x212F
2 0 0011101|000|010|101 0x3A15
2 1 0011110|010|011|100 0x3C9C
5 0 0111111|100|101|011 0x7F2B
5 1 1000100|000|011|101 0x881D
6 0 1001000|100|101|100 0x912C
BX = 110 Event : 31
2 0 0011101|100|101|010 0x3B2A
2 1 0011110|001|100|000 0x3C60
5 0 0110100|100|110|101 0x6935
BX = 111 Event : 32
1 0 0010101|100|001|101 0x2B0D
1 1 0010110|000|001|100 0x2C0C
1 2 0010111|001|111|100 0x2E7C
1 3 0011011|010|010|111 0x3697
1 4 0011101|001|010|111 0x3A57
3 0 0100100|010|011|000 0x4898
5 0 1000001|000|110|001 0x8231
5 1 1000011|100|101|000 0x8728
5 2 1000100|100|000|000 0x8900
5 3 1001000|000|001|100 0x900C
5 4 1001010|001|111|100 0x947C
5 5 1001011|010|100|100 0x96A4
5 6 1010011|000|000|101 0xA605
BX = 000 Event : 33
0 0 0001111|001|111|111 0x1E7F
1 0 0001101|100|110|000 0x1B30
1 1 0001110|001|100|000 0x1C60
1 2 0011010|100|000|110 0x3506
2 0 0010101|010|000|000 0x2A80
3 0 0100011|011|001|010 0x46CA
5 0 0111000|010|101|011 0x70AB
5 1 0111001|000|101|010 0x722A
5 2 1000010|100|101|110 0x852E
BX = 001 Event : 34
1 0 0010101|100|011|110 0x2B1E
3 0 0011111|001|000|010 0x3E42
3 1 0100000|010|000|010 0x4082
5 0 0111000|100|011|000 0x7118
6 0 1001001|001|001|001 0x9249
6 1 1001010|000|001|001 0x9409
7 0 1001110|011|011|001 0x9CD9
7 1 1010000|001|111|011 0xA07B
BX = 010 Event : 35
1 0 0001111|000|111|000 0x1E38
1 1 0010000|000|000|000 0x2000
1 2 0010010|100|011|101 0x251D
1 3 0010110|001|011|101 0x2C5D
1 4 0011011|100|011|101 0x371D
2 0 0010111|000|101|000 0x2E28
2 1 0011000|001|010|000 0x3050
2 2 0011001|100|010|000 0x3310
2 3 0011101|010|100|010 0x3AA2
3 0 0100001|100|011|001 0x4319
3 1 0100011|000|001|011 0x460B
5 0 0110101|001|100|010 0x6A62
5 1 0111111|001|011|010 0x7E5A
5 2 1000101|011|000|110 0x8AC6
6 0 1001011|000|100|011 0x9623
7 0 1001111|010|000|011 0x9E83
7 1 1010010|010|100|001 0xA4A1
BX = 011 Event : 36
1 0 0001011|001|001|010 0x164A
5 0 0100111|010|000|110 0x4E86
5 1 0101000|000|101|101 0x502D
6 0 0110001|100|111|110 0x633E
7 0 0110100|001|011|100 0x685C
BX = 100 Event : 37
1 0 0011100|100|010|101 0x3915
2 0 0011000|011|001|000 0x30C8
3 0 0101001|100|111|011 0x533B
5 0 0111011|100|011|001 0x7719
5 1 0111100|100|110|001 0x7931
5 2 1000011|000|010|010 0x8612
6 0 1000111|011|111|000 0x8EF8
6 1 1001000|010|011|000 0x9098
6 2 1001111|001|000|111 0x9E47
6 3 1010000|011|111|110 0xA0FE
BX = 101 Event : 38
1 0 0001001|100|110|010 0x1332
1 1 0001110|001|000|100 0x1C44
1 2 0001111|100|110|010 0x1F32
1 3 0010000|001|000|111 0x2047
1 4 0010011|001|010|110 0x2656
1 5 0010100|001|001|101 0x284D
5 0 0100010|001|110|010 0x4472
5 1 0100011|000|100|000 0x4620
5 2 0100110|001|000|010 0x4C42
5 3 0101001|001|110|010 0x5272
6 0 0110000|000|111|010 0x603A
BX = 110 Event : 39
1 0 0010000|100|101|000 0x2128
1 1 0010011|100|100|100 0x2724
1 2 0010101|000|101|011 0x2A2B
2 0 0011000|100|000|001 0x3101
4 0 0101110|100|111|111 0x5D3F
4 1 0101111|100|101|111 0x5F2F
5 0 0111000|001|010|101 0x7055
5 1 0111001|001|010|101 0x7255
6 0 0111110|100|111|110 0x7D3E
6 1 1000000|011|111|111 0x80FF
BX = 111 Event : 40
1 0 0001011|010|000|100 0x1684
3 0 0011010|001|100|100 0x3464
6 0 0101011|100|101|011 0x572B
BX = 000 Event : 41
1 0 0010010|000|001|100 0x240C
2 0 0011001|010|010|011 0x3293
2 1 0011100|011|011|011 0x38DB
6 0 0111011|100|101|010 0x772A
6 1 0111100|100|110|010 0x7932
6 2 0111101|000|011|001 0x7A19
BX = 001 Event : 42
1 0 0010011|100|001|101 0x270D
1 1 0010100|010|101|100 0x28AC
1 2 0011011|100|001|101 0x370D
2 0 0100000|011|001|101 0x40CD
2 1 0100010|000|011|110 0x441E
3 0 0100011|011|011|001 0x46D9
5 0 0110001|010|010|101 0x6295
BX = 010 Event : 43
1 0 0010100|010|000|110 0x2886
6 0 0111110|010|001|001 0x7C89
6 1 1000001|010|011|011 0x829B
6 2 1000010|000|110|010 0x8432
6 3 1000110|011|011|011 0x8CDB
BX = 011 Event : 44
1 0 0010000|100|100|010 0x2122
1 1 0010101|100|100|100 0x2B24
1 2 0010110|010|101|010 0x2CAA
5 0 0101111|100|111|010 0x5F3A
5 1 0110000|100|101|010 0x612A
5 2 0110001|100|100|001 0x6321
BX = 100 Event : 45
1 0 0010000|000|101|010 0x202A
1 1 0010101|010|111|100 0x2ABC
1 2 0011010|010|010|110 0x3496
1 3 0011100|000|101|111 0x382F
1 4 0011101|011|010|110 0x3AD6
1 5 0011110|100|010|110 0x3D16
2 0 0100001|010|010|010 0x4292
5 0 0110010|011|010|111 0x64D7
5 1 0110110|000|001|101 0x6C0D
6 0 0110111|001|001|000 0x6E48
6 1 0111100|100|100|101 0x7925
6 2 0111101|010|111|101 0x7ABD
BX = 101 Event : 46
1 0 0010111|100|000|110 0x2F06
1 1 0011011|001|110|110 0x3676
2 0 0101000|000|111|111 0x503F
2 1 0101001|011|111|111 0x52FF
5 0 0111001|100|111|010 0x733A
5 1 0111010|000|011|000 0x7418
6 0 1001010|011|001|100 0x94CC
BX = 110 Event : 47
1 0 0001110|100|101|000 0x1D28
1 1 0001111|001|100|000 0x1E60
2 0 0011001|010|101|000 0x32A8
5 0 0110111|100|011|011 0x6F1B
5 1 0111011|011|111|110 0x76FE
6 0 0111100|010|010|010 0x7892
6 1 0111110|001|010|011 0x7C53
6 2 1000100|011|110|110 0x88F6
BX = 111 Event : 48
1 0 0010111|000|010|111 0x2E17
1 1 0011010|100|010|111 0x3517
2 0 0011001|001|101|000 0x3268
6 0 0111100|011|110|101 0x78F5
6 1 1000011|001|100|110 0x8666
BX = 000 Event : 49
1 0 0001110|100|010|010 0x1D12
1 1 0001111|001|101|000 0x1E68
1 2 0011000|100|010|010 0x3112
2 0 0011110|100|100|100 0x3D24
2 1 0100001|010|101|110 0x42AE
5 0 0101100|001|100|000 0x5860
BX = 001 Event : 50
1 0 0000110|001|010|010 0x0C52
2 0 0010101|000|100|111 0x2A27
2 1 0010110|100|011|110 0x2D1E
3 0 0010100|100|010|000 0x2910
5 0 0101001|001|100|101 0x5265
BX = 010 Event : 51
1 0 0001000|010|010|111 0x1097
1 1 0001001|001|010|111 0x1257
2 0 0001011|010|111|000 0x16B8
3 0 0010010|100|100|100 0x2524
5 0 0011110|100|000|010 0x3D02
5 1 0100000|001|110|000 0x4070
7 0 0110100|001|101|001 0x6869
7 1 0110101|000|100|000 0x6A20
BX = 011 Event : 52
1 0 0010111|100|010|000 0x2F10
1 1 0100100|100|100|101 0x4925
2 0 0100010|010|010|000 0x4490
2 1 0101000|001|110|000 0x5070
5 0 0111101|001|010|000 0x7A50
5 1 1000010|010|110|010 0x84B2
5 2 1000011|010|000|010 0x8682
5 3 1000100|010|110|010 0x88B2
6 0 1001011|010|100|000 0x96A0
6 1 1001101|100|100|101 0x9B25
BX = 100 Event : 53
1 0 0001000|100|101|000 0x1128
1 1 0001101|010|000|111 0x1A87
1 2 0010001|000|101|101 0x222D
4 0 0100011|000|011|111 0x461F
5 0 0100111|010|010|100 0x4E94
7 0 0110110|000|011|010 0x6C1A
BX = 101 Event : 54
1 0 0001100|100|001|100 0x190C
1 1 0010011|010|000|110 0x2686
6 0 1000000|000|000|011 0x8003
6 1 1000101|001|110|110 0x8A76
6 2 1000110|011|101|110 0x8CEE
6 3 1001010|011|001|011 0x94CB
6 4 1001011|010|001|011 0x968B
7 0 1001110|001|001|001 0x9C49
BX = 110 Event : 55
1 0 0010100|000|101|100 0x282C
1 1 0010101|010|110|011 0x2AB3
2 0 0011110|010|111|010 0x3CBA
3 0 0100110|100|100|001 0x4D21
5 0 1000001|000|000|111 0x8207
BX = 111 Event : 56
1 0 0001111|100|001|100 0x1F0C
1 1 0010000|100|001|010 0x210A
2 0 0011100|001|111|000 0x3878
5 0 0110100|100|101|110 0x692E
6 0 0110101|010|001|010 0x6A8A
6 1 0111000|100|010|110 0x7116
6 2 1000011|100|111|110 0x873E
BX = 000 Event : 57
0 0 0001011|100|000|111 0x1707
0 1 0001100|000|000|111 0x1807
1 0 0010110|001|000|100 0x2C44
2 0 0100001|011|001|011 0x42CB
3 0 0100011|010|100|010 0x46A2
5 0 0101110|001|110|100 0x5C74
5 1 0101111|100|011|011 0x5F1B
5 2 0110000|010|001|010 0x608A
5 3 0110001|001|101|010 0x626A
5 4 0110100|010|000|101 0x6885
5 5 0110101|001|001|110 0x6A4E
6 0 0110110|100|101|010 0x6D2A
BX = 001 Event : 58
1 0 0000111|000|001|010 0x0E0A
1 1 0001000|001|100|001 0x1061
1 2 0001001|001|001|001 0x1249
1 3 0001110|010|101|110 0x1CAE
5 0 0101000|000|011|010 0x501A
5 1 0110001|000|110|010 0x6232
5 2 0110101|100|001|101 0x6B0D
5 3 0110111|100|000|101 0x6F05
6 0 0111001|010|011|010 0x729A
6 1 0111101|001|011|100 0x7A5C
7 0 0111111|100|001|010 0x7F0A
BX = 010 Event : 59
1 0 0010100|100|101|010 0x292A
3 0 0011010|000|110|000 0x3430
5 0 0100111|100|011|000 0x4F18
BX = 011 Event : 60
1 0 0001110|100|001|010 0x1D0A
1 1 0010011|001|001|101 0x264D
5 0 0110101|001|011|001 0x6A59
5 1 0110110|001|010|001 0x6C51
5 2 0110111|100|111|000 0x6F38
5 3 0111000|001|011|000 0x7058
5 4 0111001|001|110|000 0x7270
6 0 1000011|100|010|000 0x8710
6 1 1000111|001|011|000 0x8E58
6 2 1001000|000|011|000 0x9018
6 3 1001011|000|111|101 0x963D
7 0 1010011|100|011|011 0xA71B
BX = 100 Event : 61
1 0 0001001|100|111|010 0x133A
1 1 0001010|001|101|000 0x1468
1 2 0001111|010|101|101 0x1EAD
1 3 0010000|010|011|100 0x209C
2 0 0010101|010|100|000 0x2AA0
2 1 0011011|001|011|001 0x3659
5 0 0110111|001|011|010 0x6E5A
5 1 0111100|010|011|101 0x789D
5 2 0111101|010|111|100 0x7ABC
5 3 1000101|100|101|110 0x8B2E
6 0 1000110|010|001|010 0x8C8A
BX = 101 Event : 62
2 0 0010010|001|010|011 0x2453
2 1 0010011|011|011|011 0x26DB
BX = 110 Event : 63
1 0 0010001|000|001|000 0x2208
1 1 0010010|000|001|000 0x2408
1 2 0010011|000|100|000 0x2620
1 3 0011010|001|100|101 0x3465
2 0 0100100|100|110|000 0x4930
2 1 0100110|000|010|110 0x4C16
3 0 0101000|001|101|000 0x5068
BX = 111 Event : 64
1 0 0001101|001|001|010 0x1A4A
1 1 0001110|100|001|001 0x1D09
1 2 0010011|100|101|101 0x272D
1 3 0010110|001|000|010 0x2C42
1 4 0010111|001|010|111 0x2E57
1 5 0011001|100|010|101 0x3315
6 0 0111111|001|001|100 0x7E4C
7 0 1000101|000|010|001 0x8A11
7 1 1001000|000|010|100 0x9014
7 2 1001001|010|011|011 0x929B
BX = 000 Event : 65
0 0 0001101|001|110|111 0x1A77
2 0 0010101|000|000|001 0x2A01
2 1 0010110|000|000|001 0x2C01
2 2 0010111|001|000|001 0x2E41
2 3 0011001|001|011|011 0x325B
2 4 0011101|001|000|101 0x3A45
6 0 0111011|000|110|101 0x7635
BX = 001 Event : 66
2 0 0010010|001|011|000 0x2458
2 1 0010101|001|100|000 0x2A60
3 0 0010111|010|100|001 0x2EA1
5 0 0100111|001|011|000 0x4E58
5 1 0101100|010|111|100 0x58BC
6 0 0111000|011|110|101 0x70F5
7 0 0111110|011|100|001 0x7CE1
7 1 1000001|010|101|001 0x82A9
BX = 010 Event : 67
1 0 0001111|000|001|100 0x1E0C
1 1 0010011|010|010|111 0x2697
1 2 0010101|001|010|110 0x2A56
1 3 0010110|001|010|111 0x2C57
5 0 0110010|000|110|001 0x6431
5 1 0110100|000|001|000 0x6808
5 2 0111000|001|111|100 0x707C
5 3 0111111|001|000|101 0x7E45
7 0 1001011|000|000|010 0x9602
7 1 1001110|010|100|001 0x9CA1
BX = 011 Event : 68
2 0 0011110|000|010|011 0x3C13
3 0 0100000|001|100|010 0x4062
5 0 0101100|000|111|001 0x5839
BX = 100 Event : 69
1 0 0010001|001|011|000 0x2258
1 1 0010100|001|000|100 0x2844
1 2 0010110|010|100|011 0x2CA3
5 0 0110011|001|011|010 0x665A
5 1 0111001|010|010|010 0x7292
5 2 1000000|001|010|110 0x8056
7 0 1001000|000|100|001 0x9021
BX = 101 Event : 70
1 0 0010001|010|100|111 0x22A7
1 1 0010010|010|100|111 0x24A7
2 0 0010100|100|001|001 0x2909
2 1 0010101|001|111|101 0x2A7D
3 0 0011010|000|100|011 0x3423
5 0 0101000|100|010|010 0x5112
BX = 110 Event : 71
1 0 0001000|100|100|000 0x1120
1 1 0001011|100|000|100 0x1704
1 2 0001101|001|010|111 0x1A57
1 3 0010010|010|111|110 0x24BE
2 0 0010001|010|100|000 0x22A0
2 1 0010011|001|001|000 0x2648
2 2 0010101|001|100|000 0x2A60
2 3 0011000|010|101|100 0x30AC
2 4 0011100|100|010|111 0x3917
2 5 0011101|011|010|110 0x3AD6
5 0 0101001|000|010|010 0x5212
5 1 0110001|000|010|111 0x6217
5 2 0110010|000|100|110 0x6426
BX = 111 Event : 72
1 0 0010100|010|110|101 0x28B5
1 1 0010101|001|010|100 0x2A54
1 2 0011011|010|111|101 0x36BD
6 0 0110100|010|001|011 0x688B
6 1 0110101|001|000|010 0x6A42
6 2 0110110|010|101|000 0x6CA8
6 3 0111010|001|011|100 0x745C
BX = 000 Event : 73
1 0 0100011|001|011|110 0x465E
2 0 0100111|001|011|001 0x4E59
3 0 0101110|001|000|001 0x5C41
3 1 0101111|010|011|010 0x5E9A
5 0 0111111|000|000|010 0x7E02
5 1 1000000|001|000|001 0x8041
BX = 001 Event : 74
2 0 0001110|100|110|100 0x1D34
2 1 0010000|100|111|110 0x213E
5 0 0011001|001|000|001 0x3241
5 1 0100001|010|111|110 0x42BE
5 2 0100010|011|110|101 0x44F5
7 0 0100110|010|100|001 0x4CA1
BX = 010 Event : 75
1 0 0011111|000|010|111 0x3E17
1 1 0100000|100|010|110 0x4116
1 2 0100001|000|011|110 0x421E
1 3 0100011|000|011|101 0x461D
2 0 0100010|001|010|000 0x4450
2 1 0100101|010|010|000 0x4A90
2 2 0100110|010|011|010 0x4C9A
2 3 0100111|001|010|000 0x4E50
2 4 0101100|100|111|100 0x593C
2 5 0101101|100|110|100 0x5B34
5 0 1000110|010|101|101 0x8CAD
6 0 1001010|001|100|001 0x9461
7 0 1010010|010|100|010 0xA4A2
7 1 1010101|001|100|011 0xAA63
BX = 011 Event : 76
1 0 0010010|010|101|100 0x24AC
1 1 0010110|010|000|111 0x2C87
1 2 0010111|000|000|111 0x2E07
2 0 0011000|001|100|000 0x3060
2 1 0011010|100|010|011 0x3513
5 0 0110100|100|111|000 0x6938
5 1 0110101|000|110|000 0x6A30
5 2 0110111|010|010|101 0x6E95
5 3 0111011|001|111|011 0x767B
5 4 0111100|100|011|010 0x791A
5 5 1000000|100|101|111 0x812F
7 0 1001000|100|011|010 0x911A
7 1 1001101|000|010|001 0x9A11
BX = 100 Event : 77
1 0 0010010|000|011|100 0x241C
1 1 0010111|010|001|111 0x2E8F
5 0 0111000|011|110|110 0x70F6
6 0 0110111|010|010|000 0x6E90
6 1 0111010|001|001|000 0x7448
BX = 101 Event : 78
7 0 0101111|000|001|001 0x5E09
BX = 110 Event : 79
1 0 0001101|001|010|000 0x1A50
1 1 0010010|001|100|110 0x2466
2 0 0010011|010|101|001 0x26A9
3 0 0010111|001|101|010 0x2E6A
3 1 0011000|000|101|010 0x302A
7 0 0110000|011|111|000 0x60F8
BX = 111 Event : 80
1 0 0011100|100|110|000 0x3930
2 0 0101011|011|101|110 0x56EE
5 0 1001010|010|110|110 0x94B6
5 1 1001011|011|111|110 0x96FE
6 0 1010010|000|010|101 0xA415
7 0 1011001|010|011|000 0xB298
BX = 000 Event : 81
1 0 0010000|000|111|100 0x203C
2 0 0011011|100|100|110 0x3726
7 0 0110001|001|001|001 0x6249
7 1 0110011|010|010|001 0x6691
BX = 001 Event : 82
2 0 0001011|000|010|010 0x1612
2 1 0001100|100|000|110 0x1906
5 0 0100100|100|010|000 0x4910
5 1 0101101|010|000|110 0x5A86
5 2 0110001|001|111|111 0x627F
5 3 0110010|010|000|110 0x6486
7 0 0111010|001|110|011 0x7473
BX = 010 Event : 83
1 0 0001110|100|110|000 0x1D30
6 0 0101111|001|000|011 0x5E43
BX = 011 Event : 84
1 0 0010110|001|101|000 0x2C68
1 1 0011100|001|000|010 0x3842
2 0 0100001|010|010|001 0x4291
2 1 0100010|001|111|000 0x4478
2 2 0100011|000|010|000 0x4610
2 3 0100100|100|100|101 0x4925
5 0 0111101|100|101|001 0x7B29
5 1 0111110|100|101|001 0x7D29
5 2 0111111|000|111|000 0x7E38
5 3 1001100|010|101|110 0x98AE
5 4 1001101|001|101|101 0x9A6D
6 0 1010000|001|100|011 0xA063
6 1 1010010|011|110|111 0xA4F7
BX = 100 Event : 85
1 0 0011111|010|011|110 0x3E9E
2 0 0011110|001|100|000 0x3C60
2 1 0100100|100|011|010 0x491A
2 2 0100101|010|100|000 0x4AA0
2 3 0100111|000|001|100 0x4E0C
2 4 0101000|100|001|011 0x510B
5 0 1001110|000|011|010 0x9C1A
5 1 1001111|001|101|000 0x9E68
5 2 1010000|001|001|000 0xA048
5 3 1010110|001|011|010 0xAC5A
6 0 1011110|010|101|110 0xBCAE
BX = 101 Event : 86
1 0 0010000|000|001|110 0x200E
1 1 0010011|010|000|101 0x2685
2 0 0010100|001|001|010 0x284A
2 1 0100001|001|011|111 0x425F
5 0 0110110|010|111|011 0x6CBB
5 1 0110111|100|010|011 0x6F13
5 2 0111000|001|101|011 0x706B
6 0 1000010|100|010|000 0x8510
6 1 1001010|100|100|110 0x9526
7 0 1001001|000|011|000 0x9218
7 1 1001100|001|011|001 0x9859
7 2 1001101|001|011|001 0x9A59
BX = 110 Event : 87
1 0 0001100|100|100|000 0x1920
1 1 0010000|100|011|100 0x211C
1 2 0010010|010|001|100 0x248C
1 3 0010100|100|111|011 0x293B
3 0 0100001|000|111|001 0x4239
5 0 0110110|000|100|110 0x6C26
BX = 111 Event : 88
2 0 0010100|100|001|100 0x290C
2 1 0010111|011|001|110 0x2ECE
3 0 0011011|011|011|001 0x36D9
3 1 0011100|010|011|001 0x3899
5 0 0101010|001|001|001 0x5449
5 1 0101110|001|101|010 0x5C6A
6 0 0110000|000|010|000 0x6010
6 1 0110100|011|011|100 0x68DC
6 2 0110101|000|001|011 0x6A0B
BX = 000 Event : 89
1 0 0001010|001|101|000 0x1468
1 1 0001110|100|101|100 0x1D2C
1 2 0010101|001|010|110 0x2A56
2 0 0010000|000|001|000 0x2008
2 1 0010110|000|001|000 0x2C08
2 2 0011000|010|111|010 0x30BA
2 3 0011110|010|100|110 0x3CA6
2 4 0100100|010|100|110 0x48A6
5 0 0110100|001|111|001 0x6879
5 1 0110110|000|101|100 0x6C2C
6 0 1000001|010|101|011 0x82AB
7 0 1000101|001|001|000 0x8A48
7 1 1001000|011|010|001 0x90D1
BX = 001 Event : 90
1 0 0011011|010|110|100 0x36B4
5 0 0110101|010|111|111 0x6ABF
5 1 0110110|000|011|110 0x6C1E
7 0 0111010|011|001|001 0x74C9
BX = 010 Event : 91
1 0 0001111|100|010|010 0x1F12
1 1 0010110|010|000|100 0x2C84
2 0 0100010|100|100|010 0x4522
5 0 0101100|001|011|000 0x5858
5 1 0101101|100|011|000 0x5B18
5 2 0101110|100|011|000 0x5D18
5 3 0101111|100|000|000 0x5F00
BX = 011 Event : 92
2 0 0010110|100|001|100 0x2D0C
2 1 0011010|011|001|110 0x34CE
3 0 0011110|011|011|001 0x3CD9
3 1 0011111|010|011|001 0x3E99
5 0 0110000|001|001|001 0x6049
5 1 0110110|001|101|010 0x6C6A
6 0 0111001|000|010|000 0x7210
6 1 0111101|011|011|100 0x7ADC
6 2 0111110|000|001|011 0x7C0B
BX = 100 Event : 93
1 0 0010011|001|010|001 0x2651
1 1 0010101|001|111|000 0x2A78
1 2 0011100|010|011|100 0x389C
5 0 1000010|001|111|100 0x847C
5 1 1000011|000|111|011 0x863B
5 2 1000100|010|000|011 0x8883
6 0 1001001|100|001|010 0x930A
6 1 1010100|100|011|110 0xA91E
BX = 101 Event : 94
1 0 0010111|010|110|100 0x2EB4
5 0 0101000|010|111|111 0x50BF
5 1 0101001|000|011|110 0x521E
5 2 0101010|100|111|101 0x553D
7 0 0101110|011|001|001 0x5CC9
BX = 110 Event : 95
1 0 0010001|000|000|000 0x2200
1 1 0010010|100|101|100 0x252C
1 2 0010100|010|101|100 0x28AC
2 0 0011000|001|011|010 0x305A
2 1 0011011|100|010|011 0x3713
5 0 0110000|100|101|101 0x612D
5 1 0110101|001|111|011 0x6A7B
5 2 0111011|100|101|111 0x772F
7 0 1000101|100|011|010 0x8B1A
7 1 1001001|000|010|001 0x9211
BX = 111 Event : 96
2 0 0010010|010|011|011 0x249B
2 1 0011011|100|000|110 0x3706
5 0 0100101|100|010|000 0x4B10
5 1 0100110|100|010|100 0x4D14
5 2 0101100|001|000|110 0x5846
7 0 0110000|001|110|011 0x6073
BX = 000 Event : 97
1 0 0010101|001|001|110 0x2A4E
6 0 0100110|000|101|011 0x4C2B
6 1 0100111|001|101|010 0x4E6A
BX = 001 Event : 98
1 0 0001010|100|011|101 0x151D
1 1 0001011|010|110|100 0x16B4
1 2 0001100|010|101|110 0x18AE
5 0 0100110|010|100|101 0x4CA5
5 1 0101010|000|100|010 0x5422
BX = 010 Event : 99
1 0 0010111|100|110|000 0x2F30
2 0 0100111|011|101|110 0x4EEE
5 0 0111101|000|010|000 0x7A10
5 1 1001000|001|111|110 0x907E
BX = 011 Event : 100
1 0 0001110|010|011|010 0x1C9A
5 0 0011000|100|111|001 0x3139
5 1 0011011|001|111|101 0x367D
6 0 0100000|011|001|100 0x40CC
6 1 0100100|001|111|111 0x487F
