BX = 000 Event : 1
2 0 1000001|111|001|100 0x83CC
3 0 0001100|110|111|110 0x19BE
4 0 0001101|101|111|011 0x1B7B
4 1 0101111|110|011|101 0x5F9D
4 2 0110100|100|101|110 0x692E
5 0 0001111|100|000|001 0x1F01
5 1 0010001|000|110|011 0x2233
5 2 0010010|101|110|011 0x2573
5 3 0010011|100|111|100 0x273C
6 0 0011000|000|111|000 0x3038
6 1 0011011|110|101|100 0x37AC
BX = 001 Event : 2
3 0 0100101|101|001|010 0x4B4A
3 1 0101001|101|011|101 0x535D
3 2 0101100|101|011|111 0x595F
3 3 0101101|101|011|111 0x5B5F
4 0 0110100|101|110|101 0x6975
5 0 0001010|110|010|001 0x1591
5 1 0001111|110|010|111 0x1F97
6 0 0010001|110|100|000 0x23A0
7 0 0010101|000|110|000 0x2A30
7 1 0010111|000|000|001 0x2E01
7 2 0011110|000|000|111 0x3C07
7 3 0011111|101|001|111 0x3F4F
7 4 0100000|110|011|111 0x419F
BX = 010 Event : 3
2 0 0011100|000|100|111 0x3827
2 1 0011111|000|110|111 0x3E37
2 2 0111010|110|100|001 0x75A1
2 3 0111011|111|100|001 0x77E1
2 4 0111100|111|101|010 0x79EA
3 0 0000101|100|111|110 0x0B3E
3 1 0000110|100|111|111 0x0D3F
3 2 0100001|101|111|000 0x4378
3 3 0101010|111|110|110 0x55F6
3 4 0101011|110|101|111 0x57AF
4 0 0110000|101|010|110 0x6156
5 0 0110100|101|010|001 0x6951
BX = 011 Event : 4
3 0 0000100|101|110|100 0x0974
3 1 0011010|101|110|100 0x3574
4 0 0000101|000|111|001 0x0A39
4 1 0011100|000|011|000 0x3818
4 2 0100000|101|101|011 0x416B
4 3 0100001|000|101|111 0x422F
5 0 0000110|101|011|011 0x0D5B
5 1 0000111|110|011|100 0x0F9C
5 2 0001000|101|011|100 0x115C
5 3 0001001|100|011|101 0x131D
BX = 100 Event : 5
0 0 0111000|100|000|100 0x7104
0 1 0111001|110|001|111 0x738F
1 0 0111010|100|001|001 0x7509
1 1 0111101|100|001|011 0x7B0B
1 2 0111110|101|001|101 0x7D4D
2 0 0011000|101|011|110 0x315E
2 1 1000011|101|011|011 0x875B
2 2 1000101|111|010|100 0x8BD4
2 3 1000110|111|110|100 0x8DF4
2 4 1001000|101|011|110 0x915E
3 0 0011011|000|110|001 0x3631
3 1 0100100|000|011|111 0x481F
4 0 0110110|100|011|111 0x6D1F
6 0 0001111|101|100|110 0x1F66
BX = 101 Event : 6
0 0 0111100|101|011|110 0x795E
2 0 1000001|000|100|000 0x8220
2 1 1000010|101|101|001 0x8569
3 0 0100011|100|010|010 0x4712
3 1 0100110|110|101|101 0x4DAD
4 0 0101010|101|000|010 0x5542
4 1 0101101|100|001|100 0x5B0C
5 0 0001001|110|101|100 0x13AC
5 1 0110111|100|100|000 0x6F20
5 2 0111000|100|100|000 0x7120
BX = 110 Event : 7
0 0 0100001|101|100|000 0x4360
1 0 0101000|110|101|000 0x51A8
1 1 0101001|110|111|010 0x53BA
4 0 0011011|101|101|000 0x3768
4 1 0011100|111|110|001 0x39F1
5 0 0000110|101|111|011 0x0D7B
6 0 0001110|111|100|001 0x1DE1
BX = 111 Event : 8
0 0 0101111|000|100|000 0x5E20
0 1 0110001|000|110|110 0x6236
2 0 0111110|101|010|110 0x7D56
2 1 0111111|111|010|110 0x7FD6
3 0 0011110|101|000|011 0x3D43
3 1 0100001|000|101|101 0x422D
3 2 0100101|000|010|110 0x4A16
4 0 0001000|100|111|010 0x113A
5 0 0001010|110|111|100 0x15BC
6 0 0001101|111|001|000 0x1BC8
6 1 0001110|111|000|000 0x1DC0
BX = 000 Event : 9
2 0 0010011|100|111|110 0x273E
4 0 0010110|110|100|001 0x2DA1
BX = 001 Event : 10
0 0 0111110|110|110|000 0x7DB0
0 1 0111111|110|001|110 0x7F8E
3 0 0001110|101|111|010 0x1D7A
3 1 0110101|110|011|101 0x6B9D
4 0 0111011|101|010|100 0x7754
5 0 0010000|111|111|011 0x21FB
5 1 0010001|110|010|011 0x2393
7 0 0011100|000|010|110 0x3816
7 1 0011101|110|011|111 0x3B9F
BX = 010 Event : 11
0 0 0100100|101|000|010 0x4942
2 0 0101011|101|101|000 0x5768
3 0 0010000|000|001|011 0x200B
3 1 0010011|101|100|101 0x2765
3 2 0010101|100|110|110 0x2B36
3 3 0010111|110|101|110 0x2FAE
4 0 0100010|100|101|110 0x452E
5 0 0000101|111|100|001 0x0BE1
7 0 0001001|110|111|100 0x13BC
7 1 0001010|100|110|101 0x1535
7 2 0001011|110|110|100 0x17B4
7 3 0001101|000|110|111 0x1A37
BX = 011 Event : 12
0 0 1000101|100|110|011 0x8B33
2 0 0101110|111|100|111 0x5DE7
2 1 1001110|111|010|101 0x9DD5
2 2 1001111|110|100|110 0x9FA6
3 0 0001011|110|110|101 0x17B5
3 1 0110011|000|110|100 0x6634
6 0 0011110|101|010|100 0x3D54
7 0 0100101|110|011|101 0x4B9D
BX = 100 Event : 13
1 0 0101001|100|011|011 0x531B
3 0 0011011|110|001|010 0x378A
6 0 0001111|100|101|110 0x1F2E
6 1 0010000|000|111|101 0x203D
6 2 0010001|110|110|110 0x23B6
7 0 0010111|101|011|100 0x2F5C
BX = 101 Event : 14
3 0 0011000|110|101|010 0x31AA
3 1 0100000|110|110|101 0x41B5
3 2 0100001|100|101|101 0x432D
3 3 0100010|100|101|101 0x452D
3 4 0100011|111|101|101 0x47ED
3 5 0100100|000|101|101 0x482D
3 6 0100101|101|101|110 0x4B6E
5 0 0101001|100|100|000 0x5320
6 0 0010001|110|011|100 0x239C
BX = 110 Event : 15
0 0 0110100|000|110|001 0x6831
2 0 0011000|111|000|111 0x31C7
2 1 0111111|111|011|011 0x7FDB
3 0 0100000|101|001|110 0x414E
4 0 0101100|000|100|100 0x5824
4 1 0101101|101|101|111 0x5B6F
6 0 0001111|000|110|110 0x1E36
6 1 0010000|110|001|110 0x218E
7 0 0010100|101|101|010 0x296A
7 1 0010110|100|001|111 0x2D0F
BX = 111 Event : 16
0 0 0100110|110|101|100 0x4DAC
0 1 0100111|110|111|100 0x4FBC
0 2 0101010|100|101|111 0x552F
1 0 0110000|110|010|011 0x6193
2 0 0011001|000|011|111 0x321F
3 0 0011010|100|110|010 0x3532
3 1 0011110|101|000|111 0x3D47
6 0 0001111|101|000|100 0x1F44
6 1 0010000|101|000|100 0x2144
7 0 0010101|110|011|011 0x2B9B
7 1 0010111|101|011|111 0x2F5F
7 2 0011000|101|011|111 0x315F
BX = 000 Event : 17
2 0 0100011|101|111|011 0x477B
2 1 0100100|000|111|011 0x483B
2 2 0100101|111|111|011 0x4BFB
3 0 0001111|110|011|001 0x1F99
4 0 0000000|000|111|011 0x003B
4 1 0010110|110|101|001 0x2DA9
4 2 0011000|111|001|100 0x31CC
BX = 001 Event : 18
0 0 0100001|000|001|000 0x4208
1 0 0100101|110|101|110 0x4BAE
2 0 0010101|110|011|111 0x2B9F
6 0 0001110|100|110|110 0x1D36
6 1 0001111|100|110|110 0x1F36
7 0 0010010|101|101|101 0x256D
BX = 010 Event : 19
1 0 1010000|101|001|111 0xA14F
2 0 0110100|100|010|111 0x6917
3 0 0010001|100|111|010 0x233A
3 1 0010011|100|111|101 0x273D
3 2 0111011|110|001|010 0x778A
5 0 0011010|111|011|011 0x35DB
5 1 0011011|110|010|011 0x3793
5 2 0011100|100|001|100 0x390C
5 3 1001010|101|001|001 0x9549
7 0 0100111|110|111|000 0x4FB8
7 1 0101011|110|010|100 0x5794
7 2 0101100|100|110|100 0x5934
7 3 0101110|101|111|100 0x5D7C
BX = 011 Event : 20
0 0 0011011|101|001|011 0x374B
0 1 0100000|101|100|101 0x4165
1 0 0100101|111|010|111 0x4BD7
3 0 0010011|110|000|101 0x2785
4 0 0011000|110|010|001 0x3191
BX = 100 Event : 21
0 0 0110010|000|000|000 0x6400
0 1 0110011|101|110|001 0x6771
1 0 0110101|000|001|101 0x6A0D
2 0 0001010|100|111|111 0x153F
2 1 0100011|110|111|111 0x47BF
4 0 0001011|100|110|101 0x1735
4 1 0001100|111|111|110 0x19FE
4 2 0101111|000|001|101 0x5E0D
4 3 0110000|000|010|110 0x6016
5 0 0001101|110|110|100 0x1BB4
5 1 0001110|101|011|100 0x1D5C
6 0 0010100|101|101|011 0x296B
BX = 101 Event : 22
0 0 0110000|101|100|000 0x6160
0 1 0110001|100|100|001 0x6321
0 2 0111000|101|010|110 0x7156
2 0 0000111|110|111|111 0x0FBF
2 1 0010101|111|100|110 0x2BE6
2 2 0010110|101|101|111 0x2D6F
2 3 0111101|110|111|000 0x7BB8
4 0 0011111|000|001|010 0x3E0A
4 1 0101010|000|001|110 0x540E
4 2 0101011|101|010|111 0x5757
4 3 0101100|101|010|111 0x5957
5 0 0001001|100|111|001 0x1339
5 1 0101101|100|011|000 0x5B18
5 2 0101110|101|011|001 0x5D59
7 0 0010010|000|101|101 0x242D
BX = 110 Event : 23
1 0 0011000|000|101|011 0x302B
2 0 0011010|111|011|000 0x35D8
3 0 0001111|110|101|101 0x1FAD
4 0 0010100|000|100|100 0x2824
5 0 0000101|101|110|011 0x0B73
6 0 0001000|101|101|100 0x116C
BX = 111 Event : 24
0 0 0111111|000|110|000 0x7E30
1 0 1000110|000|000|101 0x8C05
1 1 1001000|000|000|110 0x9006
2 0 0011110|000|010|111 0x3C17
2 1 0100000|000|011|111 0x401F
2 2 0100001|000|010|111 0x4217
2 3 0100010|101|001|111 0x454F
2 4 0100011|000|100|111 0x4627
2 5 1001100|110|101|100 0x99AC
3 0 0100111|111|000|001 0x4FC1
3 1 0101000|110|101|011 0x51AB
3 2 0101010|100|101|011 0x552B
3 3 0101101|100|110|110 0x5B36
3 4 0101111|100|101|110 0x5F2E
4 0 0110010|000|110|001 0x6431
4 1 0110011|111|001|010 0x67CA
4 2 0111000|101|100|111 0x7167
4 3 0111001|101|100|111 0x7367
5 0 0111010|101|000|000 0x7540
7 0 0010101|101|111|101 0x2B7D
7 1 0011000|101|011|110 0x315E
7 2 0011010|000|110|111 0x3437
BX = 000 Event : 25
0 0 0100100|110|100|000 0x49A0
1 0 0101010|000|011|110 0x541E
3 0 0011000|101|000|110 0x3146
4 0 0001001|101|111|010 0x137A
6 0 0001101|110|111|000 0x1BB8
BX = 001 Event : 26
0 0 0110010|101|110|011 0x6573
0 1 0110011|100|110|110 0x6736
1 0 0111000|101|100|001 0x7161
1 1 0111011|000|101|011 0x762B
5 0 0001111|110|011|011 0x1F9B
BX = 010 Event : 27
1 0 0011011|100|001|001 0x3709
2 0 0011101|000|010|110 0x3A16
2 1 0011110|100|010|110 0x3D16
3 0 0010011|000|111|110 0x263E
5 0 0011001|111|010|000 0x33D0
BX = 011 Event : 28
0 0 1000000|101|001|010 0x814A
2 0 0001011|100|111|111 0x173F
2 1 1001000|100|110|001 0x9131
3 0 0101111|111|010|011 0x5FD3
5 0 0111110|110|011|001 0x7D99
6 0 0011001|100|111|001 0x3339
6 1 0011011|111|111|010 0x37FA
7 0 0101001|110|000|111 0x5387
BX = 100 Event : 29
0 0 0011000|000|111|010 0x303A
2 0 0001100|000|101|110 0x182E
2 1 0001101|100|101|110 0x1B2E
2 2 0011111|111|000|110 0x3FC6
2 3 0100000|111|110|111 0x41F7
6 0 0001000|110|111|011 0x11BB
7 0 0001010|101|010|110 0x1556
BX = 101 Event : 30
0 0 0110100|000|111|000 0x6838
0 1 0111000|101|101|011 0x716B
2 0 1000000|000|010|100 0x8014
3 0 0001000|110|111|010 0x11BA
3 1 0001001|101|111|011 0x137B
3 2 0100011|111|010|111 0x47D7
4 0 0101000|000|010|010 0x5012
4 1 0101111|110|000|111 0x5F87
5 0 0001111|110|111|011 0x1FBB
5 1 0010010|100|011|110 0x251E
5 2 0110010|110|101|000 0x65A8
7 0 0010111|101|001|000 0x2F48
7 1 0011011|110|101|111 0x37AF
7 2 0011100|000|110|111 0x3837
BX = 110 Event : 31
0 0 0111111|000|001|001 0x7E09
2 0 0011101|101|000|111 0x3B47
3 0 0011111|110|001|000 0x3F88
3 1 0100001|110|011|010 0x439A
3 2 0110000|100|001|111 0x610F
4 0 0001101|101|111|100 0x1B7C
6 0 0010011|101|001|001 0x2749
7 0 0011010|110|011|110 0x359E
BX = 111 Event : 32
1 0 0110000|101|101|101 0x616D
3 0 0000100|000|111|011 0x083B
3 1 0000101|000|111|011 0x0A3B
3 2 0000110|000|111|100 0x0C3C
3 3 0000111|000|111|100 0x0E3C
3 4 0011101|100|100|010 0x3B22
3 5 0011110|110|111|101 0x3DBD
4 0 0001000|101|111|010 0x117A
4 1 0100100|100|010|011 0x4913
6 0 0010001|100|110|110 0x2336
7 0 0011100|100|101|111 0x392F
BX = 000 Event : 33
1 0 0101000|101|111|000 0x5178
2 0 0101111|110|110|011 0x5FB3
4 0 0100000|101|101|100 0x416C
4 1 0100001|101|001|101 0x434D
4 2 0100010|000|010|111 0x4417
5 0 0000111|111|011|100 0x0FDC
5 1 0100100|100|110|000 0x4930
7 0 0001110|000|110|010 0x1C32
7 1 0010000|100|110|011 0x2133
7 2 0010001|000|110|011 0x2233
BX = 001 Event : 34
1 0 1001000|101|010|011 0x9153
2 0 0010110|100|110|111 0x2D37
3 0 0101001|111|100|010 0x53E2
3 1 0101011|100|100|010 0x5722
3 2 0101100|110|111|010 0x59BA
3 3 0101110|000|101|111 0x5C2F
4 0 0111000|110|100|100 0x71A4
6 0 0011100|110|011|010 0x399A
6 1 0011101|110|010|100 0x3B94
BX = 010 Event : 35
0 0 0101001|101|111|011 0x537B
1 0 0101100|101|101|010 0x596A
2 0 0110001|000|111|001 0x6239
3 0 0001110|100|011|011 0x1D1B
3 1 0001111|110|100|100 0x1FA4
3 2 0010000|110|100|100 0x21A4
4 0 0010110|111|100|010 0x2DE2
4 1 0011010|110|101|011 0x35AB
4 2 0011110|100|000|101 0x3D05
4 3 0100000|110|011|101 0x419D
4 4 0100011|101|101|110 0x476E
BX = 011 Event : 36
0 0 0100011|101|001|000 0x4748
0 1 0100101|101|110|001 0x4B71
1 0 0110010|110|010|111 0x6597
4 0 0011111|101|000|001 0x3F41
4 1 0100001|111|010|101 0x43D5
6 0 0010001|101|001|100 0x234C
BX = 100 Event : 37
0 0 0101111|101|110|101 0x5F75
0 1 0110000|110|110|101 0x61B5
3 0 0011101|000|101|010 0x3A2A
3 1 0100010|000|111|100 0x443C
5 0 0001101|101|001|110 0x1B4E
5 1 0001110|000|011|110 0x1C1E
6 0 0010000|111|011|010 0x21DA
6 1 0010001|100|011|010 0x231A
7 0 0010110|100|110|101 0x2D35
BX = 101 Event : 38
1 0 0100110|110|100|001 0x4DA1
2 0 0010010|101|100|110 0x2566
6 0 0000101|101|001|100 0x0B4C
6 1 0000111|000|111|111 0x0E3F
BX = 110 Event : 39
0 0 0011111|100|110|000 0x3F30
0 1 0100010|100|000|100 0x4504
3 0 0010100|111|010|000 0x29D0
3 1 0011000|101|011|111 0x315F
4 0 0000101|110|111|111 0x0BBF
5 0 0000111|111|111|010 0x0FFA
5 1 0001000|111|111|100 0x11FC
BX = 111 Event : 40
2 0 0111110|000|011|110 0x7C1E
3 0 0100110|100|011|001 0x4D19
4 0 0101110|111|110|100 0x5DF4
6 0 0010011|101|011|100 0x275C
7 0 0010101|100|110|000 0x2B30
7 1 0010110|101|110|000 0x2D70
7 2 0011010|110|010|010 0x3592
BX = 000 Event : 41
0 0 0110100|100|001|001 0x6909
0 1 0110101|101|100|100 0x6B64
1 0 0111011|110|001|011 0x778B
1 1 0111100|110|110|110 0x79B6
2 0 0011101|111|000|111 0x3BC7
2 1 1000000|111|100|100 0x81E4
4 0 0101001|110|110|010 0x53B2
4 1 0101010|100|100|010 0x5522
6 0 0001110|100|000|001 0x1D01
7 0 0011000|100|011|010 0x311A
BX = 001 Event : 42
1 0 0100011|000|111|101 0x463D
2 0 0101010|110|011|110 0x559E
2 1 0101100|111|011|110 0x59DE
3 0 0011101|101|110|010 0x3B72
4 0 0001010|000|111|010 0x143A
4 1 0100001|000|010|000 0x4210
4 2 0100010|000|110|010 0x4432
5 0 0001101|111|011|110 0x1BDE
5 1 0001110|000|100|111 0x1C27
7 0 0010001|101|000|100 0x2344
7 1 0010010|101|010|110 0x2556
7 2 0010011|000|110|111 0x2637
7 3 0010100|110|101|111 0x29AF
BX = 010 Event : 43
0 0 0110001|110|000|010 0x6382
1 0 0111000|000|111|101 0x703D
2 0 0111101|100|111|110 0x7B3E
3 0 0100011|101|011|100 0x475C
4 0 0100111|110|110|001 0x4FB1
4 1 0101001|110|001|110 0x538E
4 2 0101010|111|101|110 0x55EE
4 3 0101011|101|010|110 0x5756
5 0 0001111|111|000|110 0x1FC6
5 1 0010001|111|000|111 0x23C7
7 0 0010011|100|101|000 0x2728
7 1 0010110|110|100|100 0x2DA4
BX = 011 Event : 44
0 0 0100110|000|000|010 0x4C02
2 0 0011001|101|101|111 0x336F
6 0 0001100|100|100|001 0x1921
BX = 100 Event : 45
1 0 1000010|100|000|001 0x8501
2 0 0001100|111|110|111 0x19F7
2 1 0101000|101|100|110 0x5166
3 0 0101010|000|001|000 0x5408
3 1 0110100|101|001|111 0x694F
4 0 0110111|000|001|010 0x6E0A
6 0 0010111|111|100|001 0x2FE1
6 1 0011100|000|111|101 0x383D
BX = 101 Event : 46
0 0 0101100|000|111|010 0x583A
1 0 0110010|110|101|101 0x65AD
2 0 0111110|111|011|101 0x7DDD
3 0 0100010|000|110|010 0x4432
3 1 0100011|110|101|010 0x47AA
7 0 0011110|110|100|010 0x3DA2
BX = 110 Event : 47
0 0 0111110|101|110|000 0x7D70
1 0 1000001|101|001|000 0x8348
1 1 1000010|100|001|000 0x8508
1 2 1000100|101|011|001 0x8959
2 0 1001100|100|010|000 0x9910
2 1 1010001|110|001|011 0xA38B
2 2 1010111|000|101|110 0xAE2E
3 0 0100111|110|100|000 0x4FA0
3 1 0101000|100|111|000 0x5138
3 2 0101101|000|010|011 0x5A13
3 3 0101110|000|110|111 0x5C37
4 0 0110011|100|101|010 0x672A
5 0 0111010|100|010|001 0x7511
5 1 0111011|100|010|001 0x7711
6 0 0011011|111|001|011 0x37CB
BX = 111 Event : 48
0 0 0101100|000|111|001 0x5839
0 1 0101101|000|111|100 0x5A3C
0 2 0110000|000|101|111 0x602F
4 0 0001001|000|110|010 0x1232
4 1 0001010|100|110|010 0x1532
6 0 0010011|101|110|010 0x2772
6 1 0010101|111|010|010 0x2BD2
BX = 000 Event : 49
0 0 0110110|101|111|000 0x6D78
0 1 0110111|101|111|000 0x6F78
2 0 0010110|101|000|111 0x2D47
2 1 0010111|101|000|111 0x2F47
3 0 0011010|101|000|001 0x3541
3 1 0011011|000|001|010 0x360A
3 2 0011110|101|001|110 0x3D4E
3 3 0011111|101|010|110 0x3F56
3 4 0100000|111|110|111 0x41F7
3 5 0100011|110|101|111 0x47AF
4 0 0000101|111|111|010 0x0BFA
4 1 0100100|101|000|000 0x4940
5 0 0000111|110|110|100 0x0FB4
6 0 0001111|110|000|110 0x1F86
BX = 001 Event : 50
0 0 0101110|101|101|011 0x5D6B
0 1 0101111|100|101|011 0x5F2B
2 0 0110100|100|001|110 0x690E
4 0 0000100|111|111|000 0x09F8
5 0 0000110|111|001|001 0x0DC9
6 0 0001111|000|100|100 0x1E24
BX = 010 Event : 51
0 0 0101101|100|010|011 0x5B13
3 0 0001010|101|111|110 0x157E
4 0 0100101|101|000|101 0x4B45
4 1 0101000|110|000|111 0x5187
5 0 0010010|101|101|101 0x256D
5 1 0101010|100|001|001 0x5509
BX = 011 Event : 52
1 0 0110001|111|100|110 0x63E6
1 1 0110010|100|100|110 0x6526
1 2 0110011|110|111|101 0x67BD
2 0 0011100|110|100|110 0x39A6
2 1 0110110|111|110|101 0x6DF5
7 0 0010100|110|001|011 0x298B
7 1 0010110|110|000|011 0x2D83
BX = 100 Event : 53
1 0 0111000|000|101|001 0x7029
1 1 0111010|100|101|001 0x7529
1 2 0111100|101|011|001 0x7959
1 3 0111111|101|001|010 0x7F4A
1 4 1000000|100|000|011 0x8103
1 5 1000001|110|011|011 0x839B
3 0 0001000|100|111|101 0x113D
5 0 0001001|100|110|000 0x1330
5 1 0001011|000|110|001 0x1631
5 2 0001101|101|000|010 0x1B42
5 3 0010001|100|101|110 0x232E
5 4 0110000|101|101|000 0x6168
5 5 0110001|000|110|000 0x6230
6 0 0010100|111|110|100 0x29F4
6 1 0010101|101|101|101 0x2B6D
7 0 0011011|100|111|111 0x373F
BX = 101 Event : 54
3 0 0010010|110|001|011 0x258B
3 1 0010011|111|001|011 0x27CB
3 2 0011001|000|101|111 0x322F
4 0 0011010|110|100|000 0x35A0
4 1 0100000|100|010|101 0x4115
7 0 0001010|110|111|001 0x15B9
BX = 110 Event : 55
0 0 0110101|100|100|000 0x6B20
1 0 0111101|101|001|001 0x7B49
1 1 0111110|100|001|001 0x7D09
2 0 0001010|000|111|111 0x143F
2 1 0011100|000|111|111 0x383F
2 2 1000100|110|111|000 0x89B8
2 3 1000110|111|100|011 0x8DE3
2 4 1001000|110|000|101 0x9185
2 5 1001010|101|001|110 0x954E
3 0 0011110|110|011|100 0x3D9C
3 1 0011111|111|001|100 0x3FCC
4 0 0100101|101|010|000 0x4B50
4 1 0101101|111|110|100 0x5BF4
5 0 0001100|110|001|010 0x198A
6 0 0010101|110|111|111 0x2BBF
6 1 0010111|110|111|111 0x2FBF
7 0 0011001|100|000|110 0x3306
7 1 0011011|100|001|111 0x370F
BX = 111 Event : 56
0 0 0110110|101|111|000 0x6D78
0 1 0110111|110|111|000 0x6FB8
1 0 0111110|100|110|010 0x7D32
1 1 0111111|100|100|111 0x7F27
2 0 1000000|110|110|000 0x81B0
3 0 0001100|000|110|001 0x1831
4 0 0001101|000|111|001 0x1A39
4 1 0110010|101|110|100 0x6574
5 0 0001111|101|111|010 0x1F7A
5 1 0010111|100|110|110 0x2F36
6 0 0011111|110|000|100 0x3F84
7 0 0100010|110|011|010 0x459A
7 1 0100011|100|111|101 0x473D
7 2 0100100|101|111|110 0x497E
7 3 0100111|100|110|110 0x4F36
BX = 000 Event : 57
0 0 1000001|110|001|010 0x838A
1 0 1000101|110|110|000 0x8BB0
2 0 1001010|000|111|011 0x943B
3 0 0101101|100|110|101 0x5B35
3 1 0101110|110|010|111 0x5D97
4 0 0010000|110|111|011 0x21BB
4 1 0110000|000|000|001 0x6001
4 2 0111000|100|101|101 0x712D
5 0 0010010|110|110|011 0x25B3
5 1 0010011|100|110|011 0x2733
6 0 0011111|000|101|011 0x3E2B
6 1 0100011|110|110|111 0x47B7
7 0 0100101|110|110|000 0x4BB0
BX = 001 Event : 58
0 0 0011101|101|011|000 0x3B58
2 0 0100111|100|010|100 0x4F14
3 0 0001100|110|111|001 0x19B9
4 0 0011000|110|000|001 0x3181
4 1 0011001|100|001|101 0x330D
4 2 0011010|100|010|110 0x3516
BX = 010 Event : 59
0 0 0110010|100|101|001 0x6529
0 1 0110011|101|101|001 0x6769
0 2 0110111|101|001|111 0x6F4F
1 0 0111000|101|110|000 0x7170
2 0 1000000|100|101|011 0x812B
2 1 1000010|111|100|100 0x85E4
3 0 0010111|101|000|000 0x2F40
3 1 0011011|100|001|000 0x3708
3 2 0011100|101|111|000 0x3978
4 0 0000011|100|111|101 0x073D
4 1 0100000|101|110|000 0x4170
4 2 0100001|000|000|000 0x4200
4 3 0100111|100|101|100 0x4F2C
4 4 0101000|000|111|100 0x503C
4 5 0101001|000|110|101 0x5235
4 6 0101010|111|100|101 0x55E5
4 7 0101011|111|100|101 0x57E5
4 8 0101100|110|100|101 0x59A5
4 9 0101101|100|101|110 0x5B2E
4 a 0101111|100|011|111 0x5F1F
6 0 0001111|101|000|111 0x1F47
BX = 011 Event : 60
0 0 0101000|110|100|111 0x51A7
2 0 0110011|101|010|001 0x6751
3 0 0011010|101|000|010 0x3542
4 0 0100010|110|101|100 0x45AC
6 0 0001110|100|011|000 0x1D18
7 0 0011000|100|000|010 0x3102
BX = 100 Event : 61
0 0 0110011|101|010|010 0x6752
3 0 0100001|101|101|100 0x436C
4 0 0101000|000|100|011 0x5023
4 1 0101001|101|001|011 0x534B
4 2 0101011|100|011|100 0x571C
4 3 0101100|100|001|100 0x590C
4 4 0101110|100|100|110 0x5D26
5 0 0001011|101|011|110 0x175E
7 0 0010111|101|000|010 0x2F42
7 1 0011010|101|110|100 0x3574
BX = 101 Event : 62
1 0 1000001|110|110|001 0x83B1
1 1 1000110|000|010|101 0x8C15
3 0 0100110|100|010|001 0x4D11
3 1 0101010|100|011|111 0x551F
5 0 0001100|110|001|101 0x198D
6 0 0010010|110|100|000 0x25A0
6 1 0010111|101|000|100 0x2F44
7 0 0100011|000|011|111 0x461F
BX = 110 Event : 63
0 0 0010100|101|000|010 0x2942
2 0 0011111|101|101|000 0x3F68
3 0 0001001|000|001|011 0x120B
3 1 0001100|100|110|110 0x1936
3 2 0001101|110|101|110 0x1BAE
4 0 0010001|100|101|110 0x232E
BX = 111 Event : 64
0 0 0110100|110|100|010 0x69A2
0 1 0110101|100|000|111 0x6B07
1 0 0111010|100|111|111 0x753F
2 0 0011001|101|000|111 0x3347
3 0 0011010|110|100|000 0x35A0
4 0 0100110|100|111|000 0x4D38
4 1 0100111|000|100|000 0x4E20
4 2 0101000|101|100|001 0x5161
4 3 0101010|000|011|001 0x5419
4 4 0101011|111|011|100 0x57DC
5 0 0001100|110|101|001 0x19A9
5 1 0001111|110|110|101 0x1FB5
5 2 0010000|100|110|101 0x2135
5 3 0110000|000|101|001 0x6029
7 0 0010101|101|101|011 0x2B6B
BX = 000 Event : 65
3 0 0001110|100|100|000 0x1D20
6 0 0000101|111|011|001 0x0BD9
7 0 0001001|100|111|000 0x1338
BX = 001 Event : 66
0 0 0101011|101|100|000 0x5760
0 1 0101110|101|100|011 0x5D63
1 0 0110001|111|001|011 0x63CB
2 0 0110101|110|010|010 0x6B92
2 1 0110110|100|010|100 0x6D14
3 0 0001000|101|111|101 0x117D
3 1 0011000|000|001|010 0x300A
3 2 0011010|110|000|010 0x3582
3 3 0011100|110|101|011 0x39AB
3 4 0011101|101|001|100 0x3B4C
3 5 0011110|110|001|100 0x3D8C
4 0 0001001|100|110|100 0x1334
4 1 0100111|110|101|010 0x4FAA
5 0 0001100|101|111|011 0x197B
BX = 010 Event : 67
2 0 0100001|111|000|110 0x43C6
3 0 0000111|000|110|101 0x0E35
3 1 0100101|100|110|101 0x4B35
3 2 0101010|110|010|110 0x5596
3 3 0101100|111|001|111 0x59CF
3 4 0101101|101|110|111 0x5B77
3 5 0110010|100|001|111 0x650F
4 0 0001010|000|110|011 0x1433
4 1 0110100|100|001|000 0x6908
4 2 0110111|101|011|001 0x6F59
4 3 0111000|101|011|001 0x7159
6 0 0010010|000|101|000 0x2428
6 1 0010011|101|101|001 0x2769
6 2 0011000|101|100|011 0x3163
6 3 0011100|100|111|111 0x393F
7 0 0011110|000|110|000 0x3C30
BX = 011 Event : 68
0 0 0110000|110|000|010 0x6182
3 0 0010111|100|000|011 0x2F03
3 1 0011100|110|101|101 0x39AD
3 2 0011111|100|001|101 0x3F0D
3 3 0100001|100|000|110 0x4306
4 0 0100011|100|100|010 0x4722
4 1 0100101|111|011|010 0x4BDA
4 2 0100111|101|011|010 0x4F5A
4 3 0101010|110|000|011 0x5583
4 4 0101011|100|101|100 0x572C
5 0 0000101|000|000|011 0x0A03
BX = 100 Event : 69
1 0 1000100|000|101|101 0x882D
2 0 1001001|101|011|001 0x9359
2 1 1001011|111|100|101 0x97E5
2 2 1001100|110|001|101 0x998D
3 0 0011011|101|111|100 0x377C
4 0 0000101|110|110|001 0x0BB1
4 1 0101000|000|111|001 0x5039
4 2 0101011|101|010|010 0x5752
4 3 0110000|100|010|110 0x6116
5 0 0110110|101|001|000 0x6D48
5 1 0111000|110|000|001 0x7181
6 0 0010001|100|010|000 0x2310
BX = 101 Event : 70
0 0 0110001|100|111|011 0x633B
2 0 0111000|111|100|010 0x71E2
2 1 0111010|110|011|101 0x759D
3 0 0000110|000|111|111 0x0C3F
3 1 0011111|000|110|110 0x3E36
3 2 0100001|100|100|110 0x4326
3 3 0100011|000|001|110 0x460E
4 0 0100110|100|101|000 0x4D28
4 1 0101000|101|001|010 0x514A
4 2 0101010|110|100|010 0x55A2
5 0 0001101|111|001|111 0x1BCF
5 1 0101110|100|111|000 0x5D38
5 2 0101111|000|101|000 0x5E28
6 0 0001110|100|100|001 0x1D21
6 1 0001111|000|110|110 0x1E36
7 0 0010001|101|010|100 0x2354
7 1 0010100|110|010|111 0x2997
BX = 110 Event : 71
0 0 0100111|110|111|100 0x4FBC
1 0 0101101|101|001|110 0x5B4E
3 0 0000110|110|111|010 0x0DBA
3 1 0011001|110|010|010 0x3392
3 2 0011011|110|101|110 0x37AE
4 0 0001000|100|111|110 0x113E
4 1 0001001|100|111|110 0x133E
4 2 0100000|000|000|100 0x4004
4 3 0100001|110|000|100 0x4384
5 0 0100101|000|000|000 0x4A00
7 0 0001111|110|111|000 0x1FB8
7 1 0010000|101|111|000 0x2178
7 2 0010001|110|011|010 0x239A
BX = 111 Event : 72
0 0 0111110|100|010|000 0x7D10
2 0 1001010|101|100|001 0x9561
3 0 0101000|101|001|100 0x514C
6 0 0010011|101|100|101 0x2765
6 1 0010100|100|001|101 0x290D
6 2 0010101|000|001|111 0x2A0F
7 0 0011011|110|111|110 0x37BE
BX = 000 Event : 73
2 0 0100011|000|111|111 0x463F
2 1 0100100|110|101|111 0x49AF
3 0 0100101|000|110|000 0x4A30
3 1 0100110|101|001|001 0x4D49
3 2 0101001|101|100|101 0x5365
4 0 0101110|100|011|001 0x5D19
5 0 0111000|000|000|000 0x7000
7 0 0011111|101|111|110 0x3F7E
7 1 0100001|101|111|111 0x437F
BX = 001 Event : 74
0 0 0100101|100|010|111 0x4B17
1 0 0101000|110|100|000 0x51A0
1 1 0101010|100|011|110 0x551E
2 0 0110001|111|010|110 0x63D6
4 0 0011011|110|101|000 0x37A8
4 1 0011101|100|110|001 0x3B31
5 0 0000101|100|000|001 0x0B01
6 0 0001111|100|000|001 0x1F01
6 1 0010000|100|101|001 0x2129
6 2 0010001|110|110|100 0x23B4
7 0 0010111|110|011|110 0x2F9E
7 1 0011000|101|001|111 0x314F
BX = 010 Event : 75
0 0 0101111|100|110|011 0x5F33
3 0 0011010|101|101|100 0x356C
3 1 0011101|111|101|111 0x3BEF
4 0 0001100|100|110|110 0x1936
4 1 0001101|000|110|110 0x1A36
5 0 0001110|100|111|000 0x1D38
7 0 0010100|110|000|000 0x2980
BX = 011 Event : 76
0 0 0110110|101|001|010 0x6D4A
2 0 0010010|000|100|110 0x2426
2 1 0010011|101|110|111 0x2777
2 2 0111110|110|110|100 0x7DB4
2 3 0111111|111|000|100 0x7FC4
3 0 0011000|110|011|100 0x319C
3 1 0011100|110|000|110 0x3986
3 2 0011110|000|100|110 0x3C26
3 3 0011111|100|000|110 0x3F06
3 4 0100001|000|101|110 0x422E
3 5 0100011|000|001|111 0x460F
3 6 0100110|100|001|111 0x4D0F
3 7 0101001|101|001|111 0x534F
4 0 0101110|110|010|010 0x5D92
6 0 0010000|000|101|111 0x202F
BX = 100 Event : 77
0 0 0101110|000|011|000 0x5C18
2 0 0011110|110|001|110 0x3D8E
2 1 0110111|111|001|110 0x6FCE
4 0 0100111|100|000|100 0x4F04
7 0 0010110|100|101|011 0x2D2B
7 1 0011001|101|011|101 0x335D
BX = 101 Event : 78
1 0 0011111|110|110|001 0x3FB1
BX = 110 Event : 79
4 0 0000111|110|111|011 0x0FBB
4 1 0001000|110|111|011 0x11BB
5 0 0100001|100|001|001 0x4309
BX = 111 Event : 80
0 0 0111110|101|101|010 0x7D6A
3 0 0101101|101|111|101 0x5B7D
3 1 0101111|111|110|111 0x5FF7
4 0 0110000|100|100|000 0x6120
4 1 0110001|100|100|000 0x6320
5 0 0001011|101|010|000 0x1750
5 1 0001101|101|011|011 0x1B5B
5 2 0001111|100|110|110 0x1F36
5 3 0110110|110|010|000 0x6D90
6 0 0010110|000|111|000 0x2C38
BX = 000 Event : 81
2 0 0110101|100|011|101 0x6B1D
3 0 0001100|000|111|010 0x183A
3 1 0100010|111|110|100 0x45F4
4 0 0100110|110|001|101 0x4D8D
5 0 0001101|110|001|000 0x1B88
5 1 0001111|101|111|010 0x1F7A
5 2 0010000|111|101|011 0x21EB
7 0 0010110|110|110|001 0x2DB1
7 1 0011001|000|100|110 0x3226
BX = 001 Event : 82
0 0 0011100|000|110|111 0x3837
1 0 0100000|111|001|100 0x41CC
4 0 0010010|110|101|011 0x25AB
7 0 0000111|101|010|000 0x0F50
BX = 010 Event : 83
2 0 0111110|000|000|011 0x7C03
3 0 0101011|000|001|010 0x560A
3 1 0101100|110|100|010 0x59A2
4 0 0010000|101|110|111 0x2177
6 0 0010101|111|100|100 0x2BE4
BX = 011 Event : 84
2 0 0100001|000|000|111 0x4207
3 0 0101010|111|011|101 0x55DD
5 0 0010001|000|111|010 0x223A
5 1 0110110|110|011|000 0x6D98
7 0 0011011|000|100|000 0x3620
7 1 0011111|110|110|111 0x3FB7
7 2 0100000|100|110|111 0x4137
BX = 100 Event : 85
1 0 0111110|110|000|001 0x7D81
1 1 1000010|100|011|111 0x851F
2 0 0011100|100|111|111 0x393F
2 1 1000110|111|000|011 0x8DC3
3 0 0000010|101|111|101 0x057D
3 1 0011101|111|010|000 0x3BD0
3 2 0100011|100|100|100 0x4724
4 0 0100111|100|011|000 0x4F18
4 1 0110000|000|100|100 0x6024
6 0 0001110|100|110|101 0x1D35
BX = 101 Event : 86
0 0 0100001|110|000|100 0x4384
0 1 0100010|110|000|100 0x4584
0 2 0100100|110|110|100 0x49B4
0 3 0100101|100|011|110 0x4B1E
1 0 0101001|101|110|011 0x5373
3 0 0010110|100|010|100 0x2D14
3 1 0011001|110|000|111 0x3387
3 2 0011010|101|001|111 0x354F
4 0 0000111|101|111|110 0x0F7E
4 1 0001000|110|111|110 0x11BE
4 2 0011011|100|010|001 0x3711
7 0 0010000|000|111|011 0x203B
BX = 110 Event : 87
0 0 0101101|101|101|000 0x5B68
0 1 0110100|101|011|111 0x695F
1 0 0111000|110|011|101 0x719D
2 0 0111011|000|101|001 0x7629
3 0 0001101|101|110|101 0x1B75
7 0 0011010|110|000|010 0x3582
BX = 111 Event : 88
1 0 0110101|101|011|101 0x6B5D
2 0 0010010|101|011|111 0x255F
3 0 0010101|111|011|010 0x2BDA
3 1 0011010|101|011|110 0x355E
BX = 000 Event : 89
3 0 0011000|111|110|000 0x31F0
4 0 0100001|000|111|010 0x423A
4 1 0100011|110|110|011 0x47B3
5 0 0101100|110|010|000 0x5990
BX = 001 Event : 90
0 0 0101111|101|101|101 0x5F6D
0 1 0110010|100|111|111 0x653F
1 0 0110011|101|111|010 0x677A
2 0 0111001|101|100|000 0x7360
2 1 1000000|100|010|100 0x8114
4 0 0011111|000|001|011 0x3E0B
4 1 0100110|101|001|101 0x4D4D
4 2 0100111|110|100|110 0x4FA6
4 3 0101000|101|000|110 0x5146
4 4 0101001|101|000|111 0x5347
4 5 0101011|101|110|110 0x5776
6 0 0001111|110|011|010 0x1F9A
6 1 0010000|100|100|011 0x2123
BX = 010 Event : 91
3 0 0001001|110|111|111 0x13BF
4 0 0100001|100|011|001 0x4319
4 1 0100011|100|110|111 0x4737
5 0 0010010|101|011|111 0x255F
7 0 0010101|101|001|010 0x2B4A
BX = 011 Event : 92
1 0 0111011|101|011|101 0x775D
2 0 0010011|101|011|111 0x275F
2 1 0010100|111|010|111 0x29D7
3 0 0010111|111|011|010 0x2FDA
3 1 0011101|101|011|110 0x3B5E
3 2 0011110|101|101|110 0x3D6E
4 0 0101010|000|001|101 0x540D
BX = 100 Event : 93
0 0 0100000|101|010|001 0x4151
0 1 0100010|100|101|010 0x452A
1 0 0100110|110|010|000 0x4D90
2 0 0101100|111|110|011 0x59F3
2 1 0101110|111|000|110 0x5DC6
4 0 0011011|000|010|110 0x3616
6 0 0000111|110|000|000 0x0F80
6 1 0001010|100|110|110 0x1536
7 0 0001011|110|110|100 0x17B4
BX = 101 Event : 94
0 0 0111000|101|110|111 0x7177
0 1 0111001|100|111|111 0x733F
1 0 0111010|101|111|010 0x757A
1 1 0111111|100|110|100 0x7F34
2 0 1000011|101|100|000 0x8760
2 1 1001111|100|010|100 0x9F14
4 0 0100010|000|001|011 0x440B
4 1 0100110|000|000|101 0x4C05
4 2 0101010|101|001|101 0x554D
4 3 0101011|110|100|110 0x57A6
4 4 0101110|101|000|110 0x5D46
4 5 0101111|101|000|111 0x5F47
4 6 0110001|101|110|110 0x6376
6 0 0001110|100|100|011 0x1D23
7 0 0010101|101|111|001 0x2B79
BX = 110 Event : 95
0 0 0111100|101|001|010 0x794A
2 0 1000010|000|010|001 0x8411
3 0 0011100|110|011|100 0x399C
3 1 0011110|110|000|110 0x3D86
3 2 0100000|000|100|110 0x4026
3 3 0100001|100|000|110 0x4306
3 4 0100011|000|101|110 0x462E
3 5 0100101|000|001|111 0x4A0F
3 6 0101000|100|001|111 0x510F
3 7 0101010|101|001|111 0x554F
4 0 0110001|110|010|010 0x6392
4 1 0110010|000|100|010 0x6422
6 0 0010100|000|101|111 0x282F
BX = 111 Event : 96
1 0 0101111|101|011|110 0x5F5E
2 0 0010111|111|110|111 0x2FF7
3 0 0011000|110|000|100 0x3184
4 0 0001010|000|110|111 0x1437
4 1 0001011|000|110|111 0x1637
4 2 0011011|101|010|000 0x3750
4 3 0011111|110|101|011 0x3FAB
6 0 0001110|000|101|100 0x1C2C
6 1 0001111|000|101|100 0x1E2C
7 0 0010110|100|011|101 0x2D1D
BX = 000 Event : 97
1 0 0100111|110|110|001 0x4FB1
BX = 001 Event : 98
1 0 1000100|000|111|001 0x8839
3 0 0001101|111|111|010 0x1BFA
3 1 0011100|000|110|001 0x3831
3 2 0100110|100|010|100 0x4D14
4 0 0110010|101|011|010 0x655A
6 0 0010100|000|111|000 0x2838
BX = 010 Event : 99
1 0 0110110|100|011|111 0x6D1F
2 0 0011100|000|011|111 0x381F
3 0 0000010|101|111|110 0x057E
3 1 0100101|100|100|011 0x4B23
3 2 0100110|101|100|101 0x4D65
4 0 0101010|101|100|000 0x5560
5 0 0000111|110|011|011 0x0F9B
7 0 0011000|000|100|101 0x3025
BX = 011 Event : 100
6 0 0010110|100|111|100 0x2D3C
