BX = 000 Event : 1
0 0 0001011|100|010|010 0x1712
1 0 0010100|110|100|010 0x29A2
1 1 0010101|000|000|101 0x2A05
3 0 0011011|101|111|000 0x3778
4 0 0101000|000|011|100 0x501C
4 1 0101100|101|101|110 0x596E
5 0 0110011|101|111|100 0x677C
5 1 0110110|101|000|010 0x6D42
7 0 1001011|111|101|101 0x97ED
BX = 001 Event : 2
0 0 0001011|101|100|110 0x1766
0 1 0001100|101|100|101 0x1965
0 2 0001110|000|101|101 0x1C2D
0 3 0010100|101|100|111 0x2967
1 0 0010110|101|001|100 0x2D4C
1 1 0011010|110|001|100 0x358C
4 0 0110011|000|011|001 0x6619
4 1 0110101|100|011|001 0x6B19
4 2 0110111|101|100|110 0x6F66
4 3 0111000|101|001|101 0x714D
5 0 0111100|000|011|010 0x781A
5 1 1000001|101|100|000 0x8360
5 2 1001000|101|010|110 0x9156
5 3 1001011|000|101|101 0x962D
6 0 1010000|100|011|110 0xA11E
BX = 010 Event : 3
0 0 0001110|000|011|100 0x1C1C
0 1 0010101|101|110|110 0x2B76
0 2 0011100|101|110|111 0x3977
1 0 0011110|000|111|010 0x3C3A
1 1 0100010|110|001|110 0x458E
4 0 0110111|000|100|001 0x6E21
4 1 0111000|000|010|001 0x7011
4 2 0111011|100|111|100 0x773C
5 0 1000111|110|111|100 0x8FBC
5 1 1001000|101|101|010 0x916A
5 2 1001001|110|100|111 0x93A7
BX = 011 Event : 4
1 0 0000110|100|010|000 0x0D10
5 0 0100101|110|111|100 0x4BBC
5 1 0101100|101|111|111 0x597F
BX = 100 Event : 5
0 0 0000011|100|110|001 0x0731
0 1 0001000|100|110|100 0x1134
1 0 0001101|100|111|010 0x1B3A
2 0 0010001|101|110|010 0x2372
2 1 0010011|101|111|011 0x277B
4 0 0100000|000|100|001 0x4021
4 1 0100101|110|001|110 0x4B8E
4 2 0101010|110|101|101 0x55AD
4 3 0101100|000|101|100 0x582C
4 4 0110000|101|100|111 0x6167
5 0 0110010|000|001|100 0x640C
5 1 0110101|110|001|111 0x6B8F
6 0 0111001|000|111|000 0x7238
BX = 101 Event : 6
1 0 0010011|101|011|000 0x2758
1 1 0011011|100|100|011 0x3723
1 2 0100011|100|101|101 0x472D
1 3 0100111|100|101|101 0x4F2D
2 0 0101001|101|011|000 0x5358
4 0 0111101|101|000|110 0x7B46
BX = 110 Event : 7
0 0 0001110|000|000|010 0x1C02
0 1 0010100|100|100|100 0x2924
2 0 0100001|100|010|011 0x4313
2 1 0100110|000|001|100 0x4C0C
2 2 0101000|100|010|011 0x5113
4 0 0111111|000|110|011 0x7E33
4 1 1000000|000|001|011 0x800B
4 2 1000001|100|110|011 0x8333
4 3 1000100|100|111|100 0x893C
4 4 1000101|101|010|100 0x8B54
7 0 1011100|110|110|000 0xB9B0
BX = 111 Event : 8
0 0 0001100|000|000|011 0x1803
1 0 0010110|101|101|101 0x2D6D
1 1 0011011|101|011|010 0x375A
2 0 0011110|110|100|000 0x3DA0
2 1 0100000|110|011|000 0x4198
5 0 1000011|100|111|000 0x8738
5 1 1001001|000|111|110 0x923E
BX = 000 Event : 9
0 0 0000111|000|000|100 0x0E04
1 0 0001110|000|010|000 0x1C10
1 1 0010010|101|000|101 0x2545
1 2 0010111|101|111|110 0x2F7E
4 0 0101101|100|110|110 0x5B36
4 1 0101110|101|011|110 0x5D5E
5 0 0110011|100|100|100 0x6724
6 0 0111101|000|101|110 0x7A2E
BX = 001 Event : 10
1 0 0010000|000|101|000 0x2028
1 1 0010011|101|110|010 0x2772
1 2 0010100|110|011|010 0x299A
1 3 0010101|101|111|010 0x2B7A
2 0 0100010|110|111|100 0x45BC
4 0 0101011|000|010|011 0x5613
4 1 0101100|000|010|010 0x5812
6 0 1000001|100|001|000 0x8308
BX = 010 Event : 11
0 0 0001011|100|011|001 0x1719
0 1 0001110|101|111|101 0x1D7D
0 2 0001111|000|001|100 0x1E0C
0 3 0010010|101|010|100 0x2554
1 0 0011100|101|000|100 0x3944
4 0 0101010|000|001|001 0x5409
4 1 0101011|100|011|001 0x5719
5 0 0111010|100|000|110 0x7506
7 0 1000011|000|010|001 0x8611
BX = 011 Event : 12
0 0 0001000|000|010|011 0x1013
0 1 0001101|000|000|100 0x1A04
1 0 0010011|100|100|100 0x2724
1 1 0010101|110|101|100 0x2BAC
1 2 0011011|101|101|100 0x376C
1 3 0011101|100|101|101 0x3B2D
2 0 0100001|100|011|011 0x431B
2 1 0100010|110|011|011 0x459B
2 2 0100011|100|001|011 0x470B
4 0 0111000|100|101|100 0x712C
4 1 1000011|000|101|100 0x862C
5 0 1001011|000|001|010 0x960A
5 1 1001110|101|101|110 0x9D6E
5 2 1010001|101|101|110 0xA36E
6 0 1010101|100|000|000 0xAB00
6 1 1011000|100|010|111 0xB117
BX = 100 Event : 13
2 0 0011101|110|011|110 0x3B9E
3 0 0100000|110|001|010 0x418A
4 0 0101000|000|000|100 0x5004
5 0 0101100|100|101|000 0x5928
BX = 101 Event : 14
0 0 0001000|100|011|011 0x111B
0 1 0001111|000|011|100 0x1E1C
2 0 0011110|101|011|010 0x3D5A
4 0 0110001|100|110|011 0x6333
5 0 0111010|101|001|000 0x7548
5 1 1000000|110|100|111 0x81A7
6 0 1000111|100|001|101 0x8F0D
BX = 110 Event : 15
1 0 0010011|101|011|000 0x2758
1 1 0010101|100|011|000 0x2B18
1 2 0011000|101|001|010 0x314A
1 3 0011010|101|100|101 0x3565
2 0 0011100|000|010|100 0x3814
4 0 0101101|100|001|011 0x5B0B
4 1 0101111|000|011|010 0x5E1A
4 2 0110001|000|101|001 0x6229
4 3 0110010|101|001|110 0x654E
4 4 0111001|000|001|111 0x720F
5 0 0111100|110|001|010 0x798A
7 0 1000111|111|001|100 0x8FCC
BX = 111 Event : 16
0 0 0001000|100|111|001 0x1139
1 0 0010000|110|000|011 0x2183
1 1 0010011|100|100|010 0x2722
1 2 0010100|110|001|101 0x298D
2 0 0011100|000|000|110 0x3806
4 0 0100111|100|110|011 0x4F33
4 1 0110101|100|010|110 0x6B16
6 0 0111100|111|010|110 0x79D6
BX = 000 Event : 17
0 0 0001011|000|000|010 0x1602
0 1 0001100|100|011|001 0x1919
0 2 0010111|100|100|111 0x2F27
1 0 0011101|101|101|010 0x3B6A
2 0 0100000|101|110|101 0x4175
3 0 0100100|110|111|110 0x49BE
4 0 0110101|101|000|110 0x6B46
BX = 001 Event : 18
0 0 0001010|100|000|001 0x1501
0 1 0001110|000|100|110 0x1C26
0 2 0010000|100|100|110 0x2126
0 3 0010011|101|011|100 0x275C
1 0 0011110|000|100|110 0x3C26
4 0 0101111|101|010|101 0x5F55
5 0 0110110|000|010|001 0x6C11
5 1 0111011|110|000|011 0x7783
5 2 0111100|000|010|110 0x7816
5 3 0111110|000|011|110 0x7C1E
6 0 1000010|110|100|001 0x85A1
7 0 1000101|110|110|000 0x8BB0
BX = 010 Event : 19
0 0 0001100|101|000|110 0x1946
1 0 0011011|110|011|010 0x379A
2 0 0100001|101|001|000 0x4348
3 0 0100111|110|000|110 0x4F86
4 0 0110110|101|011|111 0x6D5F
5 0 0111100|101|000|111 0x7947
7 0 0111110|000|101|000 0x7C28
BX = 011 Event : 20
0 0 0010010|000|101|011 0x242B
3 0 0101010|111|010|100 0x55D4
5 0 0111001|101|001|001 0x7349
5 1 0111111|100|011|111 0x7F1F
6 0 1000110|101|111|010 0x8D7A
7 0 1001101|110|101|101 0x9BAD
BX = 100 Event : 21
0 0 0000111|100|011|010 0x0F1A
0 1 0001010|000|001|101 0x140D
0 2 0010010|101|000|111 0x2547
1 0 0010011|101|110|100 0x2774
1 1 0010100|000|110|100 0x2834
1 2 0010101|110|100|100 0x2BA4
1 3 0010110|110|111|100 0x2DBC
1 4 0011000|100|010|100 0x3114
4 0 0100111|101|000|110 0x4F46
4 1 0101011|110|010|100 0x5794
6 0 0111001|101|011|000 0x7358
BX = 101 Event : 22
0 0 0000110|100|100|011 0x0D23
1 0 0001110|101|110|001 0x1D71
1 1 0010101|101|101|010 0x2B6A
2 0 0011001|101|101|000 0x3368
2 1 0011010|000|001|000 0x3408
4 0 0101000|100|110|100 0x5134
4 1 0101001|000|010|010 0x5212
4 2 0101011|000|011|001 0x5619
4 3 0110000|100|110|100 0x6134
BX = 110 Event : 23
0 0 0010001|100|001|100 0x230C
0 1 0010010|101|010|100 0x2554
1 0 0010110|101|010|010 0x2D52
2 0 0100000|000|010|101 0x4015
4 0 0100111|100|010|100 0x4F14
4 1 0101110|101|101|101 0x5D6D
5 0 0110001|101|101|001 0x6369
5 1 0110101|101|011|100 0x6B5C
5 2 0110110|110|011|100 0x6D9C
BX = 111 Event : 24
2 0 0100001|000|101|011 0x422B
4 0 0111101|101|010|111 0x7B57
5 0 0111111|101|011|100 0x7F5C
5 1 1000000|100|011|100 0x811C
5 2 1000011|100|111|111 0x873F
5 3 1000100|100|111|111 0x893F
7 0 1000111|100|010|000 0x8F10
BX = 000 Event : 25
4 0 0100111|101|110|101 0x4F75
4 1 0101000|000|001|101 0x500D
4 2 0101111|000|110|110 0x5E36
BX = 001 Event : 26
0 0 0001110|101|100|110 0x1D66
0 1 0001111|100|100|100 0x1F24
1 0 0011000|000|000|101 0x3005
2 0 0011100|110|001|111 0x398F
4 0 0110000|100|010|110 0x6116
5 0 0111010|100|001|100 0x750C
5 1 0111110|000|000|111 0x7C07
5 2 1000000|000|111|110 0x803E
5 3 1000010|100|111|101 0x853D
5 4 1000101|101|001|100 0x8B4C
6 0 1001101|110|110|110 0x9BB6
7 0 1001111|110|101|010 0x9FAA
BX = 010 Event : 27
0 0 0001101|100|011|010 0x1B1A
0 1 0010000|100|101|110 0x212E
4 0 0111101|100|000|100 0x7B04
5 0 1000110|101|011|100 0x8D5C
5 1 1000111|100|011|010 0x8F1A
5 2 1001001|110|011|100 0x939C
BX = 011 Event : 28
0 0 0000110|000|111|100 0x0C3C
0 1 0000111|000|010|011 0x0E13
0 2 0001011|101|100|110 0x1766
0 3 0001100|000|010|110 0x1816
0 4 0001111|101|100|100 0x1F64
3 0 0100010|100|001|011 0x450B
4 0 0101001|101|011|110 0x535E
4 1 0101101|100|010|100 0x5B14
4 2 0110001|100|001|100 0x630C
5 0 0111110|000|100|101 0x7C25
BX = 100 Event : 29
0 0 0000111|100|110|101 0x0F35
0 1 0001111|000|010|110 0x1E16
2 0 0011000|100|000|010 0x3102
2 1 0011001|101|010|001 0x3351
4 0 0101000|101|011|110 0x515E
4 1 0101100|100|110|100 0x5934
6 0 0111001|110|001|001 0x7389
BX = 101 Event : 30
0 0 0010010|000|111|001 0x2439
0 1 0010011|100|110|111 0x2737
0 2 0011001|000|100|100 0x3224
1 0 0100000|101|110|010 0x4172
1 1 0100011|110|110|101 0x47B5
1 2 0100110|101|100|101 0x4D65
2 0 0101010|110|110|111 0x55B7
3 0 0101011|101|100|000 0x5760
3 1 0101100|000|111|000 0x5838
4 0 0111100|000|111|010 0x783A
4 1 0111110|000|010|001 0x7C11
6 0 1011001|000|110|010 0xB232
BX = 110 Event : 31
0 0 0001110|000|101|100 0x1C2C
0 1 0010100|000|000|110 0x2806
1 0 0011000|000|110|110 0x3036
6 0 1000101|110|111|111 0x8BBF
BX = 111 Event : 32
0 0 0010001|000|000|010 0x2202
0 1 0010010|000|111|001 0x2439
4 0 0111010|000|001|001 0x7409
4 1 0111100|100|110|001 0x7931
BX = 000 Event : 33
0 0 0000100|000|110|010 0x0832
2 0 0010100|110|011|010 0x299A
3 0 0010110|000|010|000 0x2C10
4 0 0100010|100|110|001 0x4531
4 1 0100100|000|000|101 0x4805
5 0 0101001|101|001|010 0x534A
6 0 0110100|110|001|000 0x6988
BX = 001 Event : 34
0 0 0001010|100|100|011 0x1523
0 1 0001011|000|011|001 0x1619
0 2 0001111|101|000|101 0x1F45
0 3 0010010|100|011|100 0x251C
1 0 0011111|100|011|010 0x3F1A
2 0 0100010|110|011|000 0x4598
4 0 0111000|000|100|100 0x7024
4 1 0111001|100|111|001 0x7339
4 2 0111111|000|101|101 0x7E2D
4 3 1000000|101|101|101 0x816D
5 0 1001111|110|011|010 0x9F9A
7 0 1011011|111|110|011 0xB7F3
BX = 010 Event : 35
1 0 0010100|000|011|000 0x2818
3 0 0100000|110|110|010 0x41B2
4 0 0101011|000|111|001 0x5639
4 1 0101101|000|110|001 0x5A31
6 0 1000101|110|110|011 0x8BB3
BX = 011 Event : 36
0 0 0001011|101|100|101 0x1765
4 0 0111010|110|011|101 0x759D
4 1 1000011|101|101|111 0x876F
5 0 1000001|100|110|001 0x8331
5 1 1000100|000|000|100 0x8804
5 2 1001011|101|111|101 0x977D
7 0 1010000|000|011|011 0xA01B
BX = 100 Event : 37
2 0 0011010|110|101|110 0x35AE
2 1 0011101|111|101|101 0x3BED
3 0 0011110|000|101|101 0x3C2D
4 0 0101101|000|111|010 0x5A3A
4 1 0101110|000|100|001 0x5C21
4 2 0101111|000|000|001 0x5E01
5 0 0111101|000|101|011 0x7A2B
5 1 1000001|000|111|110 0x823E
BX = 101 Event : 38
0 0 0010010|100|011|001 0x2519
1 0 0011111|101|011|010 0x3F5A
1 1 0100010|110|000|010 0x4582
1 2 0101010|100|011|000 0x5518
1 3 0110010|101|010|010 0x6552
1 4 0110011|110|111|010 0x67BA
2 0 0111001|000|110|111 0x7237
4 0 1000000|101|100|110 0x8166
4 1 1000010|101|111|101 0x857D
5 0 1001010|101|001|011 0x954B
BX = 110 Event : 39
0 0 0010010|000|100|001 0x2421
1 0 0011001|101|110|010 0x3372
1 1 0011010|110|011|000 0x3598
1 2 0011110|000|101|100 0x3C2C
1 3 0100011|110|001|110 0x478E
1 4 0100101|110|001|101 0x4B8D
2 0 0101001|100|000|010 0x5302
4 0 1000000|100|101|010 0x812A
4 1 1000011|000|110|001 0x8631
BX = 111 Event : 40
0 0 0001001|100|010|110 0x1316
0 1 0001010|000|010|110 0x1416
0 2 0001101|100|010|110 0x1B16
1 0 0001110|101|010|100 0x1D54
1 1 0001111|110|101|010 0x1FAA
1 2 0010000|101|011|010 0x215A
1 3 0010010|110|001|110 0x258E
5 0 0101001|101|010|110 0x5356
BX = 000 Event : 41
0 0 0001011|101|111|111 0x177F
1 0 0001010|101|000|010 0x1542
1 1 0001101|100|000|010 0x1B02
2 0 0010011|100|111|001 0x2739
4 0 0101100|000|000|011 0x5803
5 0 1000000|000|101|101 0x802D
BX = 001 Event : 42
0 0 0001100|101|011|110 0x195E
2 0 0100000|000|101|010 0x402A
4 0 0101011|000|010|001 0x5611
6 0 0110010|110|111|001 0x65B9
BX = 010 Event : 43
0 0 0001110|000|000|001 0x1C01
0 1 0010000|000|000|010 0x2002
0 2 0010011|100|010|110 0x2716
2 0 0100101|110|101|110 0x4BAE
3 0 0100111|101|110|000 0x4F70
4 0 0110101|100|000|010 0x6B02
4 1 0110111|000|010|010 0x6E12
4 2 0111001|000|010|010 0x7212
4 3 0111101|101|001|110 0x7B4E
5 0 1000110|101|110|011 0x8D73
5 1 1001010|110|100|110 0x95A6
5 2 1001011|100|111|100 0x973C
6 0 1001100|100|001|101 0x990D
6 1 1001101|110|001|101 0x9B8D
6 2 1001110|101|100|011 0x9D63
BX = 011 Event : 44
0 0 0010010|101|111|110 0x257E
1 0 0011100|101|100|100 0x3964
1 1 0100000|110|101|110 0x41AE
2 0 0100101|101|010|010 0x4B52
3 0 0101000|110|111|000 0x51B8
4 0 0111100|000|001|100 0x780C
4 1 0111101|000|010|100 0x7A14
4 2 1000000|101|010|110 0x8156
4 3 1001100|100|111|111 0x993F
5 0 1001111|000|111|101 0x9E3D
7 0 1010100|110|101|001 0xA9A9
7 1 1010110|111|100|100 0xADE4
BX = 100 Event : 45
0 0 0001110|101|001|100 0x1D4C
0 1 0010110|100|010|111 0x2D17
1 0 0010011|110|100|000 0x27A0
1 1 0010100|101|010|000 0x2950
4 0 0101000|100|011|011 0x511B
4 1 0101101|110|001|100 0x5B8C
5 0 0110110|100|010|010 0x6D12
BX = 101 Event : 46
0 0 0001100|100|101|100 0x192C
3 0 0101011|110|011|100 0x579C
4 0 0111001|101|001|110 0x734E
5 0 1000001|110|110|010 0x83B2
6 0 1000010|101|011|000 0x8558
BX = 110 Event : 47
2 0 0101001|101|100|110 0x5366
3 0 0101010|110|010|001 0x5591
4 0 0110110|000|011|110 0x6C1E
4 1 0110111|100|010|101 0x6F15
4 2 0111000|000|101|100 0x702C
5 0 0111101|101|011|001 0x7B59
6 0 1010000|110|001|000 0xA188
BX = 111 Event : 48
0 0 0001100|100|101|011 0x192B
0 1 0001101|000|011|001 0x1A19
0 2 0010010|101|010|100 0x2554
0 3 0010011|100|000|100 0x2704
3 0 0101010|110|010|100 0x5594
4 0 0110001|000|010|011 0x6213
4 1 0110100|101|000|111 0x6947
4 2 0111001|000|111|101 0x723D
4 3 1000001|101|010|100 0x8354
4 4 1001010|101|000|111 0x9547
7 0 1011000|101|100|100 0xB164
BX = 000 Event : 49
0 0 0010101|101|001|100 0x2B4C
2 0 0011100|110|100|010 0x39A2
2 1 0011111|110|100|011 0x3FA3
4 0 0110001|100|101|110 0x632E
4 1 0110110|101|011|111 0x6D5F
6 0 0111010|100|110|000 0x7530
6 1 0111011|000|111|000 0x7638
6 2 1000010|100|001|110 0x850E
BX = 001 Event : 50
0 0 0000111|000|010|010 0x0E12
0 1 0001101|101|011|100 0x1B5C
2 0 0011000|101|010|000 0x3150
4 0 0110100|000|011|100 0x681C
5 0 1000010|100|111|000 0x8538
5 1 1000110|110|111|010 0x8DBA
BX = 010 Event : 51
0 0 0000111|000|010|010 0x0E12
0 1 0001000|100|101|111 0x112F
0 2 0010010|100|110|111 0x2537
1 0 0011010|110|110|101 0x35B5
4 0 0111001|000|100|100 0x7224
4 1 1000001|000|010|100 0x8214
6 0 1010000|110|101|000 0xA1A8
6 1 1010100|000|100|110 0xA826
BX = 011 Event : 52
0 0 0001010|000|010|001 0x1411
0 1 0001011|000|000|010 0x1602
0 2 0010110|101|010|100 0x2D54
1 0 0011000|101|101|010 0x316A
3 0 0101010|000|000|010 0x5402
4 0 0111111|100|110|111 0x7F37
BX = 100 Event : 53
0 0 0000110|000|000|001 0x0C01
0 1 0001000|100|000|001 0x1101
2 0 0001110|100|001|100 0x1D0C
4 0 0101110|110|011|110 0x5D9E
6 0 0110100|110|111|001 0x69B9
6 1 0110110|101|111|001 0x6D79
6 2 0111011|101|100|111 0x7767
BX = 101 Event : 54
0 0 0001100|101|101|111 0x196F
1 0 0001111|101|000|010 0x1F42
2 0 0010011|110|111|000 0x27B8
4 0 0101000|100|101|100 0x512C
5 0 0101001|100|100|011 0x5323
6 0 0110000|110|010|101 0x6195
BX = 110 Event : 55
4 0 0100101|000|111|101 0x4A3D
BX = 111 Event : 56
4 0 0110001|100|001|101 0x630D
4 1 0110110|101|001|111 0x6D4F
5 0 0111010|101|111|100 0x757C
5 1 0111011|100|001|010 0x770A
BX = 000 Event : 57
0 0 0010010|100|010|100 0x2514
1 0 0011011|000|001|010 0x360A
3 0 0100011|100|000|000 0x4700
3 1 0100100|101|000|100 0x4944
4 0 0111111|101|111|100 0x7F7C
4 1 1001000|110|011|111 0x919F
5 0 1001100|101|001|010 0x994A
BX = 001 Event : 58
0 0 0001001|100|100|011 0x1323
0 1 0001010|000|011|010 0x141A
0 2 0001101|000|011|001 0x1A19
0 3 0001111|101|001|101 0x1F4D
0 4 0010001|100|010|100 0x2314
0 5 0010110|101|100|111 0x2D67
1 0 0011000|100|010|010 0x3112
2 0 0100101|000|111|011 0x4A3B
5 0 0111010|100|000|100 0x7504
5 1 0111101|101|100|010 0x7B62
6 0 1000001|000|111|000 0x8238
BX = 010 Event : 59
0 0 0010010|000|000|110 0x2406
1 0 0100100|101|100|010 0x4962
2 0 0101100|000|000|100 0x5804
5 0 0111110|110|000|010 0x7D82
5 1 0111111|110|110|010 0x7FB2
6 0 1000011|000|001|000 0x8608
6 1 1000111|000|110|011 0x8E33
BX = 011 Event : 60
0 0 0001111|000|110|010 0x1E32
0 1 0010000|000|110|001 0x2031
1 0 0011110|100|010|000 0x3D10
1 1 0101000|110|111|100 0x51BC
1 2 0101100|110|001|010 0x598A
2 0 0110101|110|000|101 0x6B85
2 1 0110110|100|000|110 0x6D06
2 2 0110111|110|011|110 0x6F9E
4 0 1000100|000|011|100 0x881C
4 1 1000110|000|100|011 0x8C23
4 2 1001110|100|101|100 0x9D2C
4 3 1010010|000|001|111 0xA40F
5 0 1010110|101|010|011 0xAD53
BX = 100 Event : 61
1 0 0011110|110|011|001 0x3D99
1 1 0011111|101|011|001 0x3F59
1 2 0100001|110|000|100 0x4384
4 0 0111010|100|110|100 0x7534
4 1 0111011|000|100|010 0x7622
4 2 0111100|000|100|001 0x7821
4 3 0111101|000|101|001 0x7A29
4 4 1000000|101|100|110 0x8166
4 5 1000001|100|011|101 0x831D
4 6 1000010|100|011|101 0x851D
4 7 1000111|000|111|100 0x8E3C
5 0 1001011|110|111|100 0x97BC
7 0 1010111|110|101|001 0xAFA9
BX = 101 Event : 62
0 0 0001001|000|101|010 0x122A
5 0 0101111|110|110|010 0x5FB2
6 0 0110100|101|110|010 0x6972
6 1 0110101|110|110|010 0x6BB2
BX = 110 Event : 63
0 0 0000110|100|011|001 0x0D19
1 0 0001000|101|100|010 0x1162
1 1 0001110|101|100|011 0x1D63
1 2 0001111|101|011|010 0x1F5A
4 0 0110000|101|011|111 0x615F
6 0 0110111|110|000|000 0x6F80
7 0 1000001|111|011|010 0x83DA
7 1 1000010|000|010|001 0x8411
BX = 111 Event : 64
0 0 0001111|100|101|001 0x1F29
0 1 0011000|101|000|101 0x3145
0 2 0100100|110|001|110 0x498E
1 0 0101001|101|100|010 0x5362
1 1 0110010|110|000|111 0x6587
2 0 0101110|100|110|000 0x5D30
4 0 1001111|101|111|110 0x9F7E
5 0 1010011|000|110|011 0xA633
5 1 1010101|110|110|011 0xABB3
5 2 1011100|000|000|110 0xB806
BX = 000 Event : 65
0 0 0001011|100|001|001 0x1709
0 1 0001110|000|111|011 0x1C3B
2 0 0100001|100|001|111 0x430F
4 0 0101101|100|011|010 0x5B1A
5 0 0110110|100|001|000 0x6D08
6 0 0111100|101|111|100 0x797C
7 0 0111101|100|000|000 0x7B00
7 1 0111110|000|000|000 0x7C00
BX = 001 Event : 66
0 0 0010000|100|011|011 0x211B
0 1 0010010|000|001|001 0x2409
0 2 0011000|100|011|101 0x311D
0 3 0011010|000|100|100 0x3424
0 4 0011101|000|110|100 0x3A34
2 0 0101010|110|010|100 0x5594
2 1 0101100|100|110|101 0x5935
2 2 0101110|110|010|100 0x5D94
4 0 1000011|000|001|110 0x860E
4 1 1000100|100|001|110 0x890E
6 0 1010000|000|000|111 0xA007
BX = 010 Event : 67
1 0 0011011|100|011|010 0x371A
1 1 0100001|101|011|000 0x4358
1 2 0100010|000|000|000 0x4400
1 3 0100111|101|001|010 0x4F4A
2 0 0110000|100|010|000 0x6110
2 1 0110100|100|010|101 0x6915
4 0 1001000|000|000|010 0x9002
4 1 1001010|000|101|110 0x942E
4 2 1010001|101|100|100 0xA364
5 0 1010010|100|111|000 0xA538
5 1 1011010|100|011|101 0xB51D
6 0 1011011|110|101|001 0xB7A9
7 0 1100001|111|100|100 0xC3E4
BX = 011 Event : 68
0 0 0001010|000|011|011 0x141B
5 0 0110110|101|100|000 0x6D60
5 1 0111111|101|001|010 0x7F4A
BX = 100 Event : 69
0 0 0010111|100|110|100 0x2F34
1 0 0100001|110|101|100 0x43AC
2 0 0100111|110|010|001 0x4F91
3 0 0101001|110|111|110 0x53BE
4 0 0111110|101|000|110 0x7D46
4 1 1000000|100|011|110 0x811E
BX = 101 Event : 70
0 0 0001010|100|001|001 0x1509
0 1 0001011|100|111|001 0x1739
0 2 0001100|000|001|001 0x1809
2 0 0100101|000|111|101 0x4A3D
4 0 0110000|000|001|001 0x6009
4 1 0110001|100|111|011 0x633B
4 2 0110010|100|001|001 0x6509
4 3 0110111|000|111|101 0x6E3D
5 0 0111010|100|111|011 0x753B
5 1 0111011|100|010|011 0x7713
5 2 0111110|101|011|010 0x7D5A
7 0 1000100|110|110|101 0x89B5
7 1 1000101|111|001|011 0x8BCB
BX = 110 Event : 71
0 0 0000110|101|000|101 0x0D45
7 0 0101011|000|101|000 0x5628
BX = 111 Event : 72
0 0 0001011|100|011|001 0x1719
0 1 0001101|100|110|110 0x1B36
0 2 0011111|101|110|111 0x3F77
1 0 0011010|000|011|001 0x3419
1 1 0101000|000|001|110 0x500E
4 0 0111001|000|111|010 0x723A
5 0 1001001|110|100|100 0x93A4
5 1 1001100|100|011|010 0x991A
5 2 1001101|110|011|010 0x9B9A
6 0 1010000|101|111|100 0xA17C
BX = 000 Event : 73
1 0 0100000|100|110|011 0x4133
2 0 0101100|000|001|101 0x580D
2 1 0101101|101|110|100 0x5B74
4 0 1000000|101|001|101 0x814D
5 0 1000011|100|010|010 0x8712
5 1 1000100|100|010|000 0x8910
6 0 1001101|101|001|001 0x9B49
BX = 001 Event : 74
0 0 0000101|100|000|011 0x0B03
0 1 0000110|000|000|011 0x0C03
1 0 0010001|100|111|000 0x2338
1 1 0010010|101|111|000 0x2578
5 0 0101101|100|001|000 0x5B08
5 1 0101110|110|000|010 0x5D82
6 0 0101111|110|000|000 0x5F80
BX = 010 Event : 75
0 0 0010100|100|101|101 0x292D
1 0 0011100|101|010|001 0x3951
2 0 0101011|110|000|110 0x5786
2 1 0101100|000|100|110 0x5826
4 0 0111001|110|000|110 0x7386
4 1 0111111|100|000|111 0x7F07
5 0 1000100|000|101|010 0x882A
BX = 011 Event : 76
0 0 0001110|000|110|011 0x1C33
0 1 0010100|000|010|100 0x2814
0 2 0010101|100|000|100 0x2B04
1 0 0011000|100|001|010 0x310A
2 0 0100111|101|010|111 0x4F57
2 1 0101000|100|110|110 0x5136
2 2 0101001|101|111|110 0x537E
3 0 0101100|101|010|000 0x5950
4 0 0111100|000|000|100 0x7804
4 1 1000110|000|110|111 0x8C37
5 0 1001010|101|100|010 0x9562
5 1 1001011|101|100|010 0x9762
5 2 1001111|000|011|010 0x9E1A
5 3 1011001|000|100|101 0xB225
7 0 1100100|100|101|011 0xC92B
BX = 100 Event : 77
1 0 0010101|110|111|010 0x2BBA
4 0 0101001|100|000|001 0x5301
4 1 0101110|101|110|110 0x5D76
BX = 101 Event : 78
0 0 0001001|100|011|001 0x1319
0 1 0001110|101|111|100 0x1D7C
1 0 0010100|100|010|000 0x2910
2 0 0100110|100|010|110 0x4D16
4 0 0110011|101|110|111 0x6777
4 1 0111101|101|111|111 0x7B7F
5 0 1000001|101|111|110 0x837E
5 1 1000010|101|111|110 0x857E
6 0 1000111|110|110|100 0x8FB4
BX = 110 Event : 79
0 0 0010001|000|000|100 0x2204
0 1 0010010|100|000|100 0x2504
4 0 0101011|101|010|111 0x5757
4 1 0101101|000|000|100 0x5A04
4 2 0101110|100|000|100 0x5D04
4 3 0110110|100|010|111 0x6D17
7 0 0111101|100|111|000 0x7B38
BX = 111 Event : 80
0 0 0100011|000|100|111 0x4627
1 0 0011101|100|111|000 0x3B38
1 1 0101001|101|001|010 0x534A
2 0 0101100|110|010|010 0x5992
2 1 0110010|100|111|011 0x653B
2 2 0110101|100|001|111 0x6B0F
4 0 1010000|000|000|111 0xA007
4 1 1010011|100|011|110 0xA71E
4 2 1010111|000|111|111 0xAE3F
5 0 1010110|100|110|001 0xAD31
5 1 1100000|101|101|110 0xC16E
5 2 1100010|101|101|110 0xC56E
6 0 1101001|110|001|101 0xD38D
BX = 000 Event : 81
1 0 0010111|101|101|000 0x2F68
2 0 0100000|101|110|000 0x4170
3 0 0100100|101|100|100 0x4964
4 0 0110011|101|000|111 0x6747
BX = 001 Event : 82
0 0 0001011|000|100|010 0x1622
0 1 0001100|100|010|010 0x1912
0 2 0001101|100|001|010 0x1B0A
1 0 0011100|110|011|101 0x399D
4 0 0101110|110|101|101 0x5DAD
5 0 0110000|110|001|100 0x618C
BX = 010 Event : 83
0 0 0001001|100|010|001 0x1311
0 1 0001011|101|001|100 0x174C
3 0 0010101|101|110|010 0x2B72
4 0 0100101|000|010|111 0x4A17
6 0 0101101|110|000|000 0x5B80
BX = 011 Event : 84
0 0 0001100|101|001|110 0x194E
0 1 0001101|100|001|110 0x1B0E
1 0 0011001|000|110|010 0x3232
1 1 0011010|101|101|010 0x356A
2 0 0100010|110|111|011 0x45BB
2 1 0100100|110|011|101 0x499D
4 0 0110100|100|011|001 0x6919
4 1 0110110|000|000|110 0x6C06
5 0 1000100|100|000|101 0x8905
BX = 100 Event : 85
0 0 0000111|100|110|011 0x0F33
0 1 0001001|100|100|001 0x1321
0 2 0001101|110|111|101 0x1BBD
1 0 0011000|000|011|000 0x3018
1 1 0011100|110|100|010 0x39A2
4 0 0111010|100|110|010 0x7532
4 1 0111100|100|111|110 0x793E
4 2 1000100|000|011|110 0x881E
4 3 1000110|101|101|101 0x8D6D
4 4 1001010|110|101|100 0x95AC
4 5 1010011|101|111|111 0xA77F
5 0 1001111|101|110|001 0x9F71
5 1 1010101|000|010|100 0xAA14
5 2 1010110|101|010|100 0xAD54
6 0 1011110|101|101|111 0xBD6F
BX = 101 Event : 86
0 0 0001101|100|101|011 0x1B2B
0 1 0010000|100|000|010 0x2102
0 2 0010010|100|101|001 0x2529
0 3 0010011|100|111|110 0x273E
0 4 0010110|100|010|101 0x2D15
0 5 0011010|000|111|110 0x343E
1 0 0011100|000|110|100 0x3834
1 1 0011110|110|101|100 0x3DAC
1 2 0100000|000|101|010 0x402A
1 3 0100001|000|101|010 0x422A
2 0 0100110|000|101|101 0x4C2D
3 0 0100111|101|000|010 0x4F42
4 0 0110011|000|000|011 0x6603
4 1 0110111|000|001|011 0x6E0B
4 2 0111010|000|111|001 0x7439
5 0 1001100|100|000|011 0x9903
5 1 1001110|100|000|010 0x9D02
BX = 110 Event : 87
0 0 0001011|100|110|100 0x1734
0 1 0001100|101|011|100 0x195C
2 0 0010111|100|000|011 0x2F03
2 1 0011000|101|000|011 0x3143
2 2 0011001|101|000|010 0x3342
2 3 0011010|101|000|011 0x3543
2 4 0011011|110|000|011 0x3783
6 0 0110101|000|001|010 0x6A0A
7 0 0110110|100|010|000 0x6D10
7 1 0111000|101|010|001 0x7151
BX = 111 Event : 88
0 0 0000111|000|100|011 0x0E23
1 0 0010111|000|101|100 0x2E2C
2 0 0100001|101|010|111 0x4357
BX = 000 Event : 89
1 0 0010100|101|100|000 0x2960
3 0 0100100|101|111|101 0x497D
5 0 0110011|100|110|110 0x6736
5 1 0110111|100|110|110 0x6F36
6 0 0111100|000|110|110 0x7836
7 0 0111101|110|101|001 0x7BA9
7 1 0111110|110|100|000 0x7DA0
BX = 001 Event : 90
0 0 0010011|000|110|011 0x2633
1 0 0100001|110|101|100 0x43AC
1 1 0100100|101|011|101 0x495D
2 0 0101001|110|101|101 0x53AD
2 1 0101010|101|101|010 0x556A
2 2 0101100|101|001|110 0x594E
6 0 1001000|000|110|110 0x9036
BX = 010 Event : 91
1 0 0011111|100|111|010 0x3F3A
1 1 0100000|100|111|010 0x413A
4 0 0111010|101|000|110 0x7546
4 1 0111011|000|101|110 0x762E
5 0 1000110|100|100|100 0x8D24
BX = 011 Event : 92
0 0 0000100|000|100|011 0x0823
1 0 0001110|000|101|100 0x1C2C
2 0 0010111|101|010|111 0x2F57
4 0 0100110|100|001|100 0x4D0C
7 0 0111110|101|110|000 0x7D70
BX = 100 Event : 93
0 0 0001110|100|001|011 0x1D0B
0 1 0010011|000|101|110 0x262E
0 2 0010101|000|101|100 0x2A2C
2 0 0100011|100|100|001 0x4721
4 0 0111001|000|101|010 0x722A
4 1 0111011|100|100|001 0x7721
4 2 1000100|100|100|100 0x8924
7 0 1010111|111|000|011 0xAFC3
BX = 101 Event : 94
0 0 0001110|000|110|011 0x1C33
1 0 0011010|101|011|101 0x355D
2 0 0100000|110|101|101 0x41AD
2 1 0100001|101|101|010 0x436A
2 2 0100011|101|001|110 0x474E
5 0 0101101|100|111|100 0x5B3C
5 1 0101111|110|111|010 0x5FBA
6 0 0110110|000|110|110 0x6C36
BX = 110 Event : 95
0 0 0001110|000|110|011 0x1C33
0 1 0010100|000|010|100 0x2814
1 0 0010110|100|001|010 0x2D0A
2 0 0100100|101|010|111 0x4957
3 0 0100111|101|010|000 0x4F50
4 0 0110011|000|000|100 0x6604
4 1 0110100|000|000|001 0x6801
4 2 0111011|000|110|111 0x7637
5 0 0110111|000|100|010 0x6E22
5 1 0111110|110|101|010 0x7DAA
5 2 1000111|100|111|110 0x8F3E
5 3 1001000|000|100|101 0x9025
7 0 1010010|100|101|011 0xA52B
BX = 111 Event : 96
0 0 0001000|000|010|011 0x1013
0 1 0001001|100|010|010 0x1312
0 2 0001010|100|001|010 0x150A
0 3 0001111|000|100|100 0x1E24
0 4 0010001|101|010|100 0x2354
1 0 0011001|101|100|000 0x3360
2 0 0011100|110|000|000 0x3980
4 0 0110000|000|010|001 0x6011
4 1 0110110|100|011|100 0x6D1C
5 0 0111100|100|010|011 0x7913
5 1 0111101|110|011|010 0x7B9A
6 0 0111110|101|100|000 0x7D60
BX = 000 Event : 97
0 0 0001101|100|011|011 0x1B1B
0 1 0001110|000|010|001 0x1C11
0 2 0001111|100|011|001 0x1F19
0 3 0010000|101|001|111 0x214F
0 4 0010010|101|111|100 0x257C
1 0 0011001|100|010|000 0x3310
2 0 0101000|110|001|000 0x5188
2 1 0101010|101|010|101 0x5555
2 2 0101011|100|010|110 0x5716
4 0 0111000|101|110|111 0x7177
4 1 1000000|101|111|111 0x817F
5 0 1000101|101|111|110 0x8B7E
5 1 1000110|101|111|110 0x8D7E
6 0 1001010|110|110|100 0x95B4
7 0 1001100|110|011|011 0x999B
BX = 001 Event : 98
0 0 0001100|100|100|110 0x1926
1 0 0010010|101|011|001 0x2559
2 0 0011010|000|100|011 0x3423
2 1 0011100|100|010|111 0x3917
5 0 0110011|100|000|101 0x6705
BX = 010 Event : 99
0 0 0001101|100|001|001 0x1B09
0 1 0011010|000|100|111 0x3427
1 0 0010111|100|111|000 0x2F38
2 0 0100100|110|010|010 0x4992
4 0 1000010|000|000|010 0x8402
4 1 1000110|000|000|111 0x8C07
4 2 1001011|100|011|110 0x971E
4 3 1010000|000|111|111 0xA03F
5 0 1001110|100|110|001 0x9D31
6 0 1100000|110|001|101 0xC18D
7 0 1100110|100|100|011 0xCD23
7 1 1100111|100|101|001 0xCF29
7 2 1101000|100|101|001 0xD129
7 3 1101010|110|101|000 0xD5A8
BX = 011 Event : 100
0 0 0001110|100|010|010 0x1D12
1 0 0011001|101|101|010 0x336A
1 1 0011111|101|100|010 0x3F62
4 0 0110101|101|010|110 0x6B56
5 0 1000110|101|101|100 0x8D6C
5 1 1000111|101|000|010 0x8F42
5 2 1001001|101|110|101 0x9375
5 3 1001010|101|110|101 0x9575
6 0 1001011|110|010|011 0x9793
7 0 1001110|111|011|011 0x9DDB
