BX = 000 Event : 1
0 0 0001011|100|001|001 0x1709
0 1 0010111|000|110|101 0x2E35
0 2 0011000|001|110|100 0x3074
1 0 0011010|001|111|001 0x3479
1 1 0100001|001|111|100 0x427C
2 0 0101101|110|110|111 0x5BB7
4 0 0111001|000|001|011 0x720B
5 0 1000010|100|011|001 0x8519
5 1 1000111|101|101|000 0x8F68
7 0 1010010|110|011|000 0xA598
BX = 001 Event : 2
0 0 0010000|000|100|001 0x2021
0 1 0010100|001|111|100 0x287C
0 2 0011010|000|100|111 0x3427
0 3 0011011|001|100|111 0x3667
4 0 0111011|100|100|011 0x7723
4 1 0111100|000|110|001 0x7831
5 0 1000110|100|010|100 0x8D14
5 1 1001101|001|000|110 0x9A46
6 0 1010010|110|101|101 0xA5AD
7 0 1010110|110|000|001 0xAD81
BX = 010 Event : 3
0 0 0010000|000|010|100 0x2014
0 1 0010011|000|101|100 0x262C
0 2 0011000|100|001|111 0x310F
1 0 0010110|100|010|000 0x2D10
1 1 0011111|101|101|110 0x3F6E
3 0 0101000|001|001|011 0x504B
4 0 0110000|100|001|011 0x610B
4 1 0110001|100|111|010 0x633A
4 2 0110010|000|100|001 0x6421
5 0 0111001|000|011|001 0x7219
5 1 0111100|001|011|110 0x785E
5 2 0111101|001|100|110 0x7A66
6 0 0111110|101|101|010 0x7D6A
7 0 1000001|100|001|000 0x8308
BX = 011 Event : 4
2 0 0100001|110|000|110 0x4386
5 0 0110110|001|000|001 0x6C41
BX = 100 Event : 5
0 0 0001010|110|001|111 0x158F
0 1 0001101|101|010|110 0x1B56
1 0 0001111|101|010|010 0x1F52
1 1 0010110|001|101|011 0x2C6B
1 2 0011000|110|001|010 0x318A
2 0 0100001|110|000|110 0x4386
4 0 0101100|000|110|111 0x5837
4 1 0110110|000|110|111 0x6C37
5 0 0110111|110|001|010 0x6F8A
5 1 0111010|110|001|010 0x758A
BX = 101 Event : 6
0 0 0010100|100|110|100 0x2934
1 0 0011001|101|011|100 0x335C
1 1 0011011|110|011|101 0x379D
1 2 0011110|110|011|101 0x3D9D
2 0 0100100|001|111|110 0x487E
4 0 0110010|100|000|001 0x6501
4 1 0110100|101|001|110 0x694E
4 2 0110111|100|110|101 0x6F35
5 0 0111011|001|110|010 0x7672
5 1 0111111|100|000|100 0x7F04
5 2 1000010|101|011|100 0x855C
6 0 1001001|110|001|111 0x938F
7 0 1001011|110|011|101 0x979D
7 1 1001100|111|100|100 0x99E4
BX = 110 Event : 7
0 0 0010011|000|011|011 0x261B
0 1 0010100|000|000|001 0x2801
1 0 0100010|100|100|010 0x4522
2 0 0111001|100|110|011 0x7333
2 1 0111010|001|101|010 0x746A
3 0 0111100|110|101|100 0x79AC
4 0 1001101|000|001|001 0x9A09
4 1 1010000|100|100|001 0xA121
4 2 1011100|001|110|100 0xB874
4 3 1011110|100|000|100 0xBD04
5 0 1100110|101|001|000 0xCD48
BX = 111 Event : 8
4 0 0101101|000|111|001 0x5A39
4 1 0110000|101|000|111 0x6147
4 2 0110010|001|011|110 0x645E
4 3 0110011|101|101|110 0x676E
4 4 0110101|001|000|110 0x6A46
4 5 0111000|101|101|110 0x716E
5 0 1000111|110|101|100 0x8FAC
BX = 000 Event : 9
1 0 0010010|100|101|000 0x2528
1 1 0010011|000|101|000 0x2628
1 2 0010101|110|011|100 0x2B9C
1 3 0010111|001|011|100 0x2E5C
1 4 0011010|000|110|010 0x3432
4 0 0110011|000|100|011 0x6623
4 1 0110100|000|010|011 0x6813
5 0 0111010|001|001|000 0x7448
BX = 001 Event : 10
0 0 0000111|101|111|110 0x0F7E
1 0 0001101|101|001|100 0x1B4C
2 0 0010001|101|111|100 0x237C
4 0 0100110|000|010|010 0x4C12
4 1 0101011|101|100|110 0x5766
4 2 0110000|101|110|100 0x6174
4 3 0110100|101|100|111 0x6967
5 0 0111001|100|100|100 0x7324
5 1 0111010|000|100|100 0x7424
5 2 0111110|000|010|101 0x7C15
6 0 0111111|101|110|000 0x7F70
6 1 1000000|101|110|000 0x8170
BX = 010 Event : 11
0 0 0001100|000|110|100 0x1834
1 0 0010000|100|010|010 0x2112
1 1 0010010|000|101|001 0x2429
BX = 011 Event : 12
0 0 0001110|100|100|100 0x1D24
0 1 0010001|000|101|011 0x222B
0 2 0010101|000|100|101 0x2A25
0 3 0010110|000|110|101 0x2C35
0 4 0011010|000|100|100 0x3424
1 0 0100110|000|110|010 0x4C32
1 1 0101011|000|011|101 0x561D
2 0 0101110|101|100|111 0x5D67
4 0 0111101|100|010|010 0x7B12
5 0 1001101|101|100|100 0x9B64
BX = 100 Event : 13
1 0 0010001|110|000|001 0x2381
1 1 0010010|100|011|001 0x2519
4 0 0110000|000|111|010 0x603A
4 1 0110001|100|010|110 0x6316
4 2 0110010|100|010|110 0x6516
5 0 0110111|000|111|010 0x6E3A
BX = 101 Event : 14
0 0 0000111|000|100|010 0x0E22
0 1 0001001|100|101|111 0x132F
0 2 0001011|100|000|110 0x1706
1 0 0010101|101|100|100 0x2B64
1 1 0010110|101|100|100 0x2D64
1 2 0010111|000|111|010 0x2E3A
2 0 0011001|000|100|101 0x3225
2 1 0011011|100|101|101 0x372D
4 0 0100110|100|101|001 0x4D29
4 1 0100111|001|101|111 0x4E6F
4 2 0101101|100|110|110 0x5B36
4 3 0101110|001|110|110 0x5C76
4 4 0101111|000|001|110 0x5E0E
6 0 0111101|100|100|100 0x7B24
BX = 110 Event : 15
0 0 0010000|000|010|011 0x2013
0 1 0010010|100|111|110 0x253E
1 0 0011010|000|000|110 0x3406
1 1 0011011|001|000|110 0x3646
1 2 0011100|110|011|100 0x399C
1 3 0011101|101|011|100 0x3B5C
2 0 0011110|101|101|000 0x3D68
4 0 0110011|100|110|011 0x6733
4 1 0111111|100|111|100 0x7F3C
5 0 1000011|100|100|000 0x8720
5 1 1000100|101|000|000 0x8940
5 2 1001000|100|101|011 0x912B
5 3 1001010|000|110|010 0x9432
5 4 1001011|001|101|010 0x966A
6 0 1001100|101|110|000 0x9970
6 1 1001110|000|010|010 0x9C12
6 2 1001111|101|101|000 0x9F68
6 3 1010001|110|010|011 0xA393
7 0 1010101|111|010|000 0xABD0
BX = 111 Event : 16
2 0 0010100|110|000|111 0x2987
3 0 0010101|100|111|110 0x2B3E
5 0 0101011|000|011|010 0x561A
5 1 0101110|110|111|000 0x5DB8
5 2 0101111|100|001|000 0x5F08
5 3 0110001|000|000|100 0x6204
6 0 0110111|100|100|101 0x6F25
BX = 000 Event : 17
0 0 0010110|101|111|111 0x2D7F
0 1 0010111|101|111|111 0x2F7F
2 0 0011100|001|001|101 0x384D
4 0 0110011|000|110|011 0x6633
4 1 0111100|110|111|100 0x79BC
4 2 0111101|001|011|100 0x7A5C
7 0 1010000|110|101|101 0xA1AD
BX = 001 Event : 18
0 0 0001001|101|111|101 0x137D
0 1 0001011|000|111|101 0x163D
0 2 0001110|100|111|100 0x1D3C
1 0 0010000|001|111|010 0x207A
3 0 0011000|111|100|101 0x31E5
4 0 0100100|100|111|010 0x493A
4 1 0100111|100|110|110 0x4F36
4 2 0101000|001|101|101 0x506D
4 3 0101001|000|101|100 0x522C
5 0 0101010|000|010|000 0x5410
5 1 0101110|000|001|100 0x5C0C
5 2 0110011|001|001|110 0x664E
6 0 0111000|000|110|100 0x7034
7 0 0111011|101|001|001 0x7749
BX = 010 Event : 19
0 0 0001110|000|111|001 0x1C39
0 1 0011101|101|000|111 0x3B47
2 0 0100100|110|101|110 0x49AE
3 0 0100110|100|111|010 0x4D3A
4 0 0110011|100|101|101 0x672D
4 1 0110100|101|111|101 0x697D
4 2 0110101|101|100|100 0x6B64
5 0 0111100|101|111|100 0x797C
5 1 1000001|110|100|110 0x83A6
6 0 1001001|110|011|100 0x939C
BX = 011 Event : 20
0 0 0000110|100|111|100 0x0D3C
2 0 0001111|110|010|100 0x1F94
3 0 0010100|110|101|010 0x29AA
3 1 0010101|110|101|010 0x2BAA
4 0 0100010|100|000|010 0x4502
4 1 0100101|101|001|110 0x4B4E
6 0 0110111|100|111|010 0x6F3A
6 1 0111011|000|000|110 0x7606
7 0 0111010|100|010|000 0x7510
7 1 0111110|001|110|011 0x7C73
7 2 0111111|000|001|011 0x7E0B
BX = 100 Event : 21
0 0 0000100|100|111|100 0x093C
0 1 0000110|100|000|100 0x0D04
0 2 0000111|100|111|100 0x0F3C
4 0 0100001|000|100|011 0x4223
4 1 0100010|000|100|001 0x4421
4 2 0101101|001|000|100 0x5A44
5 0 0110010|101|100|010 0x6562
5 1 0111011|000|100|010 0x7622
5 2 0111100|110|011|100 0x799C
BX = 101 Event : 22
0 0 0010010|000|110|110 0x2436
1 0 0011000|100|000|101 0x3105
2 0 0011101|001|101|101 0x3A6D
4 0 0110010|100|000|011 0x6503
5 0 0110110|100|011|000 0x6D18
5 1 0111011|101|010|011 0x7753
5 2 0111100|101|010|011 0x7953
5 3 0111110|001|100|110 0x7C66
6 0 1000000|101|010|000 0x8150
BX = 110 Event : 23
0 0 0000101|100|011|100 0x0B1C
0 1 0001001|101|101|110 0x136E
1 0 0001111|100|010|100 0x1F14
2 0 0010110|100|010|110 0x2D16
5 0 0101010|100|110|101 0x5535
6 0 0101100|000|011|111 0x581F
BX = 111 Event : 24
1 0 0010000|000|110|000 0x2030
1 1 0010111|001|001|110 0x2E4E
4 0 0101100|000|000|010 0x5802
4 1 0101101|000|001|011 0x5A0B
4 2 0101110|100|101|011 0x5D2B
4 3 0101111|000|000|011 0x5E03
5 0 0111010|001|101|011 0x746B
5 1 1000010|000|111|111 0x843F
5 2 1000011|101|111|111 0x877F
BX = 000 Event : 25
0 0 0010100|100|010|011 0x2913
0 1 0011001|001|111|100 0x327C
1 0 0011111|101|100|010 0x3F62
4 0 0110101|100|010|010 0x6B12
BX = 001 Event : 26
0 0 0001100|000|001|011 0x180B
1 0 0011000|001|101|011 0x306B
4 0 0101110|100|011|001 0x5D19
5 0 0110110|001|010|010 0x6C52
5 1 0110111|001|010|010 0x6E52
7 0 1000110|001|100|011 0x8C63
BX = 010 Event : 27
0 0 0001001|000|001|010 0x120A
0 1 0001011|000|001|001 0x1609
0 2 0001101|100|100|110 0x1B26
0 3 0001111|101|001|110 0x1F4E
0 4 0010010|100|001|110 0x250E
0 5 0010100|100|000|101 0x2905
0 6 0010111|100|101|111 0x2F2F
1 0 0011010|101|101|010 0x356A
3 0 0100100|000|101|101 0x482D
4 0 0110011|001|000|110 0x6646
4 1 0110101|101|101|101 0x6B6D
5 0 1000001|101|001|100 0x834C
5 1 1000100|101|101|110 0x896E
BX = 011 Event : 28
0 0 0001000|000|010|011 0x1013
0 1 0001001|000|010|010 0x1212
1 0 0010101|001|110|001 0x2A71
1 1 0011110|001|110|011 0x3C73
1 2 0100100|101|110|100 0x4974
4 0 0111000|000|001|001 0x7009
4 1 0111001|000|001|011 0x720B
4 2 0111100|001|000|110 0x7846
4 3 0111110|001|001|100 0x7C4C
4 4 0111111|101|001|100 0x7F4C
7 0 1001111|001|001|010 0x9E4A
7 1 1010000|000|000|010 0xA002
BX = 100 Event : 29
0 0 0001000|000|010|001 0x1011
0 1 0001001|000|000|111 0x1207
0 2 0001011|101|000|110 0x1746
0 3 0001101|100|010|100 0x1B14
0 4 0010010|101|000|111 0x2547
1 0 0100111|100|001|111 0x4F0F
2 0 0101010|110|101|011 0x55AB
2 1 0101011|100|100|110 0x5726
4 0 1000000|000|111|110 0x803E
6 0 1001001|000|111|000 0x9238
6 1 1001011|101|000|101 0x9745
BX = 101 Event : 30
1 0 0011100|110|100|100 0x39A4
1 1 0011101|100|101|110 0x3B2E
3 0 0100100|110|001|010 0x498A
3 1 0100101|101|011|110 0x4B5E
4 0 0111001|001|001|100 0x724C
5 0 0111101|001|110|000 0x7A70
6 0 1001000|001|011|000 0x9058
6 1 1001001|100|001|000 0x9308
6 2 1001011|000|110|011 0x9633
BX = 110 Event : 31
0 0 0000101|100|111|011 0x0B3B
0 1 0000111|100|011|110 0x0F1E
0 2 0001000|000|011|110 0x101E
0 3 0001001|000|010|101 0x1215
0 4 0001101|100|011|100 0x1B1C
0 5 0001110|100|000|100 0x1D04
1 0 0010011|101|101|100 0x276C
1 1 0010100|001|101|011 0x286B
1 2 0010101|001|010|110 0x2A56
3 0 0010111|100|111|100 0x2F3C
4 0 0101011|100|110|110 0x5736
5 0 0110100|001|001|100 0x684C
5 1 0110111|110|001|011 0x6F8B
BX = 111 Event : 32
2 0 0011100|000|110|010 0x3832
2 1 0011101|110|001|100 0x3B8C
2 2 0011110|001|010|011 0x3C53
2 3 0100001|111|000|110 0x43C6
4 0 0110001|101|100|110 0x6366
4 1 0110100|101|101|101 0x696D
5 0 0110111|101|101|010 0x6F6A
5 1 0111010|110|111|000 0x75B8
5 2 0111110|110|000|100 0x7D84
5 3 1000010|100|100|010 0x8522
6 0 1001000|100|010|000 0x9110
BX = 000 Event : 33
0 0 0001001|100|101|010 0x132A
1 0 0010011|000|010|010 0x2612
1 1 0011010|000|100|100 0x3424
1 2 0011110|000|000|110 0x3C06
2 0 0100110|101|110|101 0x4D75
4 0 0111001|101|000|110 0x7346
4 1 0111011|101|111|101 0x777D
4 2 0111101|100|101|100 0x7B2C
5 0 1001001|100|011|101 0x931D
5 1 1001010|110|011|100 0x959C
5 2 1001011|100|011|100 0x971C
5 3 1001100|101|110|110 0x9976
BX = 001 Event : 34
0 0 0001010|000|010|100 0x1414
0 1 0001011|000|000|100 0x1604
0 2 0001100|100|001|100 0x190C
1 0 0010101|000|110|001 0x2A31
1 1 0011101|100|111|110 0x3B3E
2 0 0100001|101|101|100 0x436C
2 1 0100010|110|101|101 0x45AD
4 0 0110011|100|100|101 0x6725
4 1 0110101|000|100|100 0x6A24
4 2 0110110|100|110|100 0x6D34
4 3 0110111|100|011|100 0x6F1C
4 4 0111000|100|011|100 0x711C
5 0 0111001|101|011|001 0x7359
5 1 0111101|001|001|100 0x7A4C
5 2 1000000|110|010|011 0x8193
5 3 1000100|100|010|110 0x8916
7 0 1001110|001|111|000 0x9C78
BX = 010 Event : 35
0 0 0001101|000|001|010 0x1A0A
0 1 0010011|000|001|100 0x260C
2 0 0101001|110|001|011 0x538B
2 1 0101011|001|100|011 0x5663
5 0 1000011|101|011|010 0x875A
5 1 1001010|100|010|011 0x9513
5 2 1001111|000|100|110 0x9E26
5 3 1010000|101|101|110 0xA16E
BX = 011 Event : 36
1 0 0001100|001|111|000 0x1878
4 0 0110001|100|100|011 0x6323
BX = 100 Event : 37
0 0 0010001|100|011|100 0x231C
0 1 0010100|110|111|110 0x29BE
0 2 0010110|001|011|100 0x2C5C
0 3 0011100|101|010|111 0x3957
0 4 0011110|100|010|111 0x3D17
0 5 0011111|000|001|110 0x3E0E
2 0 0100111|000|110|001 0x4E31
2 1 0101000|101|011|001 0x5159
2 2 0101010|100|011|010 0x551A
4 0 1000001|000|000|011 0x8203
4 1 1001101|000|100|100 0x9A24
5 0 1010001|101|011|000 0xA358
5 1 1010111|001|100|100 0xAE64
6 0 1011100|101|010|010 0xB952
6 1 1011101|001|001|010 0xBA4A
6 2 1100100|101|010|110 0xC956
BX = 101 Event : 38
0 0 0001000|000|000|100 0x1004
0 1 0001101|001|111|101 0x1A7D
0 2 0010011|000|001|100 0x260C
4 0 0111010|100|011|001 0x7519
4 1 1000101|100|111|101 0x8B3D
4 2 1001110|101|000|111 0x9D47
5 0 1001001|101|100|010 0x9362
5 1 1001011|001|011|000 0x9658
6 0 1011000|100|111|100 0xB13C
6 1 1011001|110|111|100 0xB3BC
BX = 110 Event : 39
0 0 0001001|100|100|100 0x1324
0 1 0001110|101|001|100 0x1D4C
0 2 0001111|101|010|100 0x1F54
0 3 0010001|101|110|100 0x2374
1 0 0011011|100|011|110 0x371E
2 0 0011100|110|001|001 0x3989
2 1 0011101|101|111|000 0x3B78
2 2 0011110|111|110|110 0x3DF6
5 0 0110001|101|010|010 0x6352
5 1 0111000|001|010|110 0x7056
BX = 111 Event : 40
0 0 0001110|000|111|001 0x1C39
0 1 0010001|110|101|110 0x23AE
0 2 0010010|101|001|110 0x254E
0 3 0010011|100|000|110 0x2706
1 0 0011110|101|100|011 0x3D63
1 1 0100010|000|011|011 0x441B
1 2 0100011|000|111|111 0x463F
2 0 0101011|110|000|010 0x5782
2 1 0101100|000|011|010 0x581A
2 2 0101101|001|100|000 0x5A60
2 3 0101110|100|001|011 0x5D0B
2 4 0101111|110|000|010 0x5F82
2 5 0110000|001|111|100 0x607C
2 6 0110011|110|111|101 0x67BD
4 0 0111001|000|011|011 0x721B
5 0 1001000|100|100|111 0x9127
5 1 1001011|110|000|111 0x9787
6 0 1001010|110|100|000 0x95A0
BX = 000 Event : 41
0 0 0010010|000|110|010 0x2432
1 0 0100100|001|110|100 0x4874
1 1 0100101|100|101|011 0x4B2B
3 0 0101110|001|110|011 0x5C73
4 0 0111111|000|111|011 0x7E3B
4 1 1000000|000|111|011 0x803B
4 2 1000100|100|001|110 0x890E
4 3 1001101|110|001|111 0x9B8F
5 0 1001010|001|101|001 0x9469
5 1 1010001|110|100|010 0xA3A2
5 2 1010011|100|100|100 0xA724
5 3 1011010|100|100|101 0xB525
BX = 001 Event : 42
0 0 0000111|000|101|100 0x0E2C
0 1 0001010|000|100|110 0x1426
0 2 0001011|001|100|110 0x1666
4 0 0100100|000|101|110 0x482E
4 1 0101000|101|111|100 0x517C
5 0 0101001|000|001|001 0x5209
6 0 0101110|001|110|010 0x5C72
6 1 0101111|110|100|011 0x5FA3
6 2 0110000|100|100|011 0x6123
7 0 0110010|100|101|101 0x652D
BX = 010 Event : 43
0 0 0010011|100|001|100 0x270C
1 0 0011101|100|100|100 0x3B24
1 1 0011111|001|110|010 0x3E72
1 2 0100001|100|101|100 0x432C
4 0 0111011|000|011|100 0x761C
5 0 0111111|100|011|010 0x7F1A
5 1 1000110|001|000|111 0x8C47
5 2 1001000|101|100|101 0x9165
6 0 1001011|001|100|110 0x9666
BX = 011 Event : 44
0 0 0001100|000|000|011 0x1803
0 1 0001111|000|111|001 0x1E39
3 0 0100101|100|101|000 0x4B28
4 0 0111000|000|101|100 0x702C
5 0 0111001|100|110|010 0x7332
5 1 0111011|101|111|000 0x7778
BX = 100 Event : 45
0 0 0010000|100|010|010 0x2112
0 1 0010001|000|011|001 0x2219
0 2 0010010|101|110|110 0x2576
1 0 0011010|001|111|010 0x347A
3 0 0100111|111|010|000 0x4FD0
4 0 0101111|000|001|001 0x5E09
4 1 0110011|000|011|011 0x661B
4 2 0110111|101|100|110 0x6F66
4 3 0111000|000|011|110 0x701E
4 4 0111011|001|011|101 0x765D
5 0 1000001|100|110|000 0x8330
5 1 1000111|001|011|111 0x8E5F
6 0 1001101|101|000|111 0x9B47
7 0 1001111|001|010|101 0x9E55
BX = 101 Event : 46
0 0 0001110|000|110|001 0x1C31
0 1 0010110|000|000|101 0x2C05
0 2 0010111|000|111|100 0x2E3C
0 3 0011000|001|000|100 0x3044
1 0 0011101|000|011|011 0x3A1B
1 1 0011110|100|011|010 0x3D1A
1 2 0100001|001|011|011 0x425B
1 3 0100100|001|000|111 0x4847
2 0 0101100|110|001|000 0x5988
3 0 0110011|101|011|101 0x675D
4 0 0111110|000|010|011 0x7C13
4 1 1000110|100|000|100 0x8D04
5 0 1001100|001|000|010 0x9842
BX = 110 Event : 47
0 0 0010010|000|011|100 0x241C
0 1 0010110|100|010|110 0x2D16
0 2 0011011|110|001|100 0x378C
1 0 0101000|110|001|100 0x518C
1 1 0101111|000|001|111 0x5E0F
4 0 1001111|001|010|110 0x9E56
5 0 1011111|001|000|010 0xBE42
5 1 1100011|110|001|010 0xC78A
6 0 1101011|100|000|000 0xD700
BX = 111 Event : 48
0 0 0001001|000|000|001 0x1201
0 1 0001010|100|100|001 0x1521
0 2 0011000|000|001|100 0x300C
0 3 0011001|000|001|100 0x320C
3 0 0100111|001|010|010 0x4E52
4 0 0110111|000|010|011 0x6E13
4 1 0111000|100|010|001 0x7111
4 2 0111011|100|010|101 0x7715
4 3 1000011|000|101|111 0x862F
5 0 1000101|101|100|101 0x8B65
5 1 1000111|101|100|101 0x8F65
BX = 000 Event : 49
0 0 0000101|100|000|010 0x0B02
0 1 0000110|100|000|010 0x0D02
0 2 0001110|101|100|100 0x1D64
0 3 0001111|101|100|100 0x1F64
0 4 0010010|001|100|111 0x2467
1 0 0011011|101|101|010 0x376A
4 0 0101100|000|011|010 0x581A
4 1 0101110|001|101|111 0x5C6F
4 2 0101111|001|101|111 0x5E6F
5 0 0110011|001|001|000 0x6648
5 1 0111111|100|101|111 0x7F2F
5 2 1000000|001|010|110 0x8056
5 3 1000011|101|001|110 0x874E
5 4 1000101|101|100|101 0x8B65
5 5 1000111|101|101|111 0x8F6F
7 0 1001011|100|101|101 0x972D
BX = 001 Event : 50
0 0 0010001|100|001|110 0x230E
0 1 0010100|101|100|100 0x2964
4 0 1000010|100|010|110 0x8516
4 1 1001000|101|111|100 0x917C
4 2 1001010|100|010|111 0x9517
5 0 1001101|101|100|010 0x9B62
5 1 1001110|110|011|010 0x9D9A
5 2 1001111|000|100|010 0x9E22
5 3 1010001|110|011|010 0xA39A
6 0 1010010|001|101|011 0xA46B
7 0 1010101|000|101|100 0xAA2C
7 1 1010110|000|101|100 0xAC2C
7 2 1010111|101|101|011 0xAF6B
BX = 010 Event : 51
0 0 0000101|000|111|001 0x0A39
0 1 0001011|001|000|101 0x1645
0 2 0001110|001|000|111 0x1C47
1 0 0010111|101|100|111 0x2F67
2 0 0011000|001|100|100 0x3064
2 1 0011001|101|011|111 0x335F
2 2 0011010|100|011|111 0x351F
3 0 0011011|110|101|011 0x37AB
4 0 0111101|000|010|111 0x7A17
7 0 1000100|000|001|000 0x8808
BX = 011 Event : 52
0 0 0010001|101|101|100 0x236C
2 0 0011011|000|111|000 0x3638
3 0 0011111|110|101|110 0x3FAE
3 1 0100000|001|101|011 0x406B
4 0 0101101|000|011|100 0x5A1C
4 1 0101110|101|011|100 0x5D5C
5 0 0110111|101|101|100 0x6F6C
5 1 0111000|000|100|100 0x7024
6 0 0111100|110|000|000 0x7980
6 1 0111101|101|000|000 0x7B40
BX = 100 Event : 53
0 0 0000111|100|110|011 0x0F33
4 0 0011101|000|100|011 0x3A23
4 1 0011110|100|000|001 0x3D01
4 2 0011111|100|110|001 0x3F31
5 0 0100100|101|011|011 0x495B
5 1 0100111|101|100|011 0x4F63
BX = 101 Event : 54
0 0 0000011|000|000|010 0x0602
0 1 0000101|100|001|100 0x0B0C
0 2 0000110|000|001|100 0x0C0C
0 3 0000111|000|001|011 0x0E0B
0 4 0001000|000|100|001 0x1021
0 5 0001010|101|001|100 0x154C
1 0 0010000|110|001|100 0x218C
1 1 0010100|101|010|101 0x2955
2 0 0011011|101|101|100 0x376C
2 1 0100001|100|000|110 0x4306
3 0 0011110|000|011|000 0x3C18
3 1 0100010|000|011|000 0x4418
3 2 0100011|111|100|110 0x47E6
4 0 0110000|000|001|001 0x6009
4 1 0110011|000|001|100 0x660C
4 2 0110100|110|110|100 0x69B4
4 3 0110101|001|001|100 0x6A4C
5 0 0111001|000|100|001 0x7221
5 1 1000001|101|010|011 0x8353
5 2 1000111|101|010|011 0x8F53
5 3 1001000|110|100|101 0x91A5
5 4 1001001|100|101|100 0x932C
6 0 1001010|000|110|010 0x9432
6 1 1001011|101|011|000 0x9758
7 0 1010000|111|010|011 0xA1D3
7 1 1010101|110|010|011 0xAB93
BX = 110 Event : 55
1 0 0010101|110|100|010 0x2BA2
6 0 0110110|001|000|110 0x6C46
BX = 111 Event : 56
0 0 0001001|101|010|110 0x1356
0 1 0010001|100|100|100 0x2324
4 0 0110011|100|100|100 0x6724
4 1 0111001|001|011|111 0x725F
5 0 0111011|100|111|100 0x773C
BX = 000 Event : 57
0 0 0001100|000|000|100 0x1804
0 1 0001110|000|000|100 0x1C04
1 0 0010110|100|011|100 0x2D1C
1 1 0011011|101|101|101 0x376D
2 0 0100000|001|100|110 0x4066
4 0 0110111|101|110|101 0x6F75
5 0 1000010|110|001|010 0x858A
5 1 1000101|110|110|010 0x8BB2
6 0 1000111|101|011|010 0x8F5A
7 0 1001010|110|011|000 0x9598
BX = 001 Event : 58
1 0 0001010|100|010|100 0x1514
1 1 0001011|101|100|100 0x1764
1 2 0001110|001|100|110 0x1C66
1 3 0001111|100|010|100 0x1F14
4 0 0100010|000|001|010 0x440A
4 1 0100110|101|111|110 0x4D7E
5 0 0111011|110|011|011 0x779B
5 1 0111111|001|001|100 0x7E4C
6 0 1000011|101|100|111 0x8767
7 0 1000100|101|111|000 0x8978
BX = 010 Event : 59
0 0 0010001|101|000|110 0x2346
0 1 0010011|100|100|110 0x2726
1 0 0011010|110|011|100 0x359C
1 1 0011100|100|010|110 0x3916
4 0 0100101|100|111|100 0x4B3C
5 0 0100111|100|100|000 0x4F20
5 1 0101000|110|100|000 0x51A0
BX = 011 Event : 60
0 0 0001111|001|110|100 0x1E74
0 1 0011001|101|001|111 0x334F
1 0 0010011|110|111|010 0x27BA
1 1 0010110|100|111|001 0x2D39
1 2 0010111|100|111|001 0x2F39
1 3 0011101|001|111|010 0x3A7A
2 0 0100011|101|011|111 0x475F
2 1 0100101|110|100|101 0x4BA5
3 0 0100010|000|001|000 0x4408
6 0 1001010|100|010|010 0x9512
6 1 1001101|100|010|011 0x9B13
6 2 1010000|100|001|110 0xA10E
7 0 1010011|001|100|011 0xA663
7 1 1010100|100|100|011 0xA923
BX = 100 Event : 61
0 0 0000100|100|000|010 0x0902
1 0 0001101|110|001|101 0x1B8D
1 1 0001110|100|001|100 0x1D0C
1 2 0010100|101|101|111 0x296F
1 3 0010101|100|010|100 0x2B14
2 0 0010111|101|010|100 0x2F54
3 0 0011100|100|010|101 0x3915
5 0 0101011|001|100|010 0x5662
5 1 0101100|101|100|010 0x5962
5 2 0110000|001|010|010 0x6052
BX = 101 Event : 62
0 0 0000111|101|100|110 0x0F66
4 0 0011101|110|000|101 0x3B85
4 1 0011111|101|010|101 0x3F55
5 0 0100001|001|001|001 0x4249
BX = 110 Event : 63
0 0 0001100|101|100|110 0x1966
0 1 0001101|101|000|101 0x1B45
1 0 0001111|000|101|001 0x1E29
2 0 0010101|001|101|001 0x2A69
4 0 0110110|000|101|111 0x6C2F
BX = 111 Event : 64
0 0 0001110|101|000|100 0x1D44
4 0 0110001|100|000|101 0x6305
5 0 0111011|101|010|000 0x7750
BX = 000 Event : 65
0 0 0001110|101|011|111 0x1D5F
1 0 0010000|101|001|010 0x214A
1 1 0010010|100|001|010 0x250A
1 2 0010100|001|010|110 0x2856
2 0 0010101|101|110|101 0x2B75
4 0 0100111|001|000|100 0x4E44
5 0 0101001|100|000|000 0x5300
7 0 0110010|000|111|001 0x6439
BX = 001 Event : 66
0 0 0001111|101|100|111 0x1F67
3 0 0011111|111|101|000 0x3FE8
5 0 0110100|101|111|001 0x6979
5 1 0110111|001|010|000 0x6E50
BX = 010 Event : 67
0 0 0001100|000|010|011 0x1813
1 0 0010000|001|000|010 0x2042
1 1 0011110|110|010|010 0x3D92
1 2 0100001|000|010|101 0x4215
2 0 0011111|001|011|000 0x3E58
2 1 0100011|001|000|001 0x4641
2 2 0100101|110|100|000 0x4BA0
4 0 0110010|000|001|011 0x640B
4 1 0110011|100|000|011 0x6703
4 2 0111101|101|010|101 0x7B55
4 3 0111110|101|000|101 0x7D45
4 4 1000000|100|111|100 0x813C
4 5 1000001|101|000|100 0x8344
5 0 1000101|000|101|001 0x8A29
5 1 1000111|101|000|000 0x8F40
5 2 1011001|000|010|101 0xB215
6 0 1011101|100|010|000 0xBB10
BX = 011 Event : 68
0 0 0001110|001|100|110 0x1C66
0 1 0011000|101|011|111 0x315F
1 0 0010011|101|110|010 0x2772
1 1 0010101|100|001|001 0x2B09
1 2 0011100|000|001|011 0x380B
1 3 0011111|001|000|010 0x3E42
1 4 0100000|100|011|011 0x411B
4 0 0110100|101|110|100 0x6974
6 0 1000001|100|011|000 0x8318
BX = 100 Event : 69
0 0 0001100|000|110|010 0x1832
0 1 0010111|110|010|100 0x2F94
1 0 0011110|101|000|001 0x3D41
1 1 0101010|000|011|010 0x541A
1 2 0110000|101|001|100 0x614C
2 0 0110011|101|011|001 0x6759
2 1 0110100|101|000|001 0x6941
2 2 0111010|001|001|101 0x744D
2 3 0111111|110|110|110 0x7FB6
4 0 1010100|000|110|010 0xA832
5 0 1100001|101|111|010 0xC37A
5 1 1100011|001|101|110 0xC66E
5 2 1100101|100|010|101 0xCB15
6 0 1100111|000|000|000 0xCE00
6 1 1101000|001|001|000 0xD048
BX = 101 Event : 70
0 0 0001010|001|011|110 0x145E
0 1 0001100|100|011|101 0x191D
0 2 0010001|101|111|111 0x237F
1 0 0010010|110|011|011 0x259B
1 1 0010101|101|111|010 0x2B7A
1 2 0010110|101|100|110 0x2D66
5 0 0101111|110|001|010 0x5F8A
5 1 0110000|100|001|010 0x610A
5 2 0110001|001|100|101 0x6265
5 3 0110011|101|000|111 0x6747
5 4 0110100|001|100|101 0x6865
6 0 0110111|110|101|000 0x6FA8
BX = 110 Event : 71
0 0 0001101|000|111|001 0x1A39
0 1 0010000|001|110|110 0x2076
1 0 0010010|100|011|001 0x2519
1 1 0010011|001|011|000 0x2658
1 2 0010100|001|011|000 0x2858
4 0 0101010|101|111|100 0x557C
5 0 0110011|100|100|111 0x6727
BX = 111 Event : 72
0 0 0001010|100|001|011 0x150B
0 1 0010101|110|111|100 0x2BBC
4 0 0101111|100|100|110 0x5F26
4 1 0110011|101|110|101 0x6775
4 2 0110101|000|011|100 0x6A1C
4 3 0110110|101|100|100 0x6D64
5 0 0111000|100|100|010 0x7122
6 0 1001101|000|000|011 0x9A03
BX = 000 Event : 73
0 0 0010101|000|011|101 0x2A1D
0 1 0011011|000|010|100 0x3614
1 0 0100010|100|110|001 0x4531
1 1 0100011|101|111|000 0x4778
1 2 0101110|100|100|111 0x5D27
4 0 0111101|000|000|010 0x7A02
4 1 1000100|001|001|100 0x884C
5 0 1010100|101|101|011 0xA96B
6 0 1011011|110|100|010 0xB7A2
BX = 001 Event : 74
0 0 0000011|100|010|010 0x0712
0 1 0000111|001|101|100 0x0E6C
1 0 0001111|101|011|010 0x1F5A
2 0 0010001|000|110|011 0x2233
4 0 0011101|000|101|010 0x3A2A
BX = 010 Event : 75
0 0 0000011|000|001|011 0x060B
0 1 0001001|001|000|100 0x1244
0 2 0001010|000|000|100 0x1404
2 0 0010110|101|011|000 0x2D58
5 0 0110011|001|010|100 0x6654
5 1 0110100|110|101|100 0x69AC
5 2 0110101|000|101|100 0x6A2C
6 0 0111101|000|110|000 0x7A30
BX = 011 Event : 76
0 0 0011011|001|010|110 0x3656
0 1 0011100|101|100|110 0x3966
0 2 0011101|001|011|110 0x3A5E
0 3 0101010|100|000|111 0x5507
1 0 0110001|100|001|010 0x630A
2 0 0111001|110|111|101 0x73BD
4 0 1000110|000|001|001 0x8C09
4 1 1001100|100|000|100 0x9904
5 0 1010111|101|001|110 0xAF4E
5 1 1011000|100|001|110 0xB10E
BX = 100 Event : 77
0 0 0001101|000|100|010 0x1A22
1 0 0010010|000|001|010 0x240A
1 1 0010011|100|000|000 0x2700
1 2 0011000|000|101|111 0x302F
2 0 0011001|000|001|010 0x320A
2 1 0100001|100|100|110 0x4326
4 0 0110001|000|111|001 0x6239
4 1 0111000|110|011|100 0x719C
5 0 0111110|001|000|111 0x7C47
BX = 101 Event : 78
0 0 0001001|000|000|100 0x1204
0 1 0001110|000|000|100 0x1C04
0 2 0010000|100|100|111 0x2127
1 0 0010100|101|101|010 0x296A
1 1 0010101|000|101|010 0x2A2A
1 2 0010111|001|011|101 0x2E5D
4 0 0011100|000|100|001 0x3821
BX = 110 Event : 79
0 0 0001010|100|011|001 0x1519
0 1 0001100|100|100|101 0x1925
0 2 0001101|110|111|101 0x1BBD
0 3 0001110|100|111|100 0x1D3C
0 4 0010000|100|111|100 0x213C
0 5 0010001|000|111|100 0x223C
1 0 0010010|101|101|001 0x2569
1 1 0010011|101|010|100 0x2754
1 2 0010100|101|010|101 0x2955
1 3 0010101|101|011|100 0x2B5C
1 4 0011000|101|011|101 0x315D
2 0 0011011|001|100|110 0x3666
3 0 0011101|001|101|110 0x3A6E
4 0 0101000|000|010|010 0x5012
4 1 0101001|000|010|010 0x5212
4 2 0101010|101|100|101 0x5565
BX = 111 Event : 80
0 0 0010110|101|010|100 0x2D54
1 0 0100001|101|100|010 0x4362
1 1 0100010|101|101|100 0x456C
1 2 0100101|001|101|010 0x4A6A
1 3 0100110|001|010|010 0x4C52
4 0 1001001|000|000|110 0x9206
4 1 1001111|101|010|100 0x9F54
5 0 1011100|101|111|100 0xB97C
BX = 000 Event : 81
0 0 0001010|100|100|110 0x1526
0 1 0001100|101|010|110 0x1956
0 2 0001101|101|110|101 0x1B75
0 3 0010110|100|101|110 0x2D2E
1 0 0011100|001|010|110 0x3856
1 1 0011101|001|010|110 0x3A56
2 0 0100100|001|100|101 0x4865
2 1 0100101|101|001|100 0x4B4C
2 2 0101000|110|000|110 0x5186
4 0 0111010|110|010|110 0x7596
7 0 1001100|001|100|000 0x9860
BX = 001 Event : 82
1 0 0001011|100|000|000 0x1700
1 1 0001110|000|010|011 0x1C13
4 0 0100001|100|011|100 0x431C
5 0 0101100|001|111|101 0x587D
6 0 0101011|101|101|000 0x5768
6 1 0110001|110|100|000 0x63A0
BX = 010 Event : 83
0 0 0001101|000|110|011 0x1A33
0 1 0001110|000|110|010 0x1C32
0 2 0010011|001|011|110 0x265E
0 3 0010101|000|011|101 0x2A1D
1 0 0011110|001|000|001 0x3C41
4 0 1000001|000|000|111 0x8207
5 0 0111100|110|111|000 0x79B8
5 1 0111110|001|100|000 0x7C60
5 2 1000000|101|100|000 0x8160
BX = 011 Event : 84
0 0 0001011|100|110|010 0x1732
0 1 0001100|000|110|001 0x1831
0 2 0001110|000|010|110 0x1C16
0 3 0010001|101|110|100 0x2374
0 4 0010111|000|010|110 0x2E16
1 0 0010010|100|011|000 0x2518
2 0 0100010|000|110|110 0x4436
4 0 0110110|000|101|001 0x6C29
4 1 0110111|100|000|001 0x6F01
4 2 0111000|100|000|001 0x7101
4 3 0111001|100|111|110 0x733E
4 4 0111101|101|010|100 0x7B54
5 0 1000000|000|000|001 0x8001
5 1 1000001|000|000|001 0x8201
5 2 1001001|000|101|101 0x922D
5 3 1001011|000|111|111 0x963F
6 0 1010000|110|011|101 0xA19D
6 1 1010001|001|110|101 0xA275
6 2 1010010|000|110|101 0xA435
6 3 1010110|110|110|011 0xADB3
6 4 1011000|110|110|010 0xB1B2
6 5 1011110|111|011|110 0xBDDE
BX = 100 Event : 85
0 0 0010010|101|111|110 0x257E
1 0 0010111|101|001|001 0x2F49
1 1 0011001|100|100|000 0x3320
1 2 0011010|110|110|000 0x35B0
1 3 0100011|001|011|101 0x465D
2 0 0100101|110|111|001 0x4BB9
2 1 0100110|001|111|000 0x4C78
4 0 0111111|101|010|100 0x7F54
5 0 1000011|000|010|000 0x8610
6 0 1010011|101|111|111 0xA77F
6 1 1010100|100|001|110 0xA90E
BX = 101 Event : 86
0 0 0001100|100|110|100 0x1934
0 1 0001101|110|001|100 0x1B8C
2 0 0011111|000|100|100 0x3E24
4 0 0101101|100|100|010 0x5B22
7 0 0111001|101|011|001 0x7359
BX = 110 Event : 87
0 0 0001101|100|111|001 0x1B39
0 1 0010000|000|000|110 0x2006
0 2 0100001|000|010|111 0x4217
1 0 0011011|110|111|010 0x37BA
3 0 0110111|100|111|100 0x6F3C
4 0 1010011|001|001|110 0xA64E
5 0 1011100|001|010|101 0xB855
5 1 1011101|000|010|100 0xBA14
6 0 1100001|000|011|101 0xC21D
7 0 1100100|111|010|101 0xC9D5
BX = 111 Event : 88
0 0 0001000|000|000|100 0x1004
0 1 0001010|101|101|111 0x156F
0 2 0001111|001|111|110 0x1E7E
0 3 0010010|101|010|110 0x2556
0 4 0010100|100|000|101 0x2905
0 5 0010110|101|011|100 0x2D5C
1 0 0011101|000|110|110 0x3A36
1 1 0100011|101|011|111 0x475F
7 0 1000110|110|110|001 0x8DB1
BX = 000 Event : 89
0 0 0001011|000|101|110 0x162E
2 0 0010100|101|001|010 0x294A
2 1 0010110|101|001|010 0x2D4A
3 0 0010111|001|001|011 0x2E4B
4 0 0100011|100|101|111 0x472F
4 1 0100110|100|101|111 0x4D2F
7 0 0110100|101|110|011 0x6973
BX = 001 Event : 90
0 0 0001011|000|001|100 0x160C
0 1 0001100|000|101|100 0x182C
0 2 0010101|001|001|100 0x2A4C
1 0 0100100|101|011|110 0x495E
1 1 0100101|110|011|110 0x4B9E
2 0 0100111|110|110|001 0x4FB1
2 1 0101100|110|111|111 0x59BF
4 0 0111010|000|111|001 0x7439
4 1 0111110|000|111|100 0x7C3C
5 0 1001001|100|111|100 0x933C
5 1 1001011|000|110|011 0x9633
BX = 010 Event : 91
0 0 0001110|100|010|001 0x1D11
0 1 0001111|100|001|101 0x1F0D
0 2 0011001|101|111|111 0x337F
1 0 0010111|001|111|001 0x2E79
1 1 0011100|100|001|011 0x390B
1 2 0011110|001|101|111 0x3C6F
2 0 0100010|001|000|001 0x4441
2 1 0100011|110|001|100 0x478C
3 0 0100111|110|011|001 0x4F99
5 0 1001011|101|000|100 0x9744
5 1 1001110|001|101|101 0x9C6D
BX = 011 Event : 92
0 0 0001000|000|000|100 0x1004
0 1 0001010|101|101|111 0x156F
0 2 0001110|001|111|110 0x1C7E
0 3 0010000|101|010|110 0x2156
0 4 0010010|100|000|101 0x2505
0 5 0010100|101|011|100 0x295C
1 0 0011101|000|110|110 0x3A36
4 0 0111001|101|001|100 0x734C
7 0 1001010|110|110|001 0x95B1
BX = 100 Event : 93
0 0 0010110|001|101|101 0x2C6D
0 1 0010111|000|001|100 0x2E0C
0 2 0100001|000|001|111 0x420F
1 0 0011111|001|100|000 0x3E60
1 1 0100010|110|001|100 0x458C
2 0 0101110|100|010|000 0x5D10
2 1 0101111|101|101|100 0x5F6C
2 2 0110001|110|001|100 0x638C
2 3 0110010|101|110|100 0x6574
4 0 1000001|000|001|010 0x820A
4 1 1000010|100|011|001 0x8519
5 0 1000111|100|100|000 0x8F20
5 1 1001100|100|011|011 0x991B
5 2 1010010|100|011|011 0xA51B
6 0 1011000|101|100|111 0xB167
BX = 101 Event : 94
0 0 0001000|000|001|100 0x100C
0 1 0001001|000|101|100 0x122C
0 2 0010001|001|001|100 0x224C
2 0 0011110|110|110|001 0x3DB1
2 1 0100000|110|111|111 0x41BF
4 0 0101111|000|111|100 0x5E3C
5 0 0110100|100|111|100 0x693C
5 1 0110110|000|101|011 0x6C2B
BX = 110 Event : 95
0 0 0010101|100|011|110 0x2B1E
0 1 0010110|001|011|110 0x2C5E
0 2 0011000|100|100|101 0x3125
1 0 0101000|100|001|010 0x510A
2 0 0101110|110|111|101 0x5DBD
4 0 0111010|000|001|100 0x740C
4 1 1000110|100|000|100 0x8D04
5 0 1001110|101|100|110 0x9D66
5 1 1001111|100|001|110 0x9F0E
BX = 111 Event : 96
0 0 0001000|110|100|100 0x11A4
1 0 0001101|000|010|011 0x1A13
4 0 0100001|001|100|110 0x4266
4 1 0100010|001|100|110 0x4466
4 2 0100011|001|011|110 0x465E
5 0 0101111|110|101|101 0x5FAD
5 1 0110001|110|111|010 0x63BA
6 0 0110101|110|100|000 0x6BA0
BX = 000 Event : 97
0 0 0001101|000|000|100 0x1A04
0 1 0010101|000|000|100 0x2A04
0 2 0010110|100|100|111 0x2D27
1 0 0011001|101|101|010 0x336A
1 1 0011010|000|101|010 0x342A
1 2 0011011|001|011|101 0x365D
4 0 0100011|000|011|100 0x461C
4 1 0100100|100|010|001 0x4911
4 2 0100101|100|010|001 0x4B11
4 3 0100110|000|100|001 0x4C21
5 0 0110000|100|011|001 0x6119
5 1 0110010|000|110|101 0x6435
BX = 001 Event : 98
0 0 0001010|101|100|110 0x1566
0 1 0001011|100|100|110 0x1726
0 2 0010000|000|110|111 0x2037
1 0 0001111|100|011|000 0x1F18
1 1 0010011|101|001|101 0x274D
1 2 0010110|110|011|100 0x2D9C
1 3 0011010|110|011|100 0x359C
1 4 0011101|100|001|101 0x3B0D
4 0 0110000|001|011|110 0x605E
5 0 0111100|101|110|100 0x7974
5 1 0111110|110|100|110 0x7DA6
6 0 1000000|001|110|101 0x8075
6 1 1000001|000|110|101 0x8235
6 2 1000011|000|110|100 0x8634
BX = 010 Event : 99
0 0 0001000|000|100|010 0x1022
0 1 0001001|100|101|001 0x1329
1 0 0011000|000|110|000 0x3030
1 1 0011111|110|001|010 0x3F8A
1 2 0100000|101|100|010 0x4162
1 3 0100010|110|001|010 0x458A
1 4 0100011|001|010|010 0x4652
4 0 1000110|000|010|011 0x8C13
4 1 1001010|000|000|110 0x9406
4 2 1001110|000|000|110 0x9C06
4 3 1001111|000|100|110 0x9E26
4 4 1010000|000|100|110 0xA026
4 5 1010001|100|011|101 0xA31D
5 0 1100010|101|111|100 0xC57C
BX = 011 Event : 100
0 0 0001001|000|100|011 0x1223
2 0 0001110|100|101|000 0x1D28
2 1 0010001|110|000|011 0x2383
2 2 0010010|100|000|010 0x2502
4 0 0011111|100|111|010 0x3F3A
4 1 0100000|000|011|010 0x401A
4 2 0100001|000|011|010 0x421A
4 3 0100010|110|100|110 0x45A6
4 4 0100011|001|101|110 0x466E
4 5 0100100|101|100|110 0x4966
4 6 0100110|100|100|101 0x4D25
5 0 0101011|000|111|101 0x563D
5 1 0101100|100|010|100 0x5914
5 2 0101111|001|011|110 0x5E5E
5 3 0110000|001|100|111 0x6067
6 0 0110001|110|001|011 0x638B
