BX = 000 Event : 1
0 0 0010101|000|010|011 0x2A13
0 1 0010110|100|001|010 0x2D0A
0 2 0011110|010|000|100 0x3C84
1 0 0100101|011|000|011 0x4AC3
1 1 0100110|000|010|010 0x4C12
2 0 0101001|011|101|010 0x52EA
4 0 0111011|100|011|100 0x771C
5 0 1000011|001|100|100 0x8664
BX = 001 Event : 2
0 0 0001110|000|001|001 0x1C09
1 0 0011011|000|110|010 0x3632
4 0 0111100|000|001|110 0x780E
4 1 1001011|100|111|111 0x973F
5 0 1010000|001|011|100 0xA05C
5 1 1010001|000|011|100 0xA21C
5 2 1010011|011|100|010 0xA6E2
6 0 1011011|001|000|101 0xB645
BX = 010 Event : 3
0 0 0001001|000|101|001 0x1229
0 1 0001010|000|101|001 0x1429
4 0 0100111|000|011|100 0x4E1C
4 1 0101000|100|001|011 0x510B
4 2 0110110|100|000|100 0x6D04
BX = 011 Event : 4
0 0 0010001|000|111|110 0x223E
1 0 0100000|001|111|110 0x407E
1 1 0100010|001|111|110 0x447E
4 0 0110101|000|000|100 0x6A04
4 1 0111011|010|001|100 0x768C
5 0 1000001|001|101|110 0x826E
6 0 1000010|100|001|101 0x850D
6 1 1000011|001|010|101 0x8655
6 2 1001000|001|111|101 0x907D
6 3 1001010|000|010|101 0x9415
7 0 1001011|010|110|101 0x96B5
BX = 100 Event : 5
1 0 0010001|001|100|110 0x2266
2 0 0010011|010|110|010 0x26B2
2 1 0010100|010|001|100 0x288C
2 2 0010101|010|101|011 0x2AAB
2 3 0010110|010|110|010 0x2CB2
4 0 0100110|100|000|010 0x4D02
4 1 0101111|100|010|111 0x5F17
5 0 0110010|100|010|011 0x6513
6 0 1000000|001|100|001 0x8061
6 1 1000111|100|010|111 0x8F17
BX = 101 Event : 6
0 0 0010011|001|110|101 0x2675
1 0 0011101|000|110|110 0x3A36
1 1 0011110|100|001|101 0x3D0D
2 0 0100010|100|100|011 0x4523
2 1 0100011|010|110|101 0x46B5
4 0 0111001|100|010|101 0x7315
4 1 1000000|001|010|111 0x8057
5 0 0111100|001|010|010 0x7852
5 1 1000100|100|000|100 0x8904
5 2 1000111|001|010|010 0x8E52
5 3 1001000|001|010|010 0x9052
5 4 1001011|000|010|101 0x9615
5 5 1001100|010|010|100 0x9894
BX = 110 Event : 7
0 0 0001110|100|010|011 0x1D13
2 0 0100101|100|100|010 0x4B22
2 1 0100110|100|110|010 0x4D32
2 2 0101001|001|101|100 0x526C
2 3 0101010|100|101|011 0x552B
4 0 1000000|000|011|010 0x801A
4 1 1000001|000|010|010 0x8212
4 2 1001010|100|111|100 0x953C
4 3 1001101|010|111|111 0x9ABF
5 0 1010010|010|010|111 0xA497
5 1 1010011|010|011|101 0xA69D
5 2 1010101|100|001|111 0xAB0F
5 3 1010110|001|011|101 0xAC5D
6 0 1011001|100|101|000 0xB328
BX = 111 Event : 8
0 0 0011010|010|101|101 0x34AD
1 0 0011111|000|101|000 0x3E28
1 1 0100011|011|011|100 0x46DC
1 2 0100110|001|111|011 0x4C7B
1 3 0100111|010|100|011 0x4EA3
2 0 0101110|010|010|101 0x5C95
2 1 0110000|010|100|111 0x60A7
2 2 0110011|010|011|101 0x669D
4 0 1010000|000|100|011 0xA023
4 1 1010001|000|001|010 0xA20A
4 2 1010010|000|110|010 0xA432
4 3 1010011|100|110|001 0xA731
4 4 1010100|000|101|001 0xA829
4 5 1010101|100|101|111 0xAB2F
4 6 1010110|010|110|110 0xACB6
4 7 1011001|001|101|110 0xB26E
5 0 1100101|000|110|101 0xCA35
6 0 1101000|000|100|101 0xD025
BX = 000 Event : 9
0 0 0001011|100|011|100 0x171C
0 1 0001100|000|010|010 0x1812
0 2 0001101|000|101|001 0x1A29
4 0 0100000|000|011|110 0x401E
4 1 0100111|010|010|111 0x4E97
4 2 0101000|100|011|111 0x511F
5 0 0101101|000|001|110 0x5A0E
5 1 0101111|001|001|110 0x5E4E
6 0 0101100|010|000|000 0x5880
BX = 001 Event : 10
0 0 0000011|000|011|010 0x061A
0 1 0001000|001|010|100 0x1054
1 0 0001111|001|111|000 0x1E78
1 1 0010000|100|111|000 0x2138
1 2 0010011|000|111|110 0x263E
1 3 0010100|000|111|101 0x283D
1 4 0010101|100|111|101 0x2B3D
2 0 0011010|001|010|111 0x3457
4 0 0100101|000|010|100 0x4A14
4 1 0100110|000|011|100 0x4C1C
4 2 0101000|100|011|100 0x511C
BX = 010 Event : 11
1 0 0010101|010|000|000 0x2A80
1 1 0010110|000|100|000 0x2C20
1 2 0011111|000|001|110 0x3E0E
2 0 0100001|010|011|000 0x4298
2 1 0100011|001|011|000 0x4658
3 0 0101000|010|000|010 0x5082
3 1 0101010|001|010|100 0x5454
5 0 0111100|000|101|000 0x7828
6 0 1001010|010|011|000 0x9498
BX = 011 Event : 12
1 0 0011110|100|100|000 0x3D20
1 1 0100100|000|110|101 0x4835
2 0 0101000|001|000|100 0x5044
4 0 1000001|000|100|001 0x8221
4 1 1001001|100|100|100 0x9324
6 0 1010110|000|001|101 0xAC0D
BX = 100 Event : 13
0 0 0000110|010|010|110 0x0C96
0 1 0000111|010|010|110 0x0E96
0 2 0001100|010|101|100 0x18AC
1 0 0010110|010|000|111 0x2C87
1 1 0011001|100|111|101 0x333D
2 0 0011000|100|000|000 0x3100
2 1 0011011|001|101|000 0x3668
2 2 0011111|011|011|111 0x3EDF
4 0 0101100|100|011|111 0x591F
4 1 0101111|000|011|101 0x5E1D
4 2 0110101|010|011|111 0x6A9F
5 0 0110011|010|110|000 0x66B0
BX = 101 Event : 14
0 0 0001011|000|101|010 0x162A
0 1 0011010|001|011|100 0x345C
1 0 0011011|001|111|001 0x3679
1 1 0011110|001|100|000 0x3C60
1 2 0100100|100|101|011 0x492B
3 0 0101011|011|011|011 0x56DB
4 0 0110011|100|001|010 0x670A
4 1 0110100|000|011|001 0x6819
4 2 0110111|001|100|111 0x6E67
4 3 0111000|000|100|110 0x7026
4 4 0111010|001|100|110 0x7466
4 5 0111100|000|010|110 0x7816
4 6 1000011|100|010|100 0x8714
5 0 1010011|010|000|110 0xA686
5 1 1010100|010|001|110 0xA88E
6 0 1010111|010|110|110 0xAEB6
BX = 110 Event : 15
0 0 0001011|000|001|011 0x160B
1 0 0010111|000|010|100 0x2E14
1 1 0011000|100|001|010 0x310A
2 0 0011011|001|110|111 0x3677
4 0 0100110|100|101|001 0x4D29
4 1 0100111|100|110|001 0x4F31
5 0 0111000|011|110|100 0x70F4
5 1 0111100|010|101|100 0x78AC
BX = 111 Event : 16
0 0 0001100|010|010|110 0x1896
0 1 0010011|100|110|111 0x2737
1 0 0010110|011|011|100 0x2CDC
1 1 0010111|100|011|100 0x2F1C
4 0 0101001|100|001|001 0x5309
4 1 0101010|000|101|111 0x542F
4 2 0101011|000|101|111 0x562F
4 3 0101101|100|100|110 0x5B26
4 4 0101111|001|110|110 0x5E76
4 5 0110000|000|000|101 0x6005
4 6 0110001|001|001|101 0x624D
4 7 0110010|100|001|100 0x650C
4 8 0110111|001|011|111 0x6E5F
5 0 0111010|100|101|100 0x752C
7 0 1000000|010|011|011 0x809B
BX = 000 Event : 17
1 0 0011000|010|001|111 0x308F
1 1 0011001|010|001|110 0x328E
3 0 0100000|000|001|011 0x400B
4 0 0101010|000|010|110 0x5416
4 1 0101011|010|111|110 0x56BE
4 2 0101101|001|001|110 0x5A4E
4 3 0101110|001|111|101 0x5C7D
BX = 001 Event : 18
0 0 0000110|010|011|101 0x0C9D
1 0 0001011|001|011|111 0x165F
1 1 0001100|010|100|110 0x18A6
1 2 0001101|001|000|100 0x1A44
3 0 0011000|010|111|011 0x30BB
3 1 0011001|010|111|010 0x32BA
3 2 0011010|010|111|010 0x34BA
4 0 0100110|000|101|011 0x4C2B
4 1 0101001|000|111|110 0x523E
4 2 0101010|010|011|110 0x549E
5 0 0110110|000|111|011 0x6C3B
6 0 0111000|100|101|010 0x712A
6 1 0111001|001|000|111 0x7247
BX = 010 Event : 19
0 0 0000101|000|111|011 0x0A3B
0 1 0001001|001|110|110 0x1276
0 2 0010010|000|110|111 0x2437
1 0 0010110|001|111|010 0x2C7A
2 0 0011110|011|100|110 0x3CE6
4 0 0101010|100|011|101 0x551D
5 0 0110100|010|100|010 0x68A2
5 1 0111101|001|101|100 0x7A6C
6 0 1000111|100|101|011 0x8F2B
BX = 011 Event : 20
0 0 0001100|001|100|100 0x1864
1 0 0010011|001|010|100 0x2654
1 1 0010110|010|011|111 0x2C9F
1 2 0010111|001|011|111 0x2E5F
2 0 0011000|010|111|101 0x30BD
4 0 0101111|001|000|110 0x5E46
4 1 0110011|100|111|100 0x673C
4 2 0111101|010|110|111 0x7AB7
5 0 0111000|000|100|010 0x7022
5 1 1000110|000|101|111 0x8C2F
6 0 1001001|010|110|100 0x92B4
6 1 1001101|001|001|110 0x9A4E
BX = 100 Event : 21
0 0 0001000|100|001|010 0x110A
1 0 0010101|100|100|000 0x2B20
2 0 0011110|000|000|000 0x3C00
2 1 0100001|100|011|100 0x431C
2 2 0100100|100|010|010 0x4912
2 3 0101000|100|010|111 0x5117
4 0 1000000|100|100|110 0x8126
4 1 1000100|001|010|100 0x8854
4 2 1000101|000|010|100 0x8A14
4 3 1000110|000|010|100 0x8C14
5 0 1001011|010|101|010 0x96AA
5 1 1010010|010|110|010 0xA4B2
BX = 101 Event : 22
1 0 0000100|010|110|001 0x08B1
1 1 0001001|011|001|011 0x12CB
3 0 0010001|000|110|011 0x2233
3 1 0010010|011|101|011 0x24EB
4 0 0011101|000|010|100 0x3A14
4 1 0011110|000|001|010 0x3C0A
4 2 0100110|010|111|100 0x4CBC
4 3 0101000|100|010|111 0x5117
4 4 0101010|001|010|111 0x5457
5 0 0101100|010|101|100 0x58AC
6 0 0110010|001|100|010 0x6462
7 0 0111001|001|111|001 0x7279
BX = 110 Event : 23
1 0 0010001|001|010|110 0x2256
3 0 0011000|011|101|000 0x30E8
4 0 0100000|000|100|001 0x4021
4 1 0100001|010|010|101 0x4295
5 0 0100110|000|100|001 0x4C21
BX = 111 Event : 24
0 0 0001001|000|011|001 0x1219
0 1 0001110|000|110|110 0x1C36
0 2 0010001|010|001|100 0x228C
0 3 0010111|100|100|111 0x2F27
1 0 0011010|100|101|100 0x352C
4 0 0110000|000|100|100 0x6024
4 1 0110100|010|101|100 0x68AC
5 0 0110110|100|110|001 0x6D31
BX = 000 Event : 25
0 0 0000100|000|110|011 0x0833
0 1 0000111|010|100|111 0x0EA7
0 2 0001110|100|111|111 0x1D3F
0 3 0001111|001|011|111 0x1E5F
1 0 0001011|100|110|010 0x1732
4 0 0100100|001|101|111 0x486F
4 1 0101011|010|000|100 0x5684
4 2 0101101|100|010|111 0x5B17
BX = 001 Event : 26
0 0 0010110|100|111|111 0x2D3F
2 0 0011101|010|011|100 0x3A9C
2 1 0011111|010|001|111 0x3E8F
3 0 0100001|000|100|001 0x4221
4 0 0111100|001|001|110 0x784E
4 1 1000010|010|011|100 0x849C
5 0 1000100|100|010|010 0x8912
5 1 1010011|010|100|110 0xA6A6
6 0 1011001|010|010|011 0xB293
BX = 010 Event : 27
2 0 0011000|010|011|000 0x3098
6 0 0111110|010|101|100 0x7CAC
7 0 1000001|011|111|000 0x82F8
BX = 011 Event : 28
1 0 0011101|100|001|000 0x3B08
4 0 0111001|000|000|011 0x7203
BX = 100 Event : 29
0 0 0010000|100|011|111 0x211F
1 0 0011110|100|000|111 0x3D07
4 0 0110101|000|111|001 0x6A39
4 1 0110110|001|010|111 0x6C57
4 2 0110111|010|010|111 0x6E97
4 3 0111010|000|011|110 0x741E
4 4 1000001|001|001|111 0x824F
6 0 1001100|001|111|010 0x987A
6 1 1001101|011|011|100 0x9ADC
7 0 1001111|001|010|000 0x9E50
BX = 101 Event : 30
0 0 0001100|001|011|100 0x185C
1 0 0011011|000|101|101 0x362D
1 1 0011100|010|101|011 0x38AB
1 2 0011110|100|101|010 0x3D2A
1 3 0100001|010|011|110 0x429E
1 4 0100011|001|011|101 0x465D
2 0 0100110|010|001|100 0x4C8C
5 0 1000101|000|011|110 0x8A1E
5 1 1000110|000|011|110 0x8C1E
BX = 110 Event : 31
0 0 0010000|010|101|101 0x20AD
0 1 0010001|100|001|101 0x230D
0 2 0010010|001|001|100 0x244C
0 3 0010100|100|001|100 0x290C
0 4 0010110|010|110|100 0x2CB4
0 5 0010111|010|110|100 0x2EB4
2 0 0100111|100|100|000 0x4F20
2 1 0101010|100|000|100 0x5504
7 0 1001101|011|011|000 0x9AD8
BX = 111 Event : 32
0 0 0001100|001|010|100 0x1854
1 0 0010010|001|010|010 0x2452
1 1 0010011|001|000|010 0x2642
4 0 0110110|100|010|100 0x6D14
4 1 0111111|000|010|100 0x7E14
4 2 1000100|010|100|111 0x88A7
4 3 1000111|010|001|111 0x8E8F
5 0 1001111|010|001|011 0x9E8B
5 1 1010100|001|011|110 0xA85E
BX = 000 Event : 33
0 0 0010000|001|100|110 0x2066
1 0 0010010|010|110|010 0x24B2
2 0 0011010|000|110|100 0x3434
5 0 0110010|010|000|000 0x6480
6 0 0111011|000|001|110 0x760E
BX = 001 Event : 34
0 0 0001011|010|000|110 0x1686
1 0 0010000|010|011|010 0x209A
1 1 0010001|100|011|001 0x2319
1 2 0010111|011|100|010 0x2EE2
4 0 0101101|100|111|100 0x5B3C
4 1 0110000|010|110|100 0x60B4
4 2 0110001|000|111|100 0x623C
4 3 0110011|100|111|100 0x673C
6 0 1001100|000|000|111 0x9807
BX = 010 Event : 35
0 0 0010101|001|111|111 0x2A7F
0 1 0010110|001|001|110 0x2C4E
0 2 0010111|100|001|110 0x2F0E
0 3 0011001|000|010|110 0x3216
0 4 0100011|001|001|111 0x464F
0 5 0100100|001|110|111 0x4877
2 0 0101101|001|111|101 0x5A7D
4 0 0111111|000|000|001 0x7E01
4 1 1000000|100|000|001 0x8101
4 2 1000001|100|000|001 0x8301
4 3 1000010|000|010|001 0x8411
4 4 1001110|100|100|111 0x9D27
5 0 1001011|100|011|010 0x971A
5 1 1001100|100|011|010 0x991A
5 2 1010010|011|011|100 0xA4DC
5 3 1010101|010|010|100 0xAA94
5 4 1011001|100|101|110 0xB32E
5 5 1011011|010|010|101 0xB695
BX = 011 Event : 36
0 0 0010011|100|011|110 0x271E
0 1 0010110|100|010|100 0x2D14
1 0 0011100|010|100|100 0x38A4
1 1 0011101|010|100|010 0x3AA2
2 0 0100010|010|101|010 0x44AA
4 0 0101101|100|001|010 0x5B0A
4 1 0110001|000|010|101 0x6215
4 2 0110011|001|010|100 0x6654
4 3 0111100|001|000|111 0x7847
BX = 100 Event : 37
1 0 0011011|010|111|010 0x36BA
4 0 0110110|010|001|110 0x6C8E
5 0 0111011|001|110|010 0x7672
5 1 0111101|100|100|001 0x7B21
5 2 1000010|011|010|100 0x84D4
BX = 101 Event : 38
0 0 0001110|010|010|110 0x1C96
0 1 0001111|100|101|110 0x1F2E
1 0 0011010|001|101|010 0x346A
2 0 0011110|000|011|000 0x3C18
4 0 0101101|100|110|010 0x5B32
4 1 0110100|000|010|100 0x6814
4 2 0110110|100|010|100 0x6D14
4 3 0111111|001|011|111 0x7E5F
5 0 1000010|010|010|111 0x8497
5 1 1000101|001|101|101 0x8A6D
5 2 1000110|010|010|101 0x8C95
6 0 1001100|100|111|101 0x993D
6 1 1001101|000|111|101 0x9A3D
7 0 1001110|001|110|000 0x9C70
BX = 110 Event : 39
1 0 0001011|011|100|100 0x16E4
1 1 0001101|011|100|010 0x1AE2
1 2 0001110|011|010|010 0x1CD2
1 3 0001111|011|010|010 0x1ED2
4 0 0101100|001|100|110 0x5866
5 0 0110001|000|101|001 0x6229
6 0 0111001|010|001|101 0x728D
BX = 111 Event : 40
0 0 0001100|000|011|011 0x181B
0 1 0001111|000|111|001 0x1E39
0 2 0010000|000|011|110 0x201E
0 3 0010101|001|110|100 0x2A74
0 4 0010110|000|110|100 0x2C34
1 0 0011000|001|011|000 0x3058
1 1 0011001|000|010|000 0x3210
4 0 0110000|000|001|001 0x6009
4 1 0110110|001|001|100 0x6C4C
5 0 0111011|100|100|100 0x7724
6 0 1000011|011|100|101 0x86E5
BX = 000 Event : 41
0 0 0000100|100|100|011 0x0923
0 1 0000101|100|101|001 0x0B29
0 2 0000110|001|011|110 0x0C5E
1 0 0010001|000|001|101 0x220D
4 0 0101001|001|000|110 0x5246
4 1 0101100|000|101|110 0x582E
4 2 0101101|010|010|110 0x5A96
4 3 0101110|000|000|110 0x5C06
4 4 0110000|001|001|100 0x604C
4 5 1000011|000|111|111 0x863F
4 6 1000101|001|011|111 0x8A5F
5 0 0111000|001|011|001 0x7059
5 1 0111101|010|001|000 0x7A88
BX = 001 Event : 42
0 0 0001100|000|000|100 0x1804
0 1 0001101|100|110|001 0x1B31
0 2 0010001|100|111|101 0x233D
0 3 0010010|001|111|101 0x247D
0 4 0010011|100|001|101 0x270D
0 5 0011010|100|111|100 0x353C
0 6 0011100|100|111|100 0x393C
1 0 0100011|001|110|010 0x4672
5 0 1000001|100|111|011 0x833B
5 1 1000011|010|111|010 0x86BA
5 2 1000110|001|000|111 0x8C47
5 3 1000111|000|111|110 0x8E3E
BX = 010 Event : 43
0 0 0000101|100|111|011 0x0B3B
0 1 0000110|100|111|011 0x0D3B
0 2 0001100|100|110|101 0x1935
0 3 0001101|001|011|100 0x1A5C
3 0 0010111|001|000|011 0x2E43
4 0 0111101|100|100|111 0x7B27
5 0 1000011|001|111|010 0x867A
6 0 1000101|000|100|000 0x8A20
BX = 011 Event : 44
0 0 0001100|100|110|011 0x1933
0 1 0001101|000|011|010 0x1A1A
0 2 0001111|010|100|111 0x1EA7
0 3 0010001|000|101|100 0x222C
1 0 0011001|001|001|100 0x324C
1 1 0011110|000|001|110 0x3C0E
3 0 0100001|000|110|000 0x4230
4 0 0110010|000|010|100 0x6414
4 1 0110100|000|010|110 0x6816
4 2 0110110|000|001|100 0x6C0C
4 3 0111100|001|110|111 0x7877
5 0 0111111|011|011|010 0x7EDA
5 1 1000101|010|111|110 0x8ABE
BX = 100 Event : 45
0 0 0010001|100|010|110 0x2316
0 1 0010010|001|011|110 0x245E
1 0 0011010|010|110|010 0x34B2
2 0 0100011|100|101|011 0x472B
4 0 0111000|010|101|111 0x70AF
6 0 1000101|000|001|000 0x8A08
6 1 1000110|000|101|000 0x8C28
6 2 1000111|100|100|011 0x8F23
7 0 1001100|000|100|000 0x9820
BX = 101 Event : 46
0 0 0010001|100|001|100 0x230C
0 1 0010010|000|111|011 0x243B
0 2 0010011|010|101|110 0x26AE
0 3 0011001|000|001|100 0x320C
1 0 0011100|100|110|001 0x3931
1 1 0011101|100|100|000 0x3B20
1 2 0011110|100|100|000 0x3D20
4 0 0110111|100|100|100 0x6F24
4 1 0111000|100|110|011 0x7133
4 2 0111001|000|100|001 0x7221
4 3 0111010|010|111|111 0x74BF
4 4 0111100|010|011|110 0x789E
4 5 1000001|001|010|100 0x8254
4 6 1000010|100|010|100 0x8514
4 7 1000011|100|000|100 0x8704
4 8 1001001|001|111|111 0x927F
5 0 1001101|100|001|110 0x9B0E
BX = 110 Event : 47
0 0 0010000|000|011|010 0x201A
0 1 0010010|001|100|100 0x2464
1 0 0010111|000|001|000 0x2E08
1 1 0011100|010|001|100 0x388C
1 2 0011101|001|101|010 0x3A6A
1 3 0011110|001|101|010 0x3C6A
1 4 0011111|100|001|101 0x3F0D
1 5 0100001|001|001|101 0x424D
1 6 0100010|001|010|101 0x4455
2 0 0100110|010|100|001 0x4CA1
3 0 0101101|100|000|001 0x5B01
4 0 1000011|000|001|001 0x8609
4 1 1000100|000|111|001 0x8839
4 2 1001000|100|110|110 0x9136
4 3 1010010|000|000|111 0xA407
5 0 1010011|011|111|100 0xA6FC
5 1 1010111|100|011|110 0xAF1E
5 2 1011001|001|111|110 0xB27E
5 3 1011010|000|110|110 0xB436
6 0 1011011|011|001|010 0xB6CA
BX = 111 Event : 48
0 0 0010010|100|000|010 0x2502
0 1 0010011|001|100|110 0x2666
0 2 0010100|000|011|110 0x281E
0 3 0010101|001|001|110 0x2A4E
1 0 0100100|001|111|100 0x487C
2 0 0101010|000|101|001 0x5429
4 0 0110110|100|111|100 0x6D3C
4 1 0111000|001|111|110 0x707E
4 2 0111001|010|010|110 0x7296
5 0 1000101|100|001|011 0x8B0B
6 0 1001110|011|011|101 0x9CDD
6 1 1010000|010|100|101 0xA0A5
7 0 1010010|010|010|000 0xA490
BX = 000 Event : 49
2 0 0011101|011|100|010 0x3AE2
4 0 0110010|100|110|100 0x6534
5 0 0111010|010|100|100 0x74A4
5 1 0111011|100|001|010 0x770A
5 2 0111100|000|001|010 0x780A
5 3 0111101|001|100|111 0x7A67
5 4 0111110|000|110|110 0x7C36
5 5 1000000|001|100|100 0x8064
6 0 1000001|001|011|010 0x825A
6 1 1000011|010|100|001 0x86A1
BX = 001 Event : 50
0 0 0001101|000|110|010 0x1A32
0 1 0010100|100|110|100 0x2934
0 2 0010110|001|111|110 0x2C7E
1 0 0011000|100|001|000 0x3108
1 1 0011010|000|111|010 0x343A
1 2 0011011|001|111|010 0x367A
4 0 0101101|000|101|100 0x5A2C
4 1 0101110|000|100|011 0x5C23
4 2 0101111|000|110|010 0x5E32
4 3 0110011|001|000|110 0x6646
4 4 0110100|100|000|110 0x6906
4 5 0110101|000|100|110 0x6A26
5 0 0111111|100|111|101 0x7F3D
5 1 1000000|100|000|100 0x8104
6 0 1000011|000|011|101 0x861D
6 1 1000100|000|011|101 0x881D
BX = 010 Event : 51
2 0 0100001|010|001|100 0x428C
2 1 0100111|000|110|110 0x4E36
4 0 0110110|001|111|110 0x6C7E
4 1 0111000|010|110|110 0x70B6
5 0 1000100|001|110|010 0x8872
7 0 1001000|100|111|000 0x9138
BX = 011 Event : 52
0 0 0010111|000|111|001 0x2E39
0 1 0011000|100|001|001 0x3109
0 2 0011001|100|001|001 0x3309
0 3 0011011|001|010|111 0x3657
0 4 0011111|001|110|100 0x3E74
0 5 0100010|001|001|111 0x444F
1 0 0100000|010|110|000 0x40B0
4 0 0110011|000|000|001 0x6601
4 1 0110110|100|011|110 0x6D1E
5 0 0111011|000|101|010 0x762A
7 0 1000111|011|001|000 0x8EC8
7 1 1001001|011|000|000 0x92C0
BX = 100 Event : 53
0 0 0010011|010|011|100 0x269C
1 0 0010110|010|100|000 0x2CA0
2 0 0011011|011|100|110 0x36E6
5 0 0110100|100|001|000 0x6908
5 1 0110111|010|101|010 0x6EAA
BX = 101 Event : 54
0 0 0001100|000|001|101 0x180D
0 1 0010001|010|001|100 0x228C
1 0 0010110|100|001|001 0x2D09
4 0 0101001|001|100|110 0x5266
4 1 0101010|001|100|110 0x5466
5 0 0110011|100|001|110 0x670E
5 1 0110101|100|001|110 0x6B0E
BX = 110 Event : 55
0 0 0001100|000|111|001 0x1839
0 1 0001110|010|010|110 0x1C96
4 0 0110101|001|110|101 0x6A75
5 0 1000001|010|100|110 0x82A6
6 0 1000010|001|111|010 0x847A
6 1 1000101|001|111|011 0x8A7B
7 0 1001000|100|110|101 0x9135
BX = 111 Event : 56
0 0 0001000|000|010|001 0x1011
0 1 0001111|000|101|100 0x1E2C
1 0 0010101|010|100|010 0x2AA2
1 1 0011100|001|100|010 0x3862
1 2 0011110|010|100|110 0x3CA6
4 0 0111010|010|000|101 0x7485
5 0 0111110|000|011|010 0x7C1A
5 1 1000111|010|100|101 0x8EA5
5 2 1001000|001|110|110 0x9076
6 0 1010010|010|000|011 0xA483
BX = 000 Event : 57
0 0 0001110|100|001|100 0x1D0C
0 1 0001111|100|100|011 0x1F23
0 2 0010011|100|100|101 0x2725
0 3 0010100|100|100|101 0x2925
0 4 0010101|000|100|101 0x2A25
0 5 0010110|000|111|101 0x2C3D
0 6 0010111|000|101|101 0x2E2D
1 0 0011010|100|001|000 0x3508
3 0 0101010|001|101|011 0x546B
4 0 0110101|000|111|001 0x6A39
4 1 0110110|000|011|001 0x6C19
6 0 1000101|011|000|000 0x8AC0
7 0 1001100|000|001|011 0x980B
BX = 001 Event : 58
0 0 0000111|100|011|101 0x0F1D
0 1 0001010|010|111|100 0x14BC
1 0 0010010|001|000|100 0x2444
1 1 0010011|010|110|110 0x26B6
2 0 0011001|001|000|111 0x3247
2 1 0011010|000|000|110 0x3406
3 0 0011100|001|110|010 0x3872
4 0 0100110|000|111|011 0x4C3B
4 1 0100111|100|000|010 0x4F02
4 2 0110001|100|011|100 0x631C
5 0 0110101|100|111|001 0x6B39
5 1 1000000|001|001|010 0x804A
6 0 1000011|100|001|010 0x870A
BX = 010 Event : 59
4 0 0100011|000|001|010 0x460A
5 0 0101011|010|110|010 0x56B2
5 1 0110011|010|111|010 0x66BA
BX = 011 Event : 60
1 0 0011101|001|110|000 0x3A70
1 1 0100000|011|000|100 0x40C4
1 2 0100010|100|010|010 0x4512
2 0 0101001|100|000|000 0x5300
4 0 1000011|000|110|011 0x8633
4 1 1000100|000|110|011 0x8833
4 2 1001101|001|100|101 0x9A65
5 0 1010011|100|101|010 0xA72A
5 1 1010101|000|101|001 0xAA29
5 2 1011110|010|011|100 0xBC9C
5 3 1100000|010|000|010 0xC082
5 4 1100010|000|011|110 0xC41E
5 5 1100011|000|011|110 0xC61E
5 6 1100100|000|010|110 0xC816
5 7 1100101|001|011|110 0xCA5E
5 8 1100110|001|011|101 0xCC5D
5 9 1100111|001|011|100 0xCE5C
BX = 100 Event : 61
0 0 0001011|010|011|110 0x169E
0 1 0001101|010|000|110 0x1A86
1 0 0010101|010|111|010 0x2ABA
1 1 0011100|011|101|011 0x38EB
1 2 0011101|010|110|010 0x3AB2
2 0 0100000|011|001|001 0x40C9
2 1 0100001|010|001|000 0x4288
4 0 0111101|100|111|010 0x7B3A
4 1 1000010|010|000|110 0x8486
4 2 1000011|100|010|101 0x8715
4 3 1000101|010|001|100 0x8A8C
4 4 1000110|000|001|100 0x8C0C
4 5 1001000|010|001|100 0x908C
5 0 1001010|001|101|010 0x946A
5 1 1010100|001|010|110 0xA856
5 2 1010101|001|110|101 0xAA75
6 0 1011000|000|111|000 0xB038
BX = 101 Event : 62
0 0 0001011|000|110|001 0x1631
0 1 0001100|000|010|001 0x1811
0 2 0001110|100|111|110 0x1D3E
1 0 0100010|001|011|110 0x445E
1 1 0100111|001|011|110 0x4E5E
1 2 0101000|001|011|110 0x505E
6 0 1000011|000|001|111 0x860F
BX = 110 Event : 63
0 0 0001011|000|011|010 0x161A
0 1 0010000|001|000|100 0x2044
1 0 0010011|000|100|000 0x2620
1 1 0010100|000|110|000 0x2830
1 2 0011010|000|001|110 0x340E
3 0 0011101|001|010|100 0x3A54
4 0 0101100|100|011|001 0x5919
5 0 0110010|000|101|000 0x6428
5 1 0110111|000|000|010 0x6E02
5 2 0111100|000|000|100 0x7804
6 0 0111111|010|011|000 0x7E98
6 1 1000000|011|010|000 0x80D0
BX = 111 Event : 64
0 0 0001010|000|111|001 0x1439
0 1 0001110|001|011|110 0x1C5E
0 2 0001111|010|011|101 0x1E9D
0 3 0010100|010|011|111 0x289F
1 0 0011010|000|110|010 0x3432
2 0 0100000|010|010|101 0x4095
4 0 0111010|010|110|110 0x74B6
4 1 1000100|010|101|111 0x88AF
5 0 1001010|100|110|100 0x9534
5 1 1001100|001|000|100 0x9844
7 0 1010101|011|111|000 0xAAF8
BX = 000 Event : 65
0 0 0000110|000|001|110 0x0C0E
0 1 0001000|100|001|110 0x110E
1 0 0010011|100|110|011 0x2733
2 0 0010111|010|110|000 0x2EB0
5 0 0110111|011|110|100 0x6EF4
5 1 0111100|010|111|110 0x78BE
5 2 0111101|010|101|100 0x7AAC
BX = 001 Event : 66
0 0 0001110|010|110|110 0x1CB6
0 1 0010000|010|101|101 0x20AD
0 2 0010001|000|000|101 0x2205
4 0 0110110|100|110|100 0x6D34
4 1 0111001|001|101|101 0x726D
5 0 1000000|100|000|001 0x8101
BX = 010 Event : 67
0 0 0000101|000|000|001 0x0A01
0 1 0001110|010|000|110 0x1C86
1 0 0001010|001|000|010 0x1442
1 1 0001101|001|111|000 0x1A78
1 2 0010010|000|001|010 0x240A
1 3 0010011|000|111|010 0x263A
2 0 0011010|100|011|100 0x351C
4 0 0101111|000|001|101 0x5E0D
5 0 0110010|001|011|010 0x645A
5 1 0111110|100|010|100 0x7D14
5 2 0111111|011|001|010 0x7ECA
6 0 1000101|001|111|101 0x8A7D
6 1 1000110|010|111|101 0x8CBD
BX = 011 Event : 68
0 0 0001000|100|111|001 0x1139
0 1 0001100|010|010|110 0x1896
0 2 0010101|010|101|111 0x2AAF
1 0 0011001|011|111|100 0x32FC
1 1 0011100|100|001|100 0x390C
1 2 0011101|010|011|110 0x3A9E
3 0 0100110|010|101|011 0x4CAB
4 0 0110000|010|100|101 0x60A5
4 1 0110001|100|010|101 0x6315
5 0 0110101|010|010|110 0x6A96
6 0 0111010|000|100|000 0x7420
6 1 0111011|010|001|011 0x768B
7 0 1000000|000|100|011 0x8023
BX = 100 Event : 69
0 0 0001100|100|110|010 0x1932
0 1 0001110|000|011|001 0x1C19
0 2 0010101|100|001|110 0x2B0E
0 3 0011010|000|001|100 0x340C
1 0 0101110|010|010|100 0x5C94
1 1 0101111|000|101|100 0x5E2C
1 2 0110010|001|111|010 0x647A
1 3 0110100|000|011|101 0x681D
1 4 0110101|010|111|101 0x6ABD
1 5 0110110|010|101|101 0x6CAD
2 0 0111100|100|110|110 0x7936
4 0 1010011|000|001|111 0xA60F
4 1 1010101|100|001|111 0xAB0F
5 0 1010001|010|101|000 0xA2A8
5 1 1011100|001|011|010 0xB85A
5 2 1100011|001|100|110 0xC666
BX = 101 Event : 70
0 0 0001111|100|000|001 0x1F01
1 0 0010100|010|000|010 0x2882
1 1 0011001|001|000|010 0x3242
1 2 0011101|010|000|111 0x3A87
2 0 0011010|010|000|000 0x3480
2 1 0100010|010|001|000 0x4488
4 0 0111101|000|010|111 0x7A17
6 0 1000100|001|101|001 0x8869
BX = 110 Event : 71
0 0 0000101|100|100|011 0x0B23
1 0 0010111|100|000|101 0x2F05
1 1 0011000|001|110|101 0x3075
2 0 0011011|001|101|101 0x366D
2 1 0011100|001|011|110 0x385E
2 2 0011101|100|010|110 0x3B16
2 3 0011110|010|011|110 0x3C9E
5 0 0111011|000|100|010 0x7622
5 1 0111100|100|100|010 0x7922
6 0 1000001|010|101|101 0x82AD
BX = 111 Event : 72
0 0 0010100|000|100|001 0x2821
0 1 0010101|001|100|110 0x2A66
0 2 0010110|000|100|110 0x2C26
0 3 0010111|010|010|101 0x2E95
0 4 0011001|010|000|100 0x3284
0 5 0011011|001|001|100 0x364C
0 6 0011111|100|001|100 0x3F0C
0 7 0100001|000|001|100 0x420C
1 0 0101010|001|001|110 0x544E
1 1 0101011|001|001|110 0x564E
1 2 0101100|100|011|101 0x591D
2 0 0110001|001|000|110 0x6246
3 0 0110011|010|101|011 0x66AB
3 1 0110100|010|101|011 0x68AB
4 0 1010010|001|000|101 0xA445
4 1 1010111|010|111|100 0xAEBC
4 2 1011100|010|100|111 0xB8A7
5 0 1011011|001|100|000 0xB660
BX = 000 Event : 73
1 0 0011110|001|100|101 0x3C65
2 0 0100000|011|100|100 0x40E4
4 0 0110010|000|110|100 0x6434
4 1 0110011|000|011|100 0x661C
4 2 0110111|001|100|110 0x6E66
4 3 0111000|100|011|110 0x711E
5 0 1000110|001|110|111 0x8C77
6 0 1001000|011|101|011 0x90EB
7 0 1001001|011|001|000 0x92C8
7 1 1001011|011|000|000 0x96C0
BX = 001 Event : 74
0 0 0000101|000|010|001 0x0A11
0 1 0001000|010|001|101 0x108D
1 0 0001010|000|110|001 0x1431
2 0 0001111|000|011|000 0x1E18
4 0 0100000|100|100|101 0x4125
4 1 0100111|100|010|111 0x4F17
BX = 010 Event : 75
0 0 0001111|000|100|011 0x1E23
0 1 0101000|001|010|111 0x5057
1 0 0100010|010|011|001 0x4499
2 0 0101110|000|000|010 0x5C02
2 1 0101111|100|001|010 0x5F0A
2 2 0110101|000|000|010 0x6A02
2 3 0110110|000|001|010 0x6C0A
4 0 1000001|100|111|011 0x833B
4 1 1000110|010|000|100 0x8C84
4 2 1001011|001|111|111 0x967F
5 0 1010000|001|010|110 0xA056
5 1 1010101|010|011|100 0xAA9C
6 0 1011000|001|001|000 0xB048
6 1 1011011|011|001|000 0xB6C8
BX = 011 Event : 76
0 0 0010011|100|111|010 0x273A
0 1 0010100|000|110|001 0x2831
1 0 0100000|010|001|001 0x4089
1 1 0100011|011|000|100 0x46C4
1 2 0100100|001|110|100 0x4874
2 0 0101010|011|001|100 0x54CC
2 1 0101011|011|001|111 0x56CF
2 2 0101100|011|001|111 0x58CF
3 0 0101111|011|001|100 0x5ECC
4 0 0111001|000|010|010 0x7212
4 1 0111101|010|010|110 0x7A96
5 0 1000110|100|100|010 0x8D22
5 1 1001011|001|110|110 0x9676
5 2 1001100|100|110|110 0x9936
BX = 100 Event : 77
0 0 0001101|000|010|001 0x1A11
2 0 0100000|001|101|010 0x406A
3 0 0100001|100|110|001 0x4331
BX = 101 Event : 78
1 0 0010100|001|100|001 0x2861
4 0 0101000|010|111|111 0x50BF
6 0 0110001|100|001|101 0x630D
BX = 110 Event : 79
0 0 0001111|100|011|001 0x1F19
0 1 0010000|000|000|001 0x2001
0 2 0010011|001|100|101 0x2665
1 0 0010110|000|001|101 0x2C0D
1 1 0011000|001|001|101 0x304D
1 2 0011001|100|011|111 0x331F
4 0 0101000|000|000|110 0x5006
4 1 0110011|100|000|111 0x6707
4 2 0110101|000|000|111 0x6A07
5 0 0111010|001|010|100 0x7454
5 1 0111110|000|010|110 0x7C16
BX = 111 Event : 80
0 0 0010000|000|001|011 0x200B
0 1 0010001|100|001|010 0x230A
0 2 0010110|000|110|101 0x2C35
0 3 0011000|010|110|100 0x30B4
0 4 0011010|010|111|100 0x34BC
0 5 0011011|000|111|101 0x363D
1 0 0100110|011|011|101 0x4CDD
1 1 0100111|001|011|100 0x4E5C
1 2 0101000|000|000|011 0x5003
1 3 0101001|010|000|010 0x5282
1 4 0101010|000|110|010 0x5432
2 0 0110011|000|000|110 0x6606
2 1 0110100|000|000|110 0x6806
4 0 1001100|100|000|100 0x9904
5 0 1001111|100|000|010 0x9F02
5 1 1010000|000|000|010 0xA002
5 2 1010001|001|000|010 0xA242
5 3 1010111|100|000|010 0xAF02
5 4 1011000|011|000|010 0xB0C2
6 0 1011100|000|001|000 0xB808
BX = 000 Event : 81
0 0 0000101|100|000|110 0x0B06
0 1 0000110|001|101|110 0x0C6E
2 0 0001101|000|011|010 0x1A1A
2 1 0001111|001|101|101 0x1E6D
2 2 0010001|010|101|110 0x22AE
4 0 0100011|100|010|110 0x4716
5 0 0110000|001|110|110 0x6076
6 0 0110011|100|111|011 0x673B
7 0 0110101|011|011|001 0x6AD9
BX = 001 Event : 82
0 0 0011101|100|000|111 0x3B07
1 0 0011000|100|101|001 0x3129
1 1 0011001|000|101|001 0x3229
4 0 0110010|000|111|001 0x6439
4 1 0110100|100|101|110 0x692E
5 0 1000011|001|100|100 0x8664
BX = 010 Event : 83
0 0 0001111|100|101|001 0x1F29
0 1 0010010|100|110|110 0x2536
1 0 0011111|000|001|111 0x3E0F
4 0 0101101|000|010|010 0x5A12
4 1 0110000|010|110|110 0x60B6
6 0 1000100|000|100|010 0x8822
BX = 011 Event : 84
0 0 0010010|010|101|110 0x24AE
1 0 0011111|010|001|010 0x3E8A
4 0 0111000|000|110|110 0x7036
4 1 0111010|001|111|100 0x747C
4 2 0111100|010|111|100 0x78BC
4 3 0111111|000|111|100 0x7E3C
4 4 1000000|010|111|100 0x80BC
BX = 100 Event : 85
0 0 0010111|100|100|111 0x2F27
1 0 0100011|000|010|010 0x4612
1 1 0100100|100|110|000 0x4930
1 2 0101101|000|010|011 0x5A13
3 0 1000000|011|101|011 0x80EB
4 0 1010100|000|001|011 0xA80B
4 1 1011001|000|011|110 0xB21E
4 2 1011100|100|010|101 0xB915
4 3 1100000|000|001|111 0xC00F
5 0 1101010|011|111|010 0xD4FA
BX = 101 Event : 86
1 0 0011100|001|110|100 0x3874
1 1 0011111|100|011|110 0x3F1E
1 2 0100000|001|011|110 0x405E
1 3 0100010|010|010|110 0x4496
1 4 0100011|000|101|110 0x462E
2 0 0100100|001|001|010 0x484A
2 1 0100101|001|001|010 0x4A4A
2 2 0100110|000|001|010 0x4C0A
2 3 0101000|011|001|110 0x50CE
4 0 0110110|001|101|101 0x6C6D
4 1 0110111|001|101|101 0x6E6D
4 2 0111000|001|100|100 0x7064
4 3 0111010|000|001|100 0x740C
4 4 0111111|000|001|111 0x7E0F
4 5 1000000|000|001|111 0x800F
5 0 1000101|100|111|010 0x8B3A
5 1 1001011|100|001|100 0x970C
BX = 110 Event : 87
0 0 0001110|100|111|011 0x1D3B
0 1 0011001|000|110|100 0x3234
1 0 0100011|000|010|100 0x4614
1 1 0101001|001|010|100 0x5254
1 2 0101010|100|110|111 0x5537
1 3 0101011|010|101|101 0x56AD
3 0 0110001|011|111|000 0x62F8
4 0 1001010|001|001|110 0x944E
5 0 1010010|001|110|100 0xA474
5 1 1010011|000|010|011 0xA613
BX = 111 Event : 88
0 0 0001111|000|110|110 0x1E36
1 0 0011000|100|111|001 0x3139
4 0 0111101|000|010|001 0x7A11
4 1 1000001|010|110|100 0x82B4
6 0 1010100|001|111|010 0xA87A
BX = 000 Event : 89
0 0 0001100|001|101|100 0x186C
4 0 0101101|000|101|010 0x5A2A
4 1 0110101|000|011|100 0x6A1C
5 0 0110111|010|101|010 0x6EAA
5 1 0111110|001|000|011 0x7C43
6 0 1000000|000|110|001 0x8031
6 1 1000011|000|110|111 0x8637
7 0 1000010|011|001|000 0x84C8
BX = 001 Event : 90
0 0 0010000|000|100|100 0x2024
0 1 0010001|000|100|100 0x2224
1 0 0010101|100|010|000 0x2B10
1 1 0100000|010|100|111 0x40A7
2 0 0100100|011|010|001 0x48D1
4 0 0101111|100|110|100 0x5F34
4 1 0110011|100|001|111 0x670F
BX = 010 Event : 91
0 0 0001001|000|111|011 0x123B
1 0 0010100|100|111|000 0x2938
1 1 0011110|010|101|101 0x3CAD
2 0 0011111|010|110|010 0x3EB2
2 1 0100110|010|010|110 0x4C96
4 0 0110101|000|011|111 0x6A1F
4 1 0110111|001|111|111 0x6E7F
4 2 0111000|001|011|111 0x705F
5 0 1000011|011|110|010 0x86F2
5 1 1001000|001|010|100 0x9054
BX = 011 Event : 92
0 0 0001111|000|110|110 0x1E36
1 0 0011001|100|111|001 0x3339
2 0 0101000|010|101|000 0x50A8
4 0 1000111|000|010|001 0x8E11
4 1 1001100|010|110|100 0x98B4
6 0 1011110|001|111|010 0xBC7A
BX = 100 Event : 93
0 0 0010111|010|111|100 0x2EBC
1 0 0011110|000|111|000 0x3C38
1 1 0011111|100|111|000 0x3F38
1 2 0100011|010|110|010 0x46B2
1 3 0100100|000|101|010 0x482A
2 0 0101001|100|101|100 0x532C
4 0 1001011|100|111|111 0x973F
4 1 1001100|010|101|111 0x98AF
5 0 1001001|010|110|000 0x92B0
6 0 1011101|001|111|101 0xBA7D
BX = 101 Event : 94
0 0 0001110|000|100|100 0x1C24
0 1 0010011|100|100|111 0x2727
0 2 0010100|000|101|111 0x282F
0 3 0010110|000|100|111 0x2C27
1 0 0011011|010|100|111 0x36A7
2 0 0011111|011|010|001 0x3ED1
4 0 0101001|100|110|100 0x5334
4 1 0101011|100|110|100 0x5734
5 0 0110010|100|001|111 0x650F
BX = 110 Event : 95
0 0 0010100|100|111|010 0x293A
0 1 0010101|000|011|001 0x2A19
0 2 0010110|000|110|001 0x2C31
0 3 0011010|001|011|101 0x345D
1 0 0011100|001|100|010 0x3862
1 1 0011110|010|000|001 0x3C81
1 2 0011111|010|001|001 0x3E89
1 3 0101001|011|000|100 0x52C4
1 4 0101011|000|111|010 0x563A
2 0 0110010|011|001|111 0x64CF
3 0 0110011|010|010|010 0x6692
3 1 0110101|010|001|100 0x6A8C
4 0 1000000|000|010|010 0x8012
4 1 1000011|010|010|110 0x8696
5 0 1001011|100|100|010 0x9722
5 1 1010000|001|110|110 0xA076
5 2 1010001|100|110|110 0xA336
6 0 1010101|001|001|100 0xAA4C
BX = 111 Event : 96
0 0 0001100|000|111|011 0x183B
1 0 0010010|010|110|010 0x24B2
1 1 0010011|001|110|001 0x2671
1 2 0010111|011|010|100 0x2ED4
1 3 0011001|001|101|111 0x326F
4 0 0100100|100|111|011 0x493B
4 1 0100101|010|111|111 0x4ABF
4 2 0101010|001|110|111 0x5477
6 0 0110100|010|011|110 0x689E
6 1 0110101|011|011|110 0x6ADE
6 2 0110110|010|011|101 0x6C9D
BX = 000 Event : 97
0 0 0001100|000|000|110 0x1806
0 1 0001110|000|011|100 0x1C1C
0 2 0011000|100|000|111 0x3107
1 0 0010101|001|100|001 0x2A61
1 1 0011100|100|010|010 0x3912
4 0 0101110|001|001|111 0x5C4F
6 0 0111001|100|001|101 0x730D
BX = 001 Event : 98
0 0 0001000|100|110|001 0x1131
0 1 0001011|100|101|101 0x172D
0 2 0001110|010|110|100 0x1CB4
1 0 0010100|010|001|010 0x288A
5 0 0110110|001|000|000 0x6C40
5 1 1000000|001|110|111 0x8077
6 0 1000100|100|001|101 0x890D
BX = 010 Event : 99
0 0 0001100|000|001|011 0x180B
0 1 0010001|010|110|100 0x22B4
0 2 0010010|000|111|101 0x243D
1 0 0010101|010|011|000 0x2A98
1 1 0011100|011|011|101 0x38DD
1 2 0011101|000|000|011 0x3A03
1 3 0011110|000|110|010 0x3C32
1 4 0011111|001|110|010 0x3E72
2 0 0100101|011|001|100 0x4ACC
2 1 0101000|100|000|110 0x5106
2 2 0101001|100|000|110 0x5306
4 0 0111101|010|110|100 0x7AB4
5 0 1000101|011|000|010 0x8AC2
BX = 011 Event : 100
0 0 0000010|100|110|010 0x0532
0 1 0000110|000|010|100 0x0C14
1 0 0000111|010|001|000 0x0E88
1 1 0001011|010|111|110 0x16BE
