BX = 000 Event : 1
1 0 0001111|010|111|000 0x1EB8
1 1 0010101|110|111|010 0x2BBA
1 2 0011010|100|110|110 0x3536
3 0 0100000|010|101|011 0x40AB
4 0 0101010|100|101|011 0x552B
4 1 0101011|001|010|001 0x5651
5 0 0101110|100|001|000 0x5D08
5 1 0110011|011|001|001 0x66C9
5 2 0110101|001|010|100 0x6A54
BX = 001 Event : 2
0 0 0001110|001|001|100 0x1C4C
0 1 0010000|100|111|111 0x213F
1 0 0100000|101|111|000 0x4178
1 1 0100101|110|001|010 0x4B8A
1 2 0100110|101|111|010 0x4D7A
2 0 0100111|001|101|001 0x4E69
2 1 0101000|010|100|001 0x50A1
2 2 0101001|001|111|001 0x5279
3 0 0101100|011|111|000 0x58F8
4 0 0111000|001|000|101 0x7045
4 1 0111011|100|000|100 0x7704
4 2 0111100|010|010|100 0x7894
6 0 1000011|010|001|010 0x868A
7 0 1001000|101|110|100 0x9174
BX = 010 Event : 3
0 0 0000011|001|110|010 0x0672
0 1 0000100|100|000|010 0x0902
0 2 0001000|001|000|001 0x1041
0 3 0001010|000|011|100 0x141C
0 4 0010001|100|010|111 0x2317
1 0 0010110|101|011|010 0x2D5A
1 1 0011000|110|001|010 0x318A
1 2 0011100|010|001|111 0x388F
2 0 0011110|101|000|010 0x3D42
2 1 0011111|000|000|010 0x3E02
3 0 0100111|101|111|100 0x4F7C
3 1 0101000|011|111|100 0x50FC
4 0 0110110|000|110|110 0x6C36
4 1 0110111|001|110|110 0x6E76
4 2 0111010|101|100|100 0x7564
4 3 1000000|000|101|110 0x802E
5 0 0111100|100|000|001 0x7901
5 1 1000001|100|001|100 0x830C
BX = 011 Event : 4
0 0 0001011|000|000|100 0x1604
0 1 0001110|000|000|100 0x1C04
1 0 0010011|110|010|011 0x2793
1 1 0010110|110|001|110 0x2D8E
2 0 0011001|010|101|101 0x32AD
2 1 0011010|001|101|101 0x346D
4 0 0101111|101|010|101 0x5F55
5 0 0111001|101|010|110 0x7356
6 0 0111010|101|011|010 0x755A
6 1 0111011|100|011|010 0x771A
6 2 0111101|101|011|011 0x7B5B
6 3 0111110|000|111|101 0x7C3D
7 0 0111111|001|100|010 0x7E62
7 1 1000000|000|100|000 0x8020
BX = 100 Event : 5
0 0 0001110|001|101|011 0x1C6B
0 1 0010000|100|110|010 0x2132
0 2 0010001|001|100|010 0x2262
0 3 0010010|101|011|110 0x255E
0 4 0010101|010|111|100 0x2ABC
3 0 0100011|001|100|000 0x4660
4 0 0101101|001|101|001 0x5A69
4 1 0101110|001|010|001 0x5C51
BX = 101 Event : 6
0 0 0001101|101|001|110 0x1B4E
0 1 0001110|100|101|110 0x1D2E
0 2 0010000|010|011|101 0x209D
0 3 0010010|101|101|100 0x256C
1 0 0010101|101|101|010 0x2B6A
1 1 0010111|001|100|000 0x2E60
2 0 0011101|001|000|011 0x3A43
3 0 0100001|101|111|101 0x437D
3 1 0100010|100|001|011 0x450B
4 0 0110001|001|010|010 0x6252
4 1 0110100|110|000|110 0x6986
4 2 0111000|010|101|101 0x70AD
4 3 0111011|101|100|100 0x7764
4 4 0111100|100|011|100 0x791C
5 0 0111111|000|000|010 0x7E02
5 1 1000001|010|111|000 0x82B8
5 2 1001000|100|111|110 0x913E
5 3 1001001|110|000|101 0x9385
5 4 1001010|010|001|101 0x948D
6 0 1001100|011|011|101 0x98DD
6 1 1001101|011|100|101 0x9AE5
BX = 110 Event : 7
0 0 0001010|100|010|010 0x1512
1 0 0010000|010|101|010 0x20AA
1 1 0011110|101|110|110 0x3D76
1 2 0011111|001|110|110 0x3E76
2 0 0100110|110|101|001 0x4DA9
5 0 0111101|100|111|010 0x7B3A
5 1 1001000|100|111|001 0x9139
6 0 1001100|101|000|010 0x9942
6 1 1001110|101|000|010 0x9D42
7 0 1010001|110|001|011 0xA38B
BX = 111 Event : 8
2 0 0101000|011|000|101 0x50C5
2 1 0101010|001|011|110 0x545E
4 0 0110010|100|001|011 0x650B
4 1 0110011|001|111|011 0x667B
4 2 0110110|100|001|001 0x6D09
4 3 0110111|100|110|001 0x6F31
4 4 0111000|001|000|111 0x7047
4 5 0111011|001|101|110 0x766E
4 6 0111100|101|110|101 0x7975
4 7 0111111|100|110|100 0x7F34
4 8 1000000|101|010|100 0x8154
4 9 1000001|100|110|100 0x8334
5 0 1000101|000|110|100 0x8A34
5 1 1001001|101|101|100 0x936C
6 0 1001101|001|110|100 0x9A74
7 0 1010010|111|001|101 0xA5CD
BX = 000 Event : 9
0 0 0000110|001|100|100 0x0C64
0 1 0001000|100|011|101 0x111D
4 0 0100111|100|111|001 0x4F39
4 1 0101000|101|011|101 0x515D
5 0 0101111|110|000|011 0x5F83
6 0 0110000|001|001|000 0x6048
6 1 0110101|010|000|111 0x6A87
7 0 0110100|101|000|000 0x6940
7 1 0110110|001|000|010 0x6C42
7 2 0110111|101|001|100 0x6F4C
BX = 001 Event : 10
0 0 0010000|000|111|010 0x203A
0 1 0010011|000|011|100 0x261C
0 2 0010100|100|100|100 0x2924
0 3 0010101|010|011|100 0x2A9C
1 0 0011010|100|001|110 0x350E
1 1 0011011|000|001|110 0x360E
4 0 0101011|001|000|011 0x5643
4 1 0110000|010|001|100 0x608C
5 0 0110001|001|011|101 0x625D
BX = 010 Event : 11
0 0 0000110|100|010|010 0x0D12
0 1 0001000|000|010|001 0x1011
0 2 0001001|100|101|001 0x1329
0 3 0001010|000|010|001 0x1411
1 0 0010000|010|000|001 0x2081
1 1 0010001|110|101|100 0x23AC
1 2 0010111|010|111|110 0x2EBE
3 0 0011011|000|110|100 0x3634
4 0 0101001|100|111|010 0x533A
4 1 0101111|110|101|111 0x5FAF
4 2 0110000|100|100|110 0x6126
4 3 0110110|010|000|111 0x6C87
5 0 0111000|110|100|100 0x71A4
5 1 0111001|110|011|001 0x7399
5 2 0111010|001|010|001 0x7451
6 0 1000001|011|001|101 0x82CD
BX = 011 Event : 12
0 0 0001110|001|001|011 0x1C4B
0 1 0011001|010|011|101 0x329D
0 2 0011100|100|100|100 0x3924
2 0 0101101|011|001|101 0x5ACD
4 0 0111011|000|111|001 0x7639
4 1 0111110|000|111|110 0x7C3E
4 2 0111111|010|111|100 0x7EBC
5 0 1000100|110|101|101 0x89AD
5 1 1000111|100|011|011 0x8F1B
5 2 1001000|000|011|011 0x901B
5 3 1010011|010|110|101 0xA6B5
6 0 1010100|011|001|010 0xA8CA
6 1 1010101|001|111|000 0xAA78
6 2 1010110|001|111|000 0xAC78
7 0 1010111|010|110|000 0xAEB0
7 1 1011000|111|101|100 0xB1EC
BX = 100 Event : 13
0 0 0001001|100|010|010 0x1312
2 0 0001111|001|011|010 0x1E5A
3 0 0010100|111|101|101 0x29ED
4 0 0011101|001|011|011 0x3A5B
4 1 0011110|001|111|010 0x3C7A
5 0 0101100|101|010|110 0x5956
6 0 0101110|001|101|000 0x5C68
6 1 0110000|011|000|110 0x60C6
7 0 0110001|010|010|001 0x6291
7 1 0110010|000|011|001 0x6419
7 2 0110011|001|010|001 0x6651
7 3 0110100|101|011|001 0x6959
BX = 101 Event : 14
0 0 0001001|000|010|011 0x1213
0 1 0001011|101|001|110 0x174E
0 2 0010010|101|100|110 0x2566
2 0 0011000|110|101|001 0x31A9
2 1 0011111|001|111|100 0x3E7C
2 2 0100000|110|101|011 0x41AB
4 0 0101010|000|110|010 0x5432
4 1 0101110|001|101|101 0x5C6D
5 0 0110011|110|001|100 0x678C
5 1 0110100|110|111|011 0x69BB
6 0 0111100|000|111|101 0x783D
BX = 110 Event : 15
0 0 0010001|001|010|100 0x2254
1 0 0010101|101|010|000 0x2B50
2 0 0011101|110|000|101 0x3B85
3 0 0100001|110|111|001 0x43B9
4 0 0101110|100|100|111 0x5D27
4 1 0101111|001|101|111 0x5E6F
5 0 0110111|001|011|111 0x6E5F
6 0 0111111|011|100|101 0x7EE5
BX = 111 Event : 16
0 0 0001010|001|011|110 0x145E
1 0 0001101|110|100|001 0x1BA1
1 1 0001110|101|101|010 0x1D6A
4 0 0011001|000|101|001 0x3229
4 1 0011010|000|100|001 0x3421
4 2 0011011|000|101|001 0x3629
4 3 0011101|100|100|001 0x3B21
4 4 0100000|001|101|100 0x406C
5 0 0100110|010|001|011 0x4C8B
6 0 0101010|101|110|101 0x5575
BX = 000 Event : 17
1 0 0010100|101|000|000 0x2940
1 1 0010101|100|000|010 0x2B02
1 2 0010111|000|001|110 0x2E0E
2 0 0011100|010|000|111 0x3887
4 0 0101111|101|110|110 0x5F76
5 0 0110110|010|010|000 0x6C90
BX = 001 Event : 18
0 0 0001011|100|110|110 0x1736
1 0 0010000|110|011|001 0x2199
1 1 0010101|011|000|010 0x2AC2
1 2 0010110|101|001|110 0x2D4E
1 3 0010111|101|111|101 0x2F7D
1 4 0011000|101|111|101 0x317D
2 0 0011001|101|011|101 0x335D
2 1 0011010|011|011|010 0x34DA
2 2 0011011|101|011|101 0x375D
3 0 0011101|011|010|011 0x3AD3
4 0 0101000|100|010|011 0x5113
5 0 0110011|001|110|001 0x6671
5 1 0111010|110|001|010 0x758A
5 2 0111100|000|000|111 0x7807
5 3 0111101|001|100|101 0x7A65
6 0 0111111|001|100|100 0x7E64
BX = 010 Event : 19
0 0 0010000|110|111|101 0x21BD
0 1 0010001|010|000|101 0x2285
2 0 0011010|011|000|001 0x34C1
2 1 0011100|110|011|100 0x399C
3 0 0011111|001|001|001 0x3E49
3 1 0100000|000|000|001 0x4001
3 2 0100001|011|100|000 0x42E0
3 3 0100100|111|000|011 0x49C3
4 0 0110001|000|101|011 0x622B
5 0 0111111|001|101|000 0x7E68
5 1 1000010|000|111|011 0x843B
5 2 1000110|110|001|111 0x8D8F
6 0 1001001|010|000|100 0x9284
BX = 011 Event : 20
0 0 0001100|010|011|100 0x189C
0 1 0001101|101|101|100 0x1B6C
1 0 0010110|000|000|100 0x2C04
1 1 0010111|100|110|110 0x2F36
1 2 0011000|001|111|100 0x307C
4 0 0100001|001|011|011 0x425B
4 1 0100011|100|010|110 0x4716
5 0 0100101|000|011|010 0x4A1A
5 1 0101010|010|011|010 0x549A
6 0 0101011|001|100|000 0x5660
7 0 0101110|110|111|011 0x5DBB
BX = 100 Event : 21
0 0 0000110|100|101|001 0x0D29
2 0 0001110|101|011|001 0x1D59
4 0 0100001|100|001|001 0x4309
4 1 0100010|101|011|111 0x455F
4 2 0100011|000|111|101 0x463D
4 3 0100100|100|100|100 0x4924
4 4 0101001|101|011|111 0x535F
5 0 0101100|000|101|011 0x582B
BX = 101 Event : 22
4 0 0011000|100|101|011 0x312B
5 0 0011110|110|000|000 0x3D80
5 1 0011111|010|001|000 0x3E88
5 2 0100000|100|011|000 0x4118
5 3 0100001|001|000|010 0x4242
5 4 0100100|001|100|110 0x4866
5 5 0100101|001|100|110 0x4A66
6 0 0100110|000|100|000 0x4C20
BX = 110 Event : 23
1 0 0010010|001|111|001 0x2479
1 1 0010011|101|011|000 0x2758
2 0 0011001|001|101|110 0x326E
3 0 0011000|111|100|000 0x31E0
4 0 0100101|100|111|011 0x4B3B
4 1 0100110|100|100|001 0x4D21
4 2 0110110|110|000|111 0x6D87
5 0 0101110|110|100|010 0x5DA2
5 1 0110000|100|001|001 0x6109
5 2 0110111|100|000|101 0x6F05
6 0 0111000|110|101|111 0x71AF
BX = 111 Event : 24
0 0 0001001|100|111|011 0x133B
0 1 0001010|000|010|010 0x1412
0 2 0001011|100|001|001 0x1709
0 3 0010001|101|010|101 0x2355
2 0 0011100|010|011|011 0x389B
4 0 0101110|100|001|100 0x5D0C
5 0 0110001|001|101|001 0x6269
5 1 0111000|101|111|100 0x717C
6 0 0111110|111|111|011 0x7DFB
BX = 000 Event : 25
0 0 0001001|000|111|110 0x123E
0 1 0001100|000|110|111 0x1837
0 2 0001101|110|100|110 0x1BA6
1 0 0001011|110|110|010 0x17B2
3 0 0001111|011|000|011 0x1EC3
4 0 0010110|100|111|100 0x2D3C
4 1 0010111|000|101|100 0x2E2C
5 0 0011100|010|111|001 0x38B9
5 1 0011101|100|001|110 0x3B0E
6 0 0011111|011|111|000 0x3EF8
6 1 0100000|011|111|000 0x40F8
6 2 0100011|101|111|011 0x477B
6 3 0100100|101|111|011 0x497B
6 4 0100101|111|001|110 0x4BCE
6 5 0100110|010|001|111 0x4C8F
BX = 001 Event : 26
1 0 0001111|101|010|000 0x1F50
4 0 0100011|000|110|010 0x4632
4 1 0100100|001|100|001 0x4861
4 2 0100101|100|001|001 0x4B09
4 3 0100110|100|010|001 0x4D11
4 4 0100111|001|000|101 0x4E45
5 0 0101100|100|001|001 0x5909
6 0 0110010|011|111|010 0x64FA
6 1 0110011|011|111|101 0x66FD
6 2 0110100|011|111|011 0x68FB
BX = 010 Event : 27
0 0 0000111|000|110|010 0x0E32
0 1 0001000|100|110|010 0x1132
0 2 0001011|000|001|001 0x1609
1 0 0010010|000|111|010 0x243A
1 1 0010110|110|110|000 0x2DB0
1 2 0011101|001|110|101 0x3A75
4 0 0110001|010|001|100 0x628C
5 0 0110100|101|110|011 0x6973
6 0 0110111|010|110|000 0x6EB0
6 1 0111001|010|110|001 0x72B1
7 0 0111101|001|000|000 0x7A40
BX = 011 Event : 28
0 0 0000110|000|101|011 0x0C2B
0 1 0001000|001|000|010 0x1042
0 2 0001110|010|110|100 0x1CB4
1 0 0010011|001|011|011 0x265B
1 1 0010110|010|000|010 0x2C82
2 0 0011001|100|000|001 0x3301
4 0 0101010|001|001|001 0x5449
4 1 0101100|001|011|110 0x585E
4 2 0101111|001|011|110 0x5E5E
4 3 0111000|101|011|111 0x715F
5 0 0110110|101|110|001 0x6D71
6 0 1000000|101|001|111 0x814F
6 1 1000001|110|000|111 0x8387
7 0 0111111|110|000|000 0x7F80
BX = 100 Event : 29
0 0 0001010|001|010|111 0x1457
1 0 0001111|001|100|101 0x1E65
1 1 0010000|010|110|011 0x20B3
1 2 0010001|001|001|010 0x224A
1 3 0010010|001|100|101 0x2465
1 4 0010011|001|100|101 0x2665
2 0 0010100|001|111|101 0x287D
3 0 0010111|111|111|011 0x2FFB
4 0 0100011|110|101|101 0x47AD
4 1 0100100|101|110|100 0x4974
6 0 0101110|111|111|101 0x5DFD
6 1 0101111|111|111|101 0x5FFD
BX = 101 Event : 30
0 0 0000110|000|100|010 0x0C22
0 1 0001000|101|000|110 0x1146
0 2 0001110|100|001|100 0x1D0C
0 3 0010000|010|111|100 0x20BC
1 0 0010101|001|110|000 0x2A70
2 0 0011100|110|010|101 0x3995
2 1 0011111|101|010|101 0x3F55
3 0 0100001|100|001|001 0x4309
3 1 0100010|010|001|001 0x4489
4 0 0101101|000|011|011 0x5A1B
4 1 0110001|100|101|001 0x6329
5 0 0110110|001|010|001 0x6C51
5 1 0110111|010|010|001 0x6E91
5 2 0111011|000|111|000 0x7638
5 3 1000001|110|011|100 0x839C
5 4 1000011|100|010|010 0x8712
5 5 1000111|000|010|101 0x8E15
6 0 1001001|100|111|010 0x933A
6 1 1001010|100|111|101 0x953D
6 2 1001011|001|111|100 0x967C
6 3 1001101|100|111|101 0x9B3D
BX = 110 Event : 31
0 0 0000111|001|111|010 0x0E7A
0 1 0001000|100|110|010 0x1132
0 2 0001101|001|001|110 0x1A4E
0 3 0001111|001|100|110 0x1E66
2 0 0010110|110|010|000 0x2D90
3 0 0011100|000|101|011 0x382B
3 1 0011101|111|101|011 0x3BEB
5 0 0101100|110|111|001 0x59B9
6 0 0110101|010|100|010 0x6AA2
6 1 0110110|010|010|101 0x6C95
7 0 0110111|000|001|010 0x6E0A
7 1 0111000|000|100|100 0x7024
BX = 111 Event : 32
1 0 0010100|101|110|000 0x2970
1 1 0010101|010|110|000 0x2AB0
1 2 0010110|101|100|011 0x2D63
1 3 0010111|100|010|010 0x2F12
4 0 0100101|000|011|001 0x4A19
4 1 0100111|001|110|110 0x4E76
4 2 0101000|101|111|101 0x517D
4 3 0101100|101|101|111 0x596F
5 0 0110001|000|101|101 0x622D
6 0 0110010|010|001|010 0x648A
6 1 0110011|001|011|010 0x665A
BX = 000 Event : 33
0 0 0001010|001|111|011 0x147B
2 0 0010101|100|110|100 0x2B34
3 0 0010110|010|010|000 0x2C90
3 1 0010111|101|000|010 0x2F42
3 2 0011010|010|010|001 0x3491
3 3 0011011|010|010|000 0x3690
4 0 0101001|101|110|110 0x5376
4 1 0101010|000|010|100 0x5414
5 0 0101111|101|000|010 0x5F42
5 1 0110011|001|100|111 0x6667
5 2 0110110|100|111|111 0x6D3F
6 0 0110100|000|001|000 0x6808
6 1 0111000|001|000|010 0x7042
BX = 001 Event : 34
0 0 0001010|110|001|100 0x158C
1 0 0001111|110|011|010 0x1F9A
4 0 0011111|100|110|010 0x3F32
4 1 0100000|100|110|001 0x4131
4 2 0100010|100|010|001 0x4511
4 3 0100100|001|010|100 0x4854
4 4 0100101|100|001|100 0x4B0C
5 0 0101110|100|110|000 0x5D30
BX = 010 Event : 35
4 0 0100011|100|111|001 0x4739
4 1 0110011|001|001|111 0x664F
5 0 0110010|000|111|000 0x6438
5 1 0111001|101|100|111 0x7367
5 2 0111010|110|101|111 0x75AF
5 3 0111011|100|100|111 0x7727
5 4 0111100|001|111|101 0x787D
5 5 0111110|000|111|101 0x7C3D
6 0 1000001|101|011|000 0x8358
6 1 1001000|000|110|101 0x9035
7 0 1001001|000|110|110 0x9236
BX = 011 Event : 36
0 0 0010100|100|101|010 0x292A
0 1 0010101|000|001|010 0x2A0A
0 2 0011000|001|101|010 0x306A
0 3 0011011|010|000|101 0x3685
1 0 0100000|100|100|100 0x4124
1 1 0100011|110|110|010 0x47B2
1 2 0100100|010|011|110 0x489E
4 0 0111101|101|111|111 0x7B7F
4 1 0111110|101|110|111 0x7D77
4 2 0111111|101|111|111 0x7F7F
4 3 1000001|010|100|100 0x82A4
6 0 1010000|010|111|101 0xA0BD
7 0 1010010|111|100|010 0xA5E2
7 1 1010011|111|100|001 0xA7E1
7 2 1010100|110|011|100 0xA99C
BX = 100 Event : 37
0 0 0001100|001|110|100 0x1874
0 1 0010000|001|001|001 0x2049
0 2 0010010|101|001|111 0x254F
0 3 0010101|010|001|100 0x2A8C
0 4 0010110|001|111|100 0x2C7C
0 5 0011100|101|111|111 0x397F
1 0 0011001|001|010|000 0x3250
1 1 0011011|010|010|000 0x3690
1 2 0011110|101|110|100 0x3D74
1 3 0100011|101|000|010 0x4742
2 0 0101010|000|111|010 0x543A
4 0 0111001|000|001|010 0x720A
4 1 0111010|001|001|001 0x7449
4 2 0111110|001|110|001 0x7C71
4 3 1000000|010|111|111 0x80BF
4 4 1000101|001|000|111 0x8A47
5 0 1001001|110|111|011 0x93BB
5 1 1001111|110|101|110 0x9FAE
6 0 1010010|110|110|010 0xA5B2
6 1 1010100|000|100|100 0xA824
6 2 1010101|111|110|011 0xABF3
BX = 101 Event : 38
0 0 0000110|000|000|011 0x0C03
0 1 0000111|100|010|010 0x0F12
0 2 0001011|010|100|110 0x16A6
1 0 0011011|000|000|111 0x3607
4 0 0110000|101|100|110 0x6166
4 1 0110001|010|100|110 0x62A6
4 2 0110011|110|110|101 0x67B5
5 0 0110101|101|101|010 0x6B6A
5 1 0110111|101|110|010 0x6F72
5 2 0111000|010|101|001 0x70A9
5 3 0111011|001|110|001 0x7671
5 4 0111101|110|110|001 0x7BB1
6 0 1000001|101|010|010 0x8352
BX = 110 Event : 39
1 0 0010111|100|111|001 0x2F39
1 1 0011000|001|111|000 0x3078
2 0 0011110|111|100|010 0x3DE2
4 0 0101001|000|010|001 0x5211
4 1 0101100|001|100|100 0x5864
4 2 0101101|001|101|100 0x5A6C
6 0 0111001|101|010|110 0x7356
BX = 111 Event : 40
0 0 0010001|100|100|100 0x2324
0 1 0010010|010|101|100 0x24AC
1 0 0011110|101|110|101 0x3D75
2 0 0011111|000|011|001 0x3E19
2 1 0100000|100|011|001 0x4119
2 2 0100011|010|110|101 0x46B5
3 0 0100110|011|111|011 0x4CFB
3 1 0100111|001|101|010 0x4E6A
3 2 0101000|001|101|011 0x506B
4 0 0110110|100|111|001 0x6D39
4 1 0111101|001|100|111 0x7A67
5 0 0111111|001|110|010 0x7E72
5 1 1000001|100|110|101 0x8335
6 0 1000010|011|011|010 0x84DA
6 1 1000100|010|011|101 0x889D
6 2 1000110|010|011|101 0x8C9D
6 3 1000111|010|100|101 0x8EA5
BX = 000 Event : 41
0 0 0000110|001|010|100 0x0C54
0 1 0001010|001|011|100 0x145C
1 0 0001111|100|011|100 0x1F1C
1 1 0010010|000|110|110 0x2436
1 2 0010101|100|110|110 0x2B36
1 3 0010110|001|111|100 0x2C7C
4 0 0100011|001|000|011 0x4643
BX = 001 Event : 42
0 0 0010000|001|001|100 0x204C
0 1 0010011|000|100|011 0x2623
0 2 0011000|101|110|110 0x3176
0 3 0011010|100|000|100 0x3504
1 0 0011011|100|100|010 0x3722
1 1 0011100|010|000|111 0x3887
3 0 0100010|111|010|100 0x45D4
4 0 0110010|100|001|010 0x650A
4 1 0110111|000|001|001 0x6E09
4 2 0111000|000|000|001 0x7001
4 3 0111100|001|001|101 0x784D
5 0 1000010|010|010|011 0x8493
5 1 1000011|011|010|001 0x86D1
6 0 1000111|101|100|100 0x8F64
7 0 1001000|110|111|001 0x91B9
BX = 010 Event : 43
0 0 0001011|100|100|010 0x1722
0 1 0001100|100|010|010 0x1912
0 2 0001110|100|111|111 0x1D3F
0 3 0010000|001|111|110 0x207E
0 4 0010001|010|111|110 0x22BE
1 0 0010010|100|011|001 0x2519
3 0 0100000|010|010|001 0x4091
4 0 0110101|001|011|001 0x6A59
5 0 1000101|110|101|100 0x8BAC
BX = 011 Event : 44
1 0 0010000|001|101|010 0x206A
1 1 0010001|001|010|000 0x2250
1 2 0010010|101|100|000 0x2560
1 3 0010011|001|000|000 0x2640
1 4 0010110|010|011|011 0x2C9B
1 5 0010111|110|001|011 0x2F8B
1 6 0011010|100|000|010 0x3502
2 0 0011110|010|000|111 0x3C87
4 0 0101011|100|010|010 0x5712
4 1 0101110|100|010|001 0x5D11
4 2 0101111|100|000|001 0x5F01
4 3 0110100|101|100|101 0x6965
4 4 0110111|000|001|100 0x6E0C
4 5 0111000|100|011|100 0x711C
6 0 1000001|001|000|000 0x8240
6 1 1000100|001|100|101 0x8865
BX = 100 Event : 45
0 0 0001011|001|010|011 0x1653
0 1 0010000|001|010|101 0x2055
0 2 0010011|010|010|100 0x2694
1 0 0010111|010|010|010 0x2E92
2 0 0011100|000|110|101 0x3835
3 0 0011111|011|011|011 0x3EDB
4 0 0101101|101|100|101 0x5B65
5 0 0110010|101|000|010 0x6542
5 1 0110100|010|100|010 0x68A2
BX = 101 Event : 46
0 0 0001010|100|010|001 0x1511
0 1 0001011|000|000|111 0x1607
0 2 0001100|010|000|110 0x1886
0 3 0001111|001|001|101 0x1E4D
0 4 0010000|001|001|100 0x204C
0 5 0010001|101|101|100 0x236C
0 6 0010101|100|110|111 0x2B37
1 0 0011000|011|110|100 0x30F4
1 1 0011001|011|000|011 0x32C3
1 2 0011011|110|000|111 0x3787
1 3 0011100|100|101|110 0x392E
1 4 0011111|001|110|111 0x3E77
2 0 0100110|001|101|110 0x4C6E
2 1 0100111|101|100|110 0x4F66
4 0 0110010|100|001|011 0x650B
6 0 0111110|010|011|011 0x7C9B
6 1 0111111|001|011|011 0x7E5B
6 2 1000000|010|111|011 0x80BB
BX = 110 Event : 47
0 0 0001001|100|100|100 0x1324
0 1 0001010|001|101|011 0x146B
0 2 0001110|001|101|001 0x1C69
1 0 0001111|100|101|000 0x1F28
1 1 0010000|100|111|100 0x213C
2 0 0010010|001|100|001 0x2461
4 0 0100111|101|100|100 0x4F64
5 0 0110001|101|011|010 0x635A
7 0 0111000|000|001|100 0x700C
BX = 111 Event : 48
0 0 0001001|100|111|010 0x133A
0 1 0001010|100|010|010 0x1512
0 2 0001100|001|010|110 0x1856
4 0 0100110|101|110|101 0x4D75
5 0 0101110|010|110|011 0x5CB3
6 0 0110111|010|110|001 0x6EB1
BX = 000 Event : 49
0 0 0001101|100|011|010 0x1B1A
0 1 0001110|001|011|010 0x1C5A
0 2 0001111|100|001|001 0x1F09
0 3 0010001|001|111|110 0x227E
1 0 0010101|101|100|010 0x2B62
1 1 0010111|101|101|000 0x2F68
4 0 0101010|100|101|010 0x552A
7 0 1000010|111|101|011 0x85EB
BX = 001 Event : 50
4 0 0100111|010|010|110 0x4E96
4 1 0101001|000|000|110 0x5206
5 0 0101100|000|010|010 0x5812
5 1 0101101|000|100|001 0x5A21
5 2 0110101|101|010|100 0x6B54
5 3 0110110|110|100|100 0x6DA4
5 4 0110111|010|010|011 0x6E93
5 5 0111000|100|010|011 0x7113
5 6 0111011|101|010|001 0x7751
5 7 0111110|010|000|111 0x7C87
5 8 1000001|000|100|100 0x8224
7 0 1000110|101|100|010 0x8D62
BX = 010 Event : 51
0 0 0001000|000|010|010 0x1012
1 0 0010011|000|001|100 0x260C
1 1 0010100|000|011|010 0x281A
2 0 0011011|110|010|011 0x3793
3 0 0011111|000|001|100 0x3E0C
4 0 0110000|100|010|111 0x6117
4 1 0110011|001|011|110 0x665E
5 0 0101111|100|010|000 0x5F10
BX = 011 Event : 52
0 0 0001001|001|101|100 0x126C
0 1 0001011|100|100|010 0x1722
0 2 0001100|000|100|010 0x1822
0 3 0010000|100|001|110 0x210E
0 4 0010001|100|001|110 0x230E
0 5 0010100|001|101|100 0x286C
1 0 0010110|110|110|000 0x2DB0
1 1 0011100|100|100|011 0x3923
2 0 0101010|110|000|101 0x5585
4 0 0110111|100|101|001 0x6F29
5 0 1000001|101|011|111 0x835F
6 0 1000011|100|101|001 0x8729
6 1 1000100|100|100|000 0x8920
6 2 1001011|010|111|011 0x96BB
6 3 1001101|001|010|111 0x9A57
6 4 1010011|000|000|101 0xA605
6 5 1010101|001|010|111 0xAA57
6 6 1010111|000|100|110 0xAE26
6 7 1011000|011|101|101 0xB0ED
6 8 1011001|000|101|101 0xB22D
6 9 1011010|000|000|101 0xB405
7 0 1011101|001|010|000 0xBA50
7 1 1011110|001|010|001 0xBC51
BX = 100 Event : 53
0 0 0001101|000|101|010 0x1A2A
0 1 0010000|101|110|101 0x2175
0 2 0010001|000|010|101 0x2215
1 0 0010011|001|110|010 0x2672
1 1 0011000|100|010|011 0x3113
1 2 0011100|000|000|110 0x3806
5 0 0111011|100|010|000 0x7710
5 1 0111100|100|010|000 0x7910
5 2 0111111|100|111|000 0x7F38
6 0 1000011|111|000|111 0x87C7
6 1 1000100|110|101|110 0x89AE
BX = 101 Event : 54
0 0 0001010|000|010|110 0x1416
0 1 0001011|000|101|101 0x162D
1 0 0001100|110|111|100 0x19BC
6 0 0100111|110|010|111 0x4F97
BX = 110 Event : 55
1 0 0011001|010|011|101 0x329D
2 0 0011100|100|010|000 0x3910
4 0 0101100|101|011|110 0x595E
5 0 0101111|101|001|001 0x5F49
5 1 0110101|010|010|010 0x6A92
BX = 111 Event : 56
0 0 0001111|000|010|100 0x1E14
0 1 0010001|000|000|100 0x2204
1 0 0010011|100|100|000 0x2720
1 1 0010100|110|101|000 0x29A8
4 0 0101100|000|000|110 0x5806
4 1 0110011|100|000|111 0x6707
5 0 0110010|110|110|001 0x65B1
6 0 0111000|100|110|000 0x7130
6 1 0111010|010|110|010 0x74B2
6 2 0111011|011|101|111 0x76EF
BX = 000 Event : 57
0 0 0001110|101|011|101 0x1D5D
0 1 0001111|100|110|101 0x1F35
0 2 0010000|101|001|101 0x214D
1 0 0010111|001|101|100 0x2E6C
1 1 0011010|010|110|110 0x34B6
2 0 0011011|000|101|000 0x3628
4 0 0101100|001|100|001 0x5861
4 1 0101111|110|010|110 0x5F96
4 2 0110000|001|011|110 0x605E
4 3 0110001|000|110|110 0x6236
4 4 0110011|100|011|101 0x671D
4 5 0111101|100|011|111 0x7B1F
5 0 0111010|010|001|000 0x7488
5 1 0111011|001|010|000 0x7650
6 0 1001000|101|100|011 0x9163
6 1 1001001|111|111|010 0x93FA
7 0 1001010|110|000|000 0x9580
BX = 001 Event : 58
0 0 0000110|001|000|010 0x0C42
0 1 0001000|000|110|010 0x1032
0 2 0001011|000|100|001 0x1621
0 3 0001100|001|110|111 0x1877
0 4 0001101|010|011|110 0x1A9E
0 5 0010001|010|001|100 0x228C
0 6 0010110|001|101|111 0x2C6F
1 0 0010101|110|101|000 0x2BA8
1 1 0011001|001|010|010 0x3252
3 0 0011101|111|010|010 0x3BD2
4 0 0100111|100|011|011 0x4F1B
4 1 0101000|010|011|100 0x509C
5 0 0101011|010|100|001 0x56A1
5 1 0101111|000|000|011 0x5E03
5 2 0110000|011|010|010 0x60D2
5 3 0110011|110|001|101 0x678D
7 0 0111010|011|101|011 0x74EB
BX = 010 Event : 59
2 0 0011000|001|101|000 0x3068
3 0 0011001|110|000|001 0x3381
3 1 0011010|000|001|001 0x3409
3 2 0011100|111|101|101 0x39ED
5 0 0101101|101|110|010 0x5B72
5 1 0110000|010|000|001 0x6081
5 2 0110111|110|101|001 0x6FA9
5 3 0111010|010|100|111 0x74A7
BX = 011 Event : 60
0 0 0001101|000|110|001 0x1A31
0 1 0010001|010|101|110 0x22AE
1 0 0100110|101|111|110 0x4D7E
1 1 0101001|101|111|110 0x537E
1 2 0101010|100|100|111 0x5527
2 0 0100100|000|100|000 0x4820
4 0 0111100|100|001|001 0x7909
4 1 0111110|000|010|110 0x7C16
4 2 0111111|001|011|110 0x7E5E
4 3 1000000|100|001|100 0x810C
6 0 1001010|010|101|010 0x94AA
6 1 1001100|110|111|011 0x99BB
6 2 1001101|010|111|011 0x9ABB
BX = 100 Event : 61
0 0 0001110|010|101|110 0x1CAE
0 1 0001111|101|110|110 0x1F76
1 0 0010111|011|000|100 0x2EC4
1 1 0011001|011|001|010 0x32CA
1 2 0011010|101|001|010 0x354A
1 3 0011100|010|000|101 0x3885
2 0 0011110|001|101|001 0x3C69
2 1 0100110|001|110|110 0x4C76
2 2 0100111|101|110|110 0x4F76
4 0 0111010|100|111|001 0x7539
4 1 0111110|100|111|100 0x7D3C
5 0 1000000|101|110|010 0x8172
6 0 1000100|101|011|000 0x8958
6 1 1001000|101|010|000 0x9150
7 0 1010100|111|111|100 0xA9FC
BX = 101 Event : 62
0 0 0001110|010|101|101 0x1CAD
0 1 0010010|101|110|100 0x2574
1 0 0011000|101|101|111 0x316F
2 0 0011010|001|010|101 0x3455
4 0 0101010|010|101|110 0x54AE
6 0 0110010|000|100|101 0x6425
BX = 110 Event : 63
0 0 0000100|100|010|010 0x0912
0 1 0000101|000|010|001 0x0A11
0 2 0001010|100|100|110 0x1526
1 0 0001100|010|000|001 0x1881
1 1 0010010|001|110|111 0x2477
3 0 0010100|100|011|010 0x291A
3 1 0010101|100|111|000 0x2B38
3 2 0010110|001|101|101 0x2C6D
4 0 0100001|000|111|011 0x423B
4 1 0100011|101|101|111 0x476F
4 2 0100100|100|100|110 0x4926
4 3 0101011|010|000|111 0x5687
5 0 0101100|110|100|100 0x59A4
5 1 0101110|001|010|001 0x5C51
5 2 0110000|101|001|101 0x614D
6 0 0110100|011|001|101 0x68CD
7 0 0110110|011|110|110 0x6CF6
7 1 0110111|110|010|110 0x6F96
BX = 111 Event : 64
0 0 0001101|100|000|110 0x1B06
0 1 0001111|101|110|101 0x1F75
1 0 0011000|101|100|000 0x3160
1 1 0011101|001|000|010 0x3A42
4 0 0110011|100|000|011 0x6703
4 1 0110100|001|101|010 0x686A
4 2 0110101|000|101|001 0x6A29
4 3 0111010|100|011|110 0x751E
BX = 000 Event : 65
0 0 0000010|001|111|100 0x047C
0 1 0000100|001|111|011 0x087B
0 2 0000101|100|111|010 0x0B3A
0 3 0001000|100|101|100 0x112C
1 0 0001101|010|101|110 0x1AAE
1 1 0001111|010|101|110 0x1EAE
2 0 0010010|011|011|100 0x24DC
2 1 0010100|100|101|110 0x292E
4 0 0011111|001|110|111 0x3E77
4 1 0100000|100|101|110 0x412E
4 2 0100010|010|111|110 0x44BE
4 3 0100011|100|101|110 0x472E
4 4 0100100|010|111|110 0x48BE
5 0 0101001|110|101|111 0x53AF
6 0 0101010|010|111|010 0x54BA
6 1 0101011|001|100|101 0x5665
6 2 0101101|010|111|101 0x5ABD
6 3 0101110|011|011|110 0x5CDE
7 0 0110000|011|001|001 0x60C9
7 1 0110010|111|010|000 0x65D0
BX = 001 Event : 66
0 0 0001001|100|010|100 0x1314
0 1 0010000|010|111|110 0x20BE
0 2 0011001|010|110|111 0x32B7
1 0 0010110|001|000|001 0x2C41
2 0 0011101|101|101|000 0x3B68
2 1 0011110|000|011|001 0x3C19
4 0 0101110|000|101|011 0x5C2B
4 1 0110010|001|110|110 0x6476
4 2 0110011|110|110|110 0x67B6
4 3 0110100|110|110|110 0x69B6
4 4 0110101|110|000|100 0x6B84
5 0 0111000|010|010|010 0x7092
5 1 0111011|000|101|011 0x762B
5 2 0111101|010|101|001 0x7AA9
7 0 1000011|000|011|001 0x8619
BX = 010 Event : 67
0 0 0001001|100|101|100 0x132C
1 0 0011001|101|110|000 0x3370
1 1 0011010|010|011|101 0x349D
1 2 0011100|101|100|011 0x3963
1 3 0011111|100|010|010 0x3F12
1 4 0100110|100|011|101 0x4D1D
2 0 0101001|011|011|110 0x52DE
4 0 0111011|001|110|110 0x7676
4 1 0111100|010|101|110 0x78AE
5 0 1001001|101|111|110 0x937E
6 0 1001010|010|001|010 0x948A
6 1 1001011|001|011|010 0x965A
6 2 1001100|110|001|100 0x998C
6 3 1001101|100|010|100 0x9B14
BX = 011 Event : 68
0 0 0001011|100|100|010 0x1722
0 1 0001110|100|101|110 0x1D2E
0 2 0001111|001|101|110 0x1E6E
0 3 0010001|100|001|110 0x230E
0 4 0010010|100|110|110 0x2536
0 5 0010101|100|010|100 0x2B14
1 0 0010111|000|100|100 0x2E24
1 1 0011010|000|111|010 0x343A
1 2 0011100|100|001|100 0x390C
4 0 0101101|010|110|101 0x5AB5
5 0 0110100|010|000|000 0x6880
5 1 0110111|100|001|100 0x6F0C
5 2 0111100|101|101|001 0x7969
7 0 1000000|011|010|001 0x80D1
7 1 1000001|101|010|001 0x8351
BX = 100 Event : 69
0 0 0001110|110|010|110 0x1D96
0 1 0001111|100|010|110 0x1F16
0 2 0010001|001|111|101 0x227D
1 0 0010101|101|110|000 0x2B70
1 1 0011010|001|110|100 0x3474
1 2 0011011|010|011|100 0x369C
1 3 0011111|110|101|110 0x3FAE
2 0 0100100|101|010|011 0x4953
2 1 0100111|010|110|011 0x4EB3
4 0 0111101|100|100|011 0x7B23
4 1 1000111|100|111|100 0x8F3C
4 2 1001000|010|001|100 0x908C
5 0 1001001|010|010|000 0x9290
6 0 1001110|010|101|111 0x9CAF
BX = 101 Event : 70
0 0 0010010|010|101|100 0x24AC
1 0 0010100|010|011|010 0x289A
1 1 0010101|100|000|001 0x2B01
1 2 0011000|101|010|000 0x3150
1 3 0011011|001|110|110 0x3676
2 0 0011101|110|001|110 0x3B8E
3 0 0011111|011|000|001 0x3EC1
4 0 0100110|000|100|001 0x4C21
5 0 0101100|010|001|100 0x588C
5 1 0101101|001|011|011 0x5A5B
5 2 0101111|000|111|110 0x5E3E
5 3 0110001|001|000|100 0x6244
BX = 110 Event : 71
0 0 0000111|101|100|101 0x0F65
2 0 0010001|110|011|100 0x239C
3 0 0010101|001|001|001 0x2A49
3 1 0010110|000|000|001 0x2C01
7 0 0101001|011|111|101 0x52FD
BX = 111 Event : 72
0 0 0010000|001|111|110 0x207E
0 1 0010111|001|001|100 0x2E4C
0 2 0011010|101|100|100 0x3564
0 3 0011111|001|110|111 0x3E77
1 0 0100000|001|111|011 0x407B
2 0 0101000|001|101|111 0x506F
3 0 0101110|000|101|100 0x5C2C
4 0 0110111|000|110|010 0x6E32
4 1 0111000|000|111|001 0x7039
5 0 1000011|010|011|010 0x869A
5 1 1000100|100|010|001 0x8911
5 2 1000110|110|010|000 0x8D90
5 3 1000111|000|011|000 0x8E18
5 4 1001001|001|001|000 0x9248
6 0 1010001|001|000|101 0xA245
6 1 1010100|011|101|110 0xA8EE
6 2 1010101|011|101|110 0xAAEE
BX = 000 Event : 73
0 0 0001100|000|010|011 0x1813
0 1 0001101|000|111|010 0x1A3A
0 2 0001110|000|111|010 0x1C3A
0 3 0010000|110|011|110 0x219E
0 4 0010100|101|100|100 0x2964
0 5 0010110|101|100|100 0x2D64
0 6 0010111|101|100|100 0x2F64
0 7 0011001|101|100|100 0x3364
1 0 0011011|001|010|010 0x3652
1 1 0100010|010|010|111 0x4497
1 2 0100100|010|110|101 0x48B5
2 0 0100110|001|111|010 0x4C7A
5 0 1000011|101|111|001 0x8779
5 1 1001100|101|001|001 0x9949
6 0 1010001|110|110|100 0xA3B4
BX = 001 Event : 74
0 0 0001011|000|011|011 0x161B
0 1 0010000|101|010|100 0x2154
0 2 0010110|101|111|111 0x2D7F
4 0 0101100|100|100|011 0x5923
4 1 0101101|100|011|001 0x5B19
4 2 0110000|101|011|110 0x615E
4 3 0110100|010|000|100 0x6884
4 4 0110101|010|011|100 0x6A9C
5 0 0110111|110|111|011 0x6FBB
5 1 0111000|010|110|010 0x70B2
BX = 010 Event : 75
0 0 0001010|100|000|110 0x1506
0 1 0001011|000|001|110 0x160E
0 2 0001100|000|001|110 0x180E
1 0 0010100|001|010|000 0x2850
1 1 0010101|001|010|000 0x2A50
1 2 0011010|100|001|100 0x350C
1 3 0011110|100|000|100 0x3D04
1 4 0100000|010|110|101 0x40B5
2 0 0100100|101|111|010 0x497A
4 0 0101101|101|100|101 0x5B65
4 1 0110001|101|101|111 0x636F
5 0 0110100|010|100|001 0x68A1
5 1 0110101|100|011|001 0x6B19
BX = 011 Event : 76
0 0 0010011|100|101|011 0x272B
0 1 0010100|001|101|010 0x286A
0 2 0010110|101|101|111 0x2D6F
0 3 0100101|100|101|111 0x4B2F
1 0 0100000|010|000|000 0x4080
1 1 0100100|010|001|000 0x4888
1 2 0101110|010|111|111 0x5CBF
3 0 0110100|110|011|011 0x699B
4 0 1000010|110|111|110 0x85BE
5 0 1001001|100|000|000 0x9300
6 0 1010011|010|101|001 0xA6A9
6 1 1010110|100|010|110 0xAD16
6 2 1010111|010|010|110 0xAE96
6 3 1011000|101|101|111 0xB16F
6 4 1011001|011|010|101 0xB2D5
6 5 1011010|110|010|101 0xB595
7 0 1011111|111|101|100 0xBFEC
BX = 100 Event : 77
0 0 0001001|100|110|110 0x1336
0 1 0001100|100|110|111 0x1937
1 0 0001101|010|101|100 0x1AAC
2 0 0010001|110|100|011 0x23A3
2 1 0010011|001|010|101 0x2655
2 2 0010100|101|101|101 0x296D
2 3 0010101|001|010|101 0x2A55
3 0 0010110|110|011|011 0x2D9B
4 0 0011100|100|001|011 0x390B
4 1 0011101|100|001|011 0x3B0B
4 2 0101001|001|000|100 0x5244
7 0 0110011|010|101|100 0x66AC
BX = 101 Event : 78
0 0 0000111|000|000|011 0x0E03
0 1 0001010|100|011|110 0x151E
0 2 0001011|100|011|110 0x171E
1 0 0010001|001|111|000 0x2278
1 1 0010110|110|011|011 0x2D9B
1 2 0010111|010|011|010 0x2E9A
2 0 0011001|101|011|100 0x335C
2 1 0011010|110|011|100 0x359C
4 0 0100001|000|000|011 0x4203
4 1 0100011|100|111|001 0x4739
4 2 0100101|001|000|100 0x4A44
4 3 0101001|001|111|111 0x527F
5 0 0101011|100|101|011 0x572B
5 1 0101110|000|101|110 0x5C2E
6 0 0110000|010|001|001 0x6089
6 1 0110011|000|010|101 0x6615
BX = 110 Event : 79
0 0 0001001|101|001|101 0x134D
1 0 0001100|001|110|000 0x1870
1 1 0001110|010|101|101 0x1CAD
1 2 0001111|110|101|100 0x1FAC
1 3 0010010|010|110|110 0x24B6
1 4 0010011|010|101|101 0x26AD
1 5 0010100|000|111|111 0x283F
1 6 0010101|001|110|110 0x2A76
1 7 0010110|001|101|100 0x2C6C
2 0 0011000|110|011|100 0x319C
4 0 0011110|001|101|010 0x3C6A
4 1 0100000|001|111|110 0x407E
4 2 0100010|001|111|110 0x447E
4 3 0100110|000|100|100 0x4C24
4 4 0101011|000|000|111 0x5607
4 5 0101100|000|100|111 0x5827
5 0 0101101|010|110|101 0x5AB5
7 0 0110010|110|000|011 0x6583
BX = 111 Event : 80
0 0 0001101|000|001|010 0x1A0A
0 1 0010000|100|100|110 0x2126
0 2 0010011|100|000|100 0x2704
0 3 0010100|000|111|100 0x283C
0 4 0011100|101|100|110 0x3966
1 0 0011010|110|011|000 0x3598
1 1 0011101|100|100|101 0x3B25
2 0 0100000|101|110|010 0x4172
2 1 0100011|011|101|100 0x46EC
2 2 0100100|101|110|010 0x4972
2 3 0100101|100|000|101 0x4B05
4 0 0110011|100|000|100 0x6704
4 1 0110100|101|011|100 0x695C
4 2 0111000|100|000|111 0x7107
4 3 0111010|101|000|111 0x7547
5 0 0111101|100|010|001 0x7B11
6 0 1001000|111|101|110 0x91EE
BX = 000 Event : 81
1 0 0001110|010|001|100 0x1C8C
1 1 0001111|101|010|010 0x1F52
1 2 0010000|010|001|100 0x208C
2 0 0010001|001|000|010 0x2242
2 1 0010010|001|110|110 0x2476
3 0 0010011|101|000|001 0x2741
3 1 0010100|111|100|010 0x29E2
4 0 0100001|100|001|011 0x430B
5 0 0100111|100|111|001 0x4F39
5 1 0101000|110|100|000 0x51A0
5 2 0101001|001|101|000 0x5268
BX = 001 Event : 82
0 0 0001001|100|101|010 0x132A
0 1 0001011|100|000|010 0x1702
0 2 0001100|000|000|010 0x1802
0 3 0010000|010|011|100 0x209C
1 0 0010011|010|110|000 0x26B0
1 1 0010100|001|001|101 0x284D
1 2 0010101|010|111|010 0x2ABA
1 3 0010110|101|101|010 0x2D6A
1 4 0011000|010|000|101 0x3085
2 0 0011010|110|011|100 0x359C
4 0 0101011|001|011|011 0x565B
4 1 0101100|100|000|001 0x5901
4 2 0101101|100|001|001 0x5B09
5 0 0110001|101|100|100 0x6364
5 1 0110010|010|110|011 0x64B3
6 0 0111000|000|011|100 0x701C
6 1 0111010|110|010|111 0x7597
6 2 0111011|111|010|111 0x77D7
BX = 010 Event : 83
0 0 0001011|100|000|001 0x1701
0 1 0001101|001|001|111 0x1A4F
0 2 0010110|010|111|111 0x2CBF
1 0 0010100|000|001|000 0x2808
1 1 0010101|010|111|000 0x2AB8
1 2 0011010|100|111|110 0x353E
1 3 0011011|101|011|110 0x375E
3 0 0100110|111|100|011 0x4DE3
4 0 0110110|001|101|010 0x6C6A
4 1 0111001|001|011|001 0x7259
4 2 0111100|101|111|100 0x797C
5 0 0111111|101|001|000 0x7F48
6 0 1000111|011|000|101 0x8EC5
7 0 1001010|101|010|001 0x9551
BX = 011 Event : 84
0 0 0000111|100|100|100 0x0F24
1 0 0010111|101|001|001 0x2F49
1 1 0011010|000|100|011 0x3423
1 2 0011011|001|111|010 0x367A
1 3 0011100|100|011|010 0x391A
4 0 0101010|000|011|011 0x541B
4 1 0101011|000|100|010 0x5622
4 2 0101101|100|110|001 0x5B31
5 0 0111100|010|011|101 0x789D
6 0 0111110|101|001|010 0x7D4A
6 1 1000001|100|001|111 0x830F
BX = 100 Event : 85
0 0 0000100|001|001|001 0x0849
1 0 0001001|000|011|010 0x121A
1 1 0001010|110|011|010 0x159A
1 2 0001111|010|111|100 0x1EBC
1 3 0010000|010|111|100 0x20BC
2 0 0010100|101|010|000 0x2950
2 1 0010110|011|000|101 0x2CC5
2 2 0011000|100|101|010 0x312A
4 0 0101010|100|100|011 0x5523
4 1 0101110|101|110|110 0x5D76
4 2 0110010|101|110|110 0x6576
4 3 0110011|000|010|110 0x6616
4 4 0110100|001|011|101 0x685D
5 0 0111011|101|101|001 0x7769
5 1 0111100|110|101|001 0x79A9
5 2 1000001|001|110|011 0x8273
5 3 1000010|100|110|011 0x8533
5 4 1000011|001|111|011 0x867B
5 5 1000100|100|111|011 0x893B
5 6 1000111|000|110|111 0x8E37
5 7 1001000|001|001|110 0x904E
6 0 1001100|101|010|100 0x9954
BX = 101 Event : 86
0 0 0010001|101|010|101 0x2355
0 1 0010011|100|100|100 0x2724
1 0 0010111|001|011|000 0x2E58
3 0 0100011|010|100|001 0x46A1
4 0 0111001|110|110|100 0x73B4
5 0 0111110|001|011|111 0x7C5F
5 1 1000000|001|011|111 0x805F
7 0 1000110|010|111|010 0x8CBA
7 1 1000111|001|111|010 0x8E7A
BX = 110 Event : 87
0 0 0001100|000|100|011 0x1823
0 1 0010011|000|100|100 0x2624
1 0 0010100|101|001|010 0x294A
1 1 0010101|010|000|001 0x2A81
1 2 0010110|000|000|001 0x2C01
1 3 0010111|010|100|000 0x2EA0
1 4 0011100|010|011|111 0x389F
1 5 0011111|101|011|111 0x3F5F
1 6 0100000|010|100|111 0x40A7
2 0 0100101|010|111|101 0x4ABD
3 0 0100110|011|010|011 0x4CD3
4 0 0110010|110|110|111 0x65B7
4 1 0110011|110|010|110 0x6796
4 2 0110101|001|001|110 0x6A4E
4 3 0111110|110|111|111 0x7DBF
5 0 0111001|100|011|000 0x7318
7 0 1000011|000|010|110 0x8616
BX = 111 Event : 88
0 0 0001111|001|111|110 0x1E7E
0 1 0010100|010|000|111 0x2887
0 2 0010101|001|111|111 0x2A7F
2 0 0011011|011|010|001 0x36D1
2 1 0011110|110|010|101 0x3D95
5 0 0111001|110|110|000 0x73B0
6 0 0111111|010|010|000 0x7E90
7 0 1000100|110|011|001 0x8999
BX = 000 Event : 89
0 0 0001110|100|011|110 0x1D1E
1 0 0010101|101|011|010 0x2B5A
2 0 0011100|000|010|000 0x3810
2 1 0100010|011|011|011 0x44DB
2 2 0100011|011|011|010 0x46DA
4 0 0110011|101|100|110 0x6766
4 1 0110101|110|111|101 0x6BBD
5 0 0111000|000|110|001 0x7031
5 1 0111010|110|001|011 0x758B
BX = 001 Event : 90
1 0 0011010|011|000|010 0x34C2
1 1 0011011|100|000|010 0x3702
5 0 0110011|001|100|111 0x6667
5 1 0110100|001|101|111 0x686F
5 2 0110101|001|101|111 0x6A6F
6 0 0110110|101|001|001 0x6D49
6 1 0110111|010|101|110 0x6EAE
7 0 0111000|010|111|101 0x70BD
BX = 010 Event : 91
1 0 0010010|000|000|001 0x2401
2 0 0011111|011|010|111 0x3ED7
3 0 0100010|011|001|000 0x44C8
4 0 0101110|001|101|011 0x5C6B
4 1 0101111|100|101|011 0x5F2B
4 2 0110101|001|111|100 0x6A7C
4 3 0111100|001|000|111 0x7847
5 0 0111010|100|011|000 0x7518
5 1 0111011|001|101|000 0x7668
6 0 1000000|011|110|000 0x80F0
6 1 1000001|011|110|001 0x82F1
6 2 1000010|011|110|001 0x84F1
6 3 1000101|100|101|110 0x8B2E
BX = 011 Event : 92
0 0 0010101|010|000|111 0x2A87
0 1 0010110|001|111|111 0x2C7F
2 0 0011100|011|010|001 0x38D1
2 1 0011110|110|010|101 0x3D95
4 0 0111011|110|101|111 0x77AF
5 0 1000100|101|110|000 0x8970
6 0 1001010|010|010|000 0x9490
7 0 1001111|110|011|001 0x9F99
BX = 100 Event : 93
0 0 0001011|100|111|011 0x173B
0 1 0001100|000|100|010 0x1822
0 2 0001111|001|011|110 0x1E5E
0 3 0010001|010|011|100 0x229C
0 4 0010010|010|011|100 0x249C
0 5 0010011|100|100|100 0x2724
1 0 0010100|001|001|001 0x2849
1 1 0010111|010|101|000 0x2EA8
1 2 0011011|110|111|100 0x37BC
1 3 0011110|010|111|010 0x3CBA
1 4 0100001|001|100|111 0x4267
2 0 0100101|110|011|100 0x4B9C
2 1 0100111|111|010|110 0x4FD6
2 2 0101000|111|010|110 0x51D6
2 3 0101001|010|010|110 0x5296
2 4 0101011|001|001|101 0x564D
4 0 0111010|100|110|010 0x7532
4 1 0111011|100|110|010 0x7732
4 2 0111101|100|101|001 0x7B29
4 3 0111111|000|100|110 0x7E26
4 4 1000001|001|111|101 0x827D
5 0 1000110|110|100|000 0x8DA0
5 1 1001000|101|100|000 0x9160
5 2 1001010|001|110|000 0x9470
7 0 1001111|110|000|001 0x9F81
BX = 101 Event : 94
0 0 0001001|100|010|010 0x1312
0 1 0001011|100|001|010 0x170A
0 2 0001100|001|001|001 0x1849
0 3 0010011|110|111|100 0x27BC
1 0 0010111|010|001|100 0x2E8C
1 1 0011000|100|000|010 0x3102
1 2 0011100|110|110|100 0x39B4
5 0 0110010|001|100|111 0x6467
5 1 0110011|001|101|111 0x666F
5 2 0110100|001|101|111 0x686F
6 0 0110101|101|001|001 0x6B49
6 1 0110110|011|101|110 0x6CEE
BX = 110 Event : 95
0 0 0001110|000|011|100 0x1C1C
0 1 0010000|100|101|011 0x212B
0 2 0010011|001|001|010 0x264A
0 3 0010110|101|101|111 0x2D6F
0 4 0011010|000|011|100 0x341C
0 5 0011100|100|101|111 0x392F
1 0 0100100|010|111|111 0x48BF
3 0 0101111|110|011|011 0x5F9B
4 0 0111111|001|110|111 0x7E77
4 1 1000111|000|101|111 0x8E2F
5 0 1001000|011|010|100 0x90D4
6 0 1010000|011|101|001 0xA0E9
6 1 1010010|100|010|110 0xA516
6 2 1010011|010|010|110 0xA696
6 3 1010100|101|101|111 0xA96F
6 4 1010101|011|010|101 0xAAD5
6 5 1010110|110|010|101 0xAD95
7 0 1011001|111|101|100 0xB3EC
BX = 111 Event : 96
0 0 0001111|000|000|111 0x1E07
1 0 0001110|010|110|000 0x1CB0
2 0 0010011|110|011|100 0x279C
4 0 0011101|000|010|011 0x3A13
5 0 0100111|101|111|100 0x4F7C
5 1 0101000|100|110|100 0x5134
6 0 0101001|000|011|010 0x521A
7 0 0101011|011|100|100 0x56E4
BX = 000 Event : 97
1 0 0010011|001|111|000 0x2678
1 1 0011000|110|011|011 0x319B
1 2 0011001|110|010|010 0x3392
1 3 0011010|010|011|010 0x349A
2 0 0011100|101|011|100 0x395C
2 1 0011101|110|011|100 0x3B9C
4 0 0100010|100|111|001 0x4539
4 1 0100011|010|100|110 0x46A6
4 2 0101100|001|111|111 0x587F
5 0 0101110|100|101|011 0x5D2B
5 1 0110000|101|110|010 0x6172
5 2 0110100|000|101|110 0x682E
BX = 001 Event : 98
0 0 0001101|100|000|100 0x1B04
0 1 0011001|101|100|101 0x3365
0 2 0011010|010|000|100 0x3484
1 0 0011100|001|100|010 0x3862
1 1 0100011|010|011|100 0x469C
1 2 0100100|001|001|010 0x484A
1 3 0101000|000|110|110 0x5036
1 4 0101001|010|011|100 0x529C
1 5 0101011|100|110|110 0x5736
2 0 0101110|101|110|000 0x5D70
2 1 0110010|111|101|110 0x65EE
3 0 0110110|100|011|011 0x6D1B
3 1 0110111|001|011|011 0x6E5B
4 0 1000011|000|111|011 0x863B
5 0 1000110|000|000|010 0x8C02
6 0 1010000|001|100|010 0xA062
6 1 1010001|110|110|011 0xA3B3
6 2 1010010|101|010|110 0xA556
6 3 1010100|101|010|111 0xA957
BX = 010 Event : 99
0 0 0010010|100|100|110 0x2526
0 1 0010101|000|111|100 0x2A3C
0 2 0011100|101|100|110 0x3966
1 0 0011001|110|011|000 0x3398
1 1 0011110|010|010|111 0x3C97
1 2 0011111|010|000|111 0x3E87
1 3 0100000|010|001|111 0x408F
2 0 0100001|101|110|010 0x4372
2 1 0100100|011|101|100 0x48EC
2 2 0100101|101|110|010 0x4B72
4 0 0110011|101|011|100 0x675C
6 0 1000000|101|010|111 0x8157
7 0 1000010|000|011|001 0x8419
BX = 011 Event : 100
0 0 0000110|100|010|100 0x0D14
0 1 0010001|010|000|111 0x2287
1 0 0010011|001|001|100 0x264C
1 1 0010110|101|001|111 0x2D4F
1 2 0011011|001|001|100 0x364C
1 3 0011100|110|001|111 0x398F
4 0 0101101|100|100|100 0x5B24
5 0 0110110|110|001|001 0x6D89
