BX = 000 Event : 1
BX = 001 Event : 2
3 0 0100100|0010|000|100 0x09084
BX = 010 Event : 3
3 0 0100110|0011|101|100 0x098EC
4 0 0000100|0011|001|100 0x010CC
BX = 011 Event : 4
6 0 0011000|0010|111|111 0x060BF
6 1 0011010|0011|111|111 0x068FF
BX = 100 Event : 5
1 0 0101000|0010|010|010 0x0A092
4 0 0001110|0100|111|011 0x0393B
4 1 0010100|0010|010|110 0x05096
4 2 0010101|0011|011|110 0x054DE
BX = 101 Event : 6
0 0 0111100|0011|001|011 0x0F0CB
0 1 1000000|0100|011|101 0x1011D
2 0 1000101|0100|001|001 0x11509
4 0 0000100|0011|100|000 0x010E0
4 1 0001111|0100|000|100 0x03D04
6 0 0010010|0011|111|001 0x048F9
BX = 110 Event : 7
0 0 0011000|0010|011|110 0x0609E
1 0 0011011|0011|011|100 0x06CDC
2 0 0011110|0100|111|001 0x07939
2 1 0100000|0010|000|110 0x08086
BX = 111 Event : 8
1 0 0011101|0100|110|111 0x07537
6 0 0010110|0011|101|110 0x058EE
BX = 000 Event : 9
2 0 0111100|0010|010|100 0x0F094
2 1 0111101|0010|001|100 0x0F48C
3 0 1000100|0010|010|110 0x11096
3 1 1001000|0011|100|111 0x120E7
3 2 1001001|0011|011|111 0x124DF
BX = 001 Event : 10
0 0 0101111|0100|010|000 0x0BD10
BX = 010 Event : 11
3 0 0100111|0100|010|011 0x09D13
BX = 011 Event : 12
BX = 100 Event : 13
BX = 101 Event : 14
3 0 0110000|0011|001|000 0x0C0C8
3 1 0110010|0100|111|110 0x0C93E
BX = 110 Event : 15
BX = 111 Event : 16
3 0 0011101|0100|001|100 0x0750C
6 0 0001100|0010|100|001 0x030A1
BX = 000 Event : 17
BX = 001 Event : 18
BX = 010 Event : 19
1 0 0100010|0100|111|101 0x0893D
BX = 011 Event : 20
BX = 100 Event : 21
3 0 0111011|0011|000|010 0x0ECC2
6 0 0011010|0100|001|001 0x06909
6 1 0011011|0011|010|001 0x06CD1
BX = 101 Event : 22
5 0 0011010|0010|111|111 0x068BF
6 0 0011101|0011|100|011 0x074E3
6 1 0011110|0100|100|101 0x07925
7 0 0100001|0010|100|000 0x084A0
BX = 110 Event : 23
1 0 0011000|0011|000|011 0x060C3
BX = 111 Event : 24
1 0 0110010|0100|111|100 0x0C93C
7 0 0010010|0010|011|000 0x04898
BX = 000 Event : 25
BX = 001 Event : 26
BX = 010 Event : 27
3 0 0110110|0011|111|010 0x0D8FA
BX = 011 Event : 28
3 0 0101100|0011|001|000 0x0B0C8
5 0 0001001|0100|001|111 0x0250F
BX = 100 Event : 29
3 0 1001011|0010|100|111 0x12CA7
6 0 0110001|0011|101|111 0x0C4EF
6 1 0110010|0011|101|111 0x0C8EF
BX = 101 Event : 30
0 0 0111001|0100|000|000 0x0E500
6 0 0011101|0011|010|111 0x074D7
BX = 110 Event : 31
6 0 0010001|0011|001|111 0x044CF
BX = 111 Event : 32
3 0 1100100|0010|110|100 0x190B4
4 0 0010010|0011|111|000 0x048F8
4 1 0100010|0010|100|010 0x088A2
4 2 0100011|0010|101|010 0x08CAA
5 0 0110110|0011|101|010 0x0D8EA
6 0 1000101|0100|100|011 0x11523
BX = 000 Event : 33
BX = 001 Event : 34
3 0 0111010|0011|110|100 0x0E8F4
5 0 0010111|0010|111|010 0x05CBA
7 0 0100111|0010|111|000 0x09CB8
BX = 010 Event : 35
1 0 0101010|0010|001|011 0x0A88B
1 1 0101011|0100|011|011 0x0AD1B
1 2 0101111|0010|110|011 0x0BCB3
1 3 0110001|0011|111|011 0x0C4FB
4 0 0001000|0100|001|010 0x0210A
6 0 0001101|0010|000|011 0x03483
BX = 011 Event : 36
2 0 0101111|0010|111|000 0x0BCB8
2 1 0110001|0011|111|001 0x0C4F9
2 2 0110011|0011|110|110 0x0CCF6
BX = 100 Event : 37
0 0 0011111|0100|101|011 0x07D2B
1 0 0100101|0100|100|000 0x09520
6 0 0010100|0011|000|010 0x050C2
BX = 101 Event : 38
7 0 0100100|0010|000|111 0x09087
BX = 110 Event : 39
0 0 0001100|0010|000|010 0x03082
6 0 0000110|0100|111|111 0x0193F
BX = 111 Event : 40
0 0 0010001|0100|010|111 0x04517
1 0 0010011|0011|010|101 0x04CD5
6 0 0001001|0010|011|001 0x02499
BX = 000 Event : 41
1 0 0110101|0011|101|010 0x0D4EA
BX = 001 Event : 42
0 0 0010101|0011|011|101 0x054DD
0 1 0100000|0011|011|110 0x080DE
1 0 0100011|0011|111|010 0x08CFA
1 1 0100111|0011|011|101 0x09CDD
1 2 0101010|0100|111|111 0x0A93F
3 0 0110001|0100|110|000 0x0C530
3 1 0111110|0011|110|010 0x0F8F2
3 2 1000001|0010|111|011 0x104BB
BX = 010 Event : 43
7 0 0010010|0100|001|111 0x0490F
BX = 011 Event : 44
BX = 100 Event : 45
7 0 0001011|0100|110|011 0x02D33
BX = 101 Event : 46
BX = 110 Event : 47
0 0 0011110|0100|110|000 0x07930
BX = 111 Event : 48
1 0 0111000|0011|100|000 0x0E0E0
2 0 0111010|0100|010|000 0x0E910
BX = 000 Event : 49
0 0 0011100|0010|010|011 0x07093
0 1 0100001|0011|011|111 0x084DF
2 0 0110010|0100|010|000 0x0C910
6 0 0000100|0011|100|001 0x010E1
BX = 001 Event : 50
4 0 0001101|0010|001|011 0x0348B
4 1 0010001|0010|011|110 0x0449E
4 2 0010010|0010|011|110 0x0489E
4 3 0011001|0011|100|111 0x064E7
4 4 0011010|0010|100|111 0x068A7
5 0 0100110|0010|110|000 0x098B0
5 1 0101010|0011|101|000 0x0A8E8
BX = 010 Event : 51
0 0 0010101|0100|101|010 0x0552A
BX = 011 Event : 52
BX = 100 Event : 53
7 0 0000011|0011|001|000 0x00CC8
BX = 101 Event : 54
6 0 0001110|0010|010|011 0x03893
6 1 0001111|0100|010|011 0x03D13
6 2 0010000|0010|000|011 0x04083
7 0 0010101|0011|111|011 0x054FB
BX = 110 Event : 55
0 0 0111000|0010|101|111 0x0E0AF
7 0 0100100|0011|111|011 0x090FB
BX = 111 Event : 56
5 0 0001001|0010|011|101 0x0249D
7 0 0001011|0100|010|010 0x02D12
BX = 000 Event : 57
0 0 0101111|0010|001|010 0x0BC8A
1 0 0110001|0010|011|111 0x0C49F
4 0 0000110|0011|101|000 0x018E8
5 0 0001011|0010|101|111 0x02CAF
BX = 001 Event : 58
3 0 0100111|0011|000|000 0x09CC0
5 0 0000111|0011|101|011 0x01CEB
6 0 0001010|0100|111|111 0x0293F
7 0 0001110|0010|110|010 0x038B2
7 1 0001111|0011|010|010 0x03CD2
BX = 010 Event : 59
4 0 0001000|0010|101|111 0x020AF
5 0 0001100|0100|011|101 0x0311D
BX = 011 Event : 60
3 0 0101011|0100|110|010 0x0AD32
7 0 0001110|0100|101|010 0x0392A
BX = 100 Event : 61
4 0 0000100|0100|001|000 0x01108
4 1 0000101|0010|011|000 0x01498
4 2 0000110|0011|100|000 0x018E0
4 3 0001010|0011|100|010 0x028E2
BX = 101 Event : 62
5 0 0010110|0100|000|111 0x05907
6 0 0010111|0010|011|101 0x05C9D
6 1 0011000|0010|111|111 0x060BF
BX = 110 Event : 63
BX = 111 Event : 64
4 0 0001110|0011|001|000 0x038C8
5 0 0011110|0100|111|101 0x0793D
5 1 0011111|0010|111|110 0x07CBE
BX = 000 Event : 65
0 0 0011101|0011|101|011 0x074EB
BX = 001 Event : 66
5 0 0001001|0011|001|000 0x024C8
BX = 010 Event : 67
2 0 0110100|0100|110|000 0x0D130
BX = 011 Event : 68
4 0 0000101|0011|111|000 0x014F8
4 1 0000110|0011|110|010 0x018F2
4 2 0000111|0011|101|011 0x01CEB
BX = 100 Event : 69
2 0 0110001|0010|000|110 0x0C486
3 0 0110010|0011|101|110 0x0C8EE
4 0 0000001|0010|010|110 0x00496
5 0 0000100|0010|001|110 0x0108E
7 0 0010101|0011|101|011 0x054EB
BX = 101 Event : 70
6 0 0001110|0100|011|010 0x0391A
BX = 110 Event : 71
4 0 0000100|0011|000|011 0x010C3
BX = 111 Event : 72
4 0 0001000|0011|110|010 0x020F2
5 0 0010001|0100|101|101 0x0452D
5 1 0010010|0011|101|111 0x048EF
7 0 0100001|0010|111|111 0x084BF
BX = 000 Event : 73
2 0 0011110|0010|001|001 0x07889
2 1 0100011|0010|011|011 0x08C9B
BX = 001 Event : 74
3 0 0110010|0011|111|110 0x0C8FE
6 0 0001101|0010|000|110 0x03486
BX = 010 Event : 75
0 0 0100100|0010|110|000 0x090B0
0 1 0101010|0100|100|010 0x0A922
0 2 0101100|0010|101|010 0x0B0AA
2 0 0111001|0010|001|110 0x0E48E
6 0 0000110|0011|010|010 0x018D2
BX = 011 Event : 76
2 0 0100011|0011|000|100 0x08CC4
6 0 0001000|0011|101|001 0x020E9
7 0 0001010|0011|111|101 0x028FD
7 1 0001011|0100|101|101 0x02D2D
BX = 100 Event : 77
2 0 1000000|0010|001|100 0x1008C
5 0 0100100|0010|110|000 0x090B0
BX = 101 Event : 78
0 0 0011011|0100|000|010 0x06D02
0 1 0011110|0011|100|101 0x078E5
0 2 0011111|0010|011|110 0x07C9E
1 0 0100001|0011|100|000 0x084E0
BX = 110 Event : 79
BX = 111 Event : 80
0 0 0101100|0011|110|000 0x0B0F0
1 0 0101111|0011|001|100 0x0BCCC
BX = 000 Event : 81
5 0 0000110|0010|111|011 0x018BB
7 0 0010111|0100|111|111 0x05D3F
BX = 001 Event : 82
0 0 1100000|0100|110|000 0x18130
4 0 0010100|0100|100|110 0x05126
4 1 0010110|0010|100|110 0x058A6
6 0 0101010|0011|110|011 0x0A8F3
6 1 0110010|0010|101|111 0x0C8AF
7 0 0110110|0100|101|011 0x0D92B
BX = 010 Event : 83
6 0 0010111|0011|000|101 0x05CC5
7 0 0011011|0100|000|011 0x06D03
7 1 0011101|0010|101|100 0x074AC
BX = 011 Event : 84
1 0 0110010|0011|101|010 0x0C8EA
BX = 100 Event : 85
2 0 0110001|0100|010|011 0x0C513
2 1 0110010|0100|000|011 0x0C903
BX = 101 Event : 86
1 0 0010111|0100|100|011 0x05D23
BX = 110 Event : 87
0 0 0111001|0011|100|010 0x0E4E2
3 0 1000011|0100|111|110 0x10D3E
3 1 1001000|0100|111|111 0x1213F
4 0 0010010|0011|000|000 0x048C0
4 1 0010101|0010|011|000 0x05498
4 2 0010110|0011|011|000 0x058D8
4 3 0010111|0100|100|000 0x05D20
4 4 0011110|0010|000|010 0x07882
4 5 0011111|0010|000|010 0x07C82
6 0 0100110|0011|010|010 0x098D2
BX = 111 Event : 88
3 0 0010011|0010|111|100 0x04CBC
3 1 0010101|0100|011|110 0x0551E
4 0 0000010|0010|011|011 0x0089B
6 0 0000011|0010|010|011 0x00C93
BX = 000 Event : 89
3 0 0110100|0011|101|100 0x0D0EC
4 0 0001000|0011|001|100 0x020CC
4 1 0001010|0010|010|110 0x02896
BX = 001 Event : 90
1 0 0100100|0100|111|101 0x0913D
3 0 0101011|0100|000|100 0x0AD04
4 0 0000101|0100|011|111 0x0151F
5 0 0001010|0100|101|000 0x02928
5 1 0001011|0011|010|000 0x02CD0
BX = 010 Event : 91
3 0 0100100|0011|110|110 0x090F6
BX = 011 Event : 92
2 0 0010001|0011|110|001 0x044F1
3 0 0010100|0010|111|100 0x050BC
3 1 0010111|0100|011|110 0x05D1E
4 0 0000010|0010|011|011 0x0089B
6 0 0000011|0010|010|011 0x00C93
BX = 100 Event : 93
0 0 0100110|0010|110|010 0x098B2
4 0 0000101|0010|000|011 0x01483
BX = 101 Event : 94
4 0 0000111|0100|011|111 0x01D1F
5 0 0001101|0100|101|000 0x03528
5 1 0001110|0011|010|000 0x038D0
BX = 110 Event : 95
2 0 0111100|0011|000|100 0x0F0C4
6 0 0001000|0011|101|001 0x020E9
7 0 0001100|0011|111|101 0x030FD
7 1 0001101|0100|101|101 0x0352D
BX = 111 Event : 96
BX = 000 Event : 97
0 0 0011101|0100|000|010 0x07502
0 1 0100000|0011|100|101 0x080E5
0 2 0100001|0010|011|110 0x0849E
BX = 001 Event : 98
7 0 0001011|0100|000|101 0x02D05
BX = 010 Event : 99
0 0 0011001|0010|100|011 0x064A3
1 0 0011110|0011|001|100 0x078CC
BX = 011 Event : 100
2 0 0011110|0010|100|001 0x078A1
