BX = 000 Event : 1
1 0 0100011|100|000|001 0x4701
2 0 0100111|110|100|011 0x4FA3
3 0 0000010|001|001|100 0x044C
3 1 0000011|110|001|100 0x078C
3 2 0000100|011|010|100 0x08D4
3 3 0011011|100|101|000 0x3728
4 0 0000101|111|000|010 0x0BC2
4 1 0011111|010|110|101 0x3EB5
5 0 0001011|111|000|011 0x17C3
BX = 001 Event : 2
1 0 1000000|101|101|000 0x8168
1 1 1000001|101|101|000 0x8368
1 2 1000010|101|100|111 0x8567
2 0 0101001|101|110|111 0x5377
2 1 1000011|001|001|010 0x864A
3 0 0000011|011|011|001 0x06D9
3 1 0000100|000|001|010 0x080A
3 2 0000101|011|101|011 0x0AEB
3 3 0001000|110|101|100 0x11AC
3 4 0101010|010|101|000 0x54A8
3 5 0101011|011|110|001 0x56F1
3 6 0101100|101|011|010 0x595A
3 7 0101101|000|110|010 0x5A32
3 8 0101110|101|101|010 0x5D6A
3 9 0101111|000|101|011 0x5E2B
3 a 0110000|101|101|101 0x616D
3 b 0110001|111|011|101 0x63DD
4 0 0001010|000|011|000 0x1418
4 1 0001011|110|010|000 0x1790
4 2 0001100|001|011|000 0x1858
4 3 0010000|011|010|010 0x20D2
4 4 0010100|110|000|111 0x2987
4 5 0010101|101|001|111 0x2B4F
4 6 0110011|110|011|000 0x6798
4 7 0110101|110|110|011 0x6BB3
5 0 0011000|001|010|000 0x3050
5 1 0011010|000|100|011 0x3423
BX = 010 Event : 3
1 0 0101101|011|001|101 0x5ACD
1 1 0101110|011|001|101 0x5CCD
3 0 0000101|100|000|110 0x0B06
3 1 0000110|100|001|110 0x0D0E
3 2 0100101|000|110|101 0x4A35
4 0 0001010|000|001|100 0x140C
5 0 0001110|000|001|001 0x1C09
5 1 0010011|111|001|111 0x27CF
6 0 0010100|111|111|000 0x29F8
6 1 0010110|001|111|001 0x2C79
7 0 0011001|000|010|001 0x3211
7 1 0011100|101|000|100 0x3944
BX = 011 Event : 4
0 0 1000000|010|101|001 0x80A9
0 1 1000100|010|001|110 0x888E
1 0 1001000|010|001|100 0x908C
2 0 0110101|001|101|111 0x6A6F
2 1 0110110|001|101|111 0x6C6F
2 2 1001101|101|000|011 0x9B43
2 3 1001110|010|011|111 0x9C9F
3 0 0001011|101|100|110 0x1766
3 1 0111000|111|101|101 0x71ED
4 0 0010001|110|010|101 0x2395
4 1 0010010|001|010|101 0x2455
4 2 0010101|011|001|110 0x2ACE
4 3 0111001|111|111|010 0x73FA
4 4 0111010|101|111|010 0x757A
4 5 0111011|100|110|010 0x7732
5 0 0011010|110|111|011 0x35BB
5 1 0011100|101|000|100 0x3944
6 0 0101000|110|010|011 0x5193
6 1 0101100|010|110|100 0x58B4
7 0 0110010|110|000|101 0x6585
BX = 100 Event : 5
0 0 0011100|110|001|100 0x398C
0 1 0011110|010|010|111 0x3C97
1 0 0011111|011|110|101 0x3EF5
1 1 0100000|110|100|110 0x41A6
2 0 0100001|010|000|000 0x4280
2 1 0100010|010|000|000 0x4480
2 2 0100011|110|110|000 0x47B0
2 3 0100100|011|110|000 0x48F0
3 0 0000000|110|000|001 0x0181
3 1 0000011|001|000|111 0x0647
3 2 0010000|001|111|010 0x207A
4 0 0000101|111|011|001 0x0BD9
4 1 0010011|101|110|001 0x2771
4 2 0010111|110|111|100 0x2FBC
4 3 0011001|101|110|101 0x3375
4 4 0011010|101|101|101 0x356D
5 0 0001100|011|011|111 0x18DF
BX = 101 Event : 6
0 0 0100111|010|110|001 0x4EB1
0 1 0101000|110|100|010 0x51A2
0 2 0101011|001|011|100 0x565C
0 3 0101100|001|001|101 0x584D
0 4 0101101|101|010|110 0x5B56
0 5 0101111|010|111|111 0x5EBF
1 0 0101110|010|000|000 0x5C80
2 0 0000000|011|000|111 0x00C7
2 1 0111000|110|010|001 0x7191
2 2 0111001|010|010|001 0x7291
5 0 0001001|011|011|100 0x12DC
5 1 0001010|100|011|101 0x151D
5 2 0001011|000|001|111 0x160F
5 3 0100101|110|111|000 0x4BB8
6 0 0001100|101|001|010 0x194A
6 1 0001110|100|111|100 0x1D3C
7 0 0011000|000|011|101 0x301D
7 1 0011001|110|011|101 0x339D
7 2 0011010|101|001|110 0x354E
7 3 0011011|110|001|111 0x378F
BX = 110 Event : 7
0 0 0101111|110|010|001 0x5F91
0 1 0110001|100|011|010 0x631A
1 0 0111101|011|100|111 0x7AE7
2 0 0111110|110|000|001 0x7D81
2 1 0111111|101|001|010 0x7F4A
2 2 1000000|110|000|010 0x8182
2 3 1000001|100|111|000 0x8338
3 0 0000001|010|001|001 0x0289
3 1 0000110|011|000|110 0x0CC6
3 2 0000111|101|001|111 0x0F4F
4 0 0101110|111|010|110 0x5DD6
7 0 0100100|100|100|000 0x4920
7 1 0101100|010|000|111 0x5887
BX = 111 Event : 8
0 0 1010001|110|101|100 0xA3AC
0 1 1010010|110|001|100 0xA58C
1 0 1010011|000|011|001 0xA619
1 1 1010110|000|101|110 0xAC2E
2 0 1010111|010|000|010 0xAE82
2 1 1011000|001|010|010 0xB052
2 2 1011010|111|100|100 0xB5E4
3 0 0000000|100|100|001 0x0121
3 1 0000101|111|101|101 0x0BED
3 2 0000110|000|100|110 0x0C26
3 3 0111111|000|111|101 0x7E3D
3 4 1000000|101|101|101 0x816D
3 5 1000001|100|111|101 0x833D
3 6 1000010|010|100|101 0x84A5
3 7 1000100|101|111|110 0x897E
3 8 1001001|110|111|110 0x93BE
4 0 0001110|000|100|010 0x1C22
4 1 0001111|010|010|010 0x1E92
5 0 0011101|100|001|000 0x3B08
5 1 0100001|101|011|010 0x435A
5 2 0100011|000|001|010 0x460A
5 3 0100100|101|100|011 0x4963
5 4 0100101|000|010|011 0x4A13
5 5 0100111|001|101|010 0x4E6A
5 6 0101010|110|011|101 0x559D
5 7 0101011|110|001|111 0x578F
6 0 0110001|010|111|011 0x62BB
6 1 0110010|001|010|100 0x6454
7 0 0110110|101|110|111 0x6D77
BX = 000 Event : 9
0 0 0010111|101|101|001 0x2F69
1 0 0100000|010|100|001 0x40A1
4 0 0000100|110|000|001 0x0981
4 1 0000101|001|010|011 0x0A53
4 2 0000111|110|001|101 0x0F8D
4 3 0010100|001|101|100 0x286C
5 0 0001010|110|110|001 0x15B1
5 1 0010110|110|111|000 0x2DB8
6 0 0001111|011|100|100 0x1EE4
BX = 001 Event : 10
0 0 0110001|000|111|001 0x6239
0 1 0110010|110|110|101 0x65B5
2 0 0000001|011|100|111 0x02E7
2 1 0110101|100|011|010 0x6B1A
3 0 0101100|100|111|110 0x593E
4 0 0001011|101|101|010 0x176A
4 1 0001101|000|000|101 0x1A05
4 2 0101101|101|101|000 0x5B68
4 3 0101110|101|101|010 0x5D6A
4 4 0101111|011|101|111 0x5EEF
5 0 0010011|110|101|010 0x27AA
5 1 0010100|011|000|010 0x28C2
6 0 0011110|001|001|100 0x3C4C
BX = 010 Event : 11
1 0 0101010|100|110|001 0x5531
1 1 0101011|110|100|100 0x57A4
1 2 0101101|111|100|101 0x5BE5
1 3 0101110|001|011|110 0x5C5E
1 4 0110000|010|101|111 0x60AF
2 0 0110001|111|010|110 0x63D6
3 0 0000000|110|100|011 0x01A3
3 1 0000110|001|010|111 0x0C57
3 2 0011101|010|110|100 0x3AB4
3 3 0011110|110|101|111 0x3DAF
4 0 0001000|001|100|010 0x1062
4 1 0001011|100|001|100 0x170C
4 2 0100001|110|100|010 0x43A2
5 0 0001110|101|010|011 0x1D53
6 0 0010010|001|010|001 0x2451
BX = 011 Event : 12
0 0 0110110|010|100|001 0x6CA1
0 1 0110111|110|010|011 0x6F93
0 2 0111000|100|110|010 0x7132
0 3 0111100|001|110|101 0x7875
0 4 0111101|110|111|101 0x7BBD
0 5 0111110|000|110|111 0x7C37
2 0 0101110|011|101|111 0x5CEF
2 1 1000001|110|101|000 0x83A8
2 2 1000011|111|011|010 0x87DA
2 3 1000110|001|101|100 0x8C6C
3 0 0000101|000|001|101 0x0A0D
3 1 0000110|110|001|110 0x0D8E
3 2 0001000|110|011|111 0x119F
3 3 0110000|011|110|101 0x60F5
4 0 0001011|101|101|101 0x176D
4 1 0001100|111|011|110 0x19DE
4 2 0110010|110|101|101 0x65AD
4 3 0110101|110|100|101 0x6BA5
6 0 0011111|101|100|000 0x3F60
6 1 0100000|100|110|000 0x4130
6 2 0100001|001|110|000 0x4270
6 3 0100010|010|001|000 0x4488
6 4 0100011|000|100|011 0x4623
6 5 0100100|000|100|011 0x4823
6 6 0100101|100|100|011 0x4B23
6 7 0100110|000|100|011 0x4C23
6 8 0101001|011|101|100 0x52EC
7 0 0101010|000|011|101 0x541D
BX = 100 Event : 13
0 0 0100110|010|000|000 0x4C80
1 0 0101011|011|111|101 0x56FD
1 1 0101110|111|001|110 0x5DCE
1 2 0101111|010|110|110 0x5EB6
2 0 0110100|001|101|001 0x6869
3 0 0000111|001|100|111 0x0E67
3 1 0001000|000|100|111 0x1027
4 0 0001010|001|010|001 0x1451
4 1 0001100|010|001|011 0x188B
5 0 0010001|011|111|010 0x22FA
5 1 0010010|011|110|010 0x24F2
5 2 0010011|110|100|101 0x27A5
5 3 0010100|110|100|100 0x29A4
5 4 0010101|101|011|100 0x2B5C
5 5 0010110|010|010|101 0x2C95
6 0 0011000|110|011|000 0x3198
6 1 0011010|110|010|111 0x3597
6 2 0011011|100|010|111 0x3717
7 0 0011101|110|111|011 0x3BBB
7 1 0011111|110|111|011 0x3FBB
7 2 0100000|010|110|100 0x40B4
BX = 101 Event : 14
0 0 0110101|101|100|101 0x6B65
1 0 0111001|100|000|100 0x7304
2 0 0111100|101|010|010 0x7952
3 0 0000001|011|000|001 0x02C1
3 1 0100000|011|100|010 0x40E2
3 2 0100001|011|110|011 0x42F3
4 0 0001001|010|011|010 0x129A
4 1 0100110|100|101|000 0x4D28
4 2 0101010|110|101|100 0x55AC
4 3 0101011|110|111|100 0x57BC
4 4 0101100|110|110|100 0x59B4
4 5 0101101|110|101|101 0x5BAD
4 6 0101110|111|110|101 0x5DF5
5 0 0010000|011|000|000 0x20C0
6 0 0011011|011|010|101 0x36D5
7 0 0011101|010|001|111 0x3A8F
7 1 0011110|001|010|111 0x3C57
BX = 110 Event : 15
0 0 0101001|100|000|000 0x5300
2 0 0000001|000|000|111 0x0207
2 1 0100001|101|011|111 0x435F
2 2 0110000|010|000|000 0x6080
2 3 0110001|011|111|010 0x62FA
2 4 0110011|111|011|011 0x67DB
2 5 0110100|010|111|010 0x68BA
2 6 0110111|110|110|100 0x6FB4
3 0 0000010|100|011|000 0x0518
3 1 0000011|001|011|000 0x0658
3 2 0001100|101|101|100 0x196C
3 3 0001101|101|101|100 0x1B6C
3 4 0100011|110|101|101 0x47AD
4 0 0001111|100|011|001 0x1F19
4 1 0010000|000|011|001 0x2019
4 2 0010001|101|101|110 0x236E
4 3 0100100|110|100|001 0x49A1
4 4 0100111|101|011|011 0x4F5B
4 5 0101000|110|101|101 0x51AD
7 0 0011110|101|101|000 0x3D68
7 1 0011111|001|100|001 0x3E61
7 2 0100000|001|011|111 0x405F
BX = 111 Event : 16
3 0 0000001|010|000|000 0x0280
3 1 0011101|110|111|111 0x3BBF
3 2 0011110|111|111|111 0x3DFF
4 0 0000111|000|100|010 0x0E22
4 1 0001000|011|010|011 0x10D3
4 2 0001010|101|001|011 0x154B
4 3 0011111|100|100|010 0x3F22
5 0 0001100|110|001|000 0x1988
5 1 0100001|000|110|000 0x4230
6 0 0001111|110|011|000 0x1F98
6 1 0010001|110|010|000 0x2390
6 2 0010011|100|001|100 0x270C
7 0 0010111|101|111|001 0x2F79
7 1 0011001|100|000|110 0x3306
BX = 000 Event : 17
0 0 0011101|110|101|001 0x3BA9
0 1 0100010|001|100|101 0x4465
0 2 0100011|001|100|101 0x4665
2 0 0101001|100|011|000 0x5318
2 1 0101101|101|101|010 0x5B6A
2 2 0101111|010|000|010 0x5E82
3 0 0000001|101|001|100 0x034C
3 1 0010100|000|111|101 0x283D
4 0 0011000|110|110|111 0x31B7
4 1 0011001|101|101|111 0x336F
5 0 0011010|110|110|001 0x35B1
7 0 0010000|101|100|111 0x2167
BX = 001 Event : 18
2 0 0100111|001|010|010 0x4E52
2 1 0101000|001|010|010 0x5052
3 0 0000000|110|010|010 0x0192
4 0 0001001|011|100|100 0x12E4
4 1 0001011|100|011|101 0x171D
4 2 0011110|111|111|100 0x3DFC
4 3 0011111|110|111|100 0x3FBC
5 0 0001101|110|101|011 0x1BAB
5 1 0001110|111|101|011 0x1DEB
5 2 0001111|111|101|011 0x1FEB
7 0 0011000|000|011|011 0x301B
7 1 0011001|010|001|111 0x328F
BX = 010 Event : 19
2 0 0111001|011|001|001 0x72C9
3 0 0001001|110|000|100 0x1384
3 1 0001011|100|000|110 0x1706
3 2 0100101|011|101|000 0x4AE8
3 3 0100110|101|110|000 0x4D70
3 4 0100111|111|010|100 0x4FD4
3 5 0101000|111|110|110 0x51F6
4 0 0001111|011|010|010 0x1ED2
4 1 0010001|100|001|011 0x230B
4 2 0010010|101|101|011 0x256B
4 3 0010011|110|101|011 0x27AB
4 4 0101001|011|111|000 0x52F8
4 5 0101011|011|111|101 0x56FD
5 0 0011011|000|011|101 0x361D
7 0 0100100|010|010|111 0x4897
BX = 011 Event : 20
2 0 0000000|001|100|110 0x0066
2 1 0100100|110|111|010 0x49BA
2 2 0101000|010|000|100 0x5084
3 0 0011100|100|101|001 0x3929
3 1 0011110|001|111|111 0x3C7F
5 0 0001000|011|010|010 0x10D2
5 1 0001001|011|010|010 0x12D2
5 2 0001110|010|100|101 0x1CA5
5 3 0100001|001|101|000 0x4268
6 0 0001111|010|100|010 0x1EA2
6 1 0010001|000|100|010 0x2222
7 0 0011000|110|000|011 0x3183
BX = 100 Event : 21
2 0 0110000|110|011|100 0x619C
3 0 0000010|110|000|010 0x0582
3 1 0000011|111|011|010 0x07DA
3 2 0011110|001|101|000 0x3C68
4 0 0001000|101|000|010 0x1142
4 1 0001001|101|000|010 0x1342
4 2 0001010|001|001|100 0x144C
6 0 0010111|110|011|110 0x2F9E
6 1 0011000|110|001|110 0x318E
BX = 101 Event : 22
0 0 0100011|000|101|100 0x462C
0 1 0100100|100|101|100 0x492C
0 2 0101000|101|101|101 0x516D
0 3 0101001|010|101|111 0x52AF
0 4 0101010|001|100|111 0x5467
3 0 0010110|111|111|100 0x2DFC
4 0 0000101|111|000|010 0x0BC2
4 1 0011001|010|111|000 0x32B8
4 2 0011100|001|101|101 0x386D
6 0 0010001|010|110|111 0x22B7
BX = 110 Event : 23
0 0 0100010|001|010|110 0x4456
1 0 0100110|000|100|100 0x4C24
1 1 0100111|001|100|100 0x4E64
3 0 0000011|001|000|011 0x0643
3 1 0011101|111|101|101 0x3BED
3 2 0011110|001|110|101 0x3C75
3 3 0011111|101|110|110 0x3F76
5 0 0001100|101|000|101 0x1945
6 0 0001111|010|110|111 0x1EB7
7 0 0010010|100|100|100 0x2524
7 1 0010011|101|000|100 0x2744
7 2 0010100|001|101|101 0x286D
7 3 0010101|001|101|101 0x2A6D
7 4 0010110|000|100|110 0x2C26
7 5 0010111|110|111|111 0x2FBF
BX = 111 Event : 24
0 0 0101001|000|100|001 0x5221
0 1 0101100|010|100|110 0x58A6
0 2 0101101|100|010|110 0x5B16
1 0 0110001|000|010|110 0x6216
1 1 0110010|010|010|110 0x6496
2 0 0110110|111|110|100 0x6DF4
3 0 0000100|100|011|110 0x091E
3 1 0000110|101|000|111 0x0D47
3 2 0100010|110|011|110 0x459E
4 0 0001000|111|000|001 0x11C1
4 1 0001010|000|000|010 0x1402
4 2 0001011|001|010|011 0x1653
4 3 0001110|010|000|111 0x1C87
4 4 0010001|100|001|111 0x230F
4 5 0100110|110|110|011 0x4DB3
4 6 0100111|000|111|111 0x4E3F
5 0 0101000|000|101|000 0x5028
BX = 000 Event : 25
0 0 0101010|110|001|000 0x5588
0 1 0101011|100|011|000 0x5718
1 0 0110010|100|100|110 0x6526
1 1 0110011|000|100|111 0x6627
1 2 0110100|000|111|110 0x683E
2 0 0110101|111|100|001 0x6BE1
2 1 0110110|111|100|001 0x6DE1
3 0 0000001|000|010|001 0x0211
3 1 0000101|110|100|101 0x0BA5
3 2 0001001|010|011|111 0x129F
3 3 0100011|000|111|011 0x463B
3 4 0100101|110|101|101 0x4BAD
4 0 0001110|011|011|101 0x1CDD
4 1 0010000|110|000|101 0x2185
4 2 0010010|101|010|111 0x2557
5 0 0010011|000|101|001 0x2629
5 1 0010100|110|101|011 0x29AB
5 2 0010101|111|111|011 0x2BFB
5 3 0010110|000|101|011 0x2C2B
5 4 0010111|100|101|011 0x2F2B
5 5 0011001|110|100|101 0x33A5
5 6 0011010|100|100|100 0x3524
5 7 0011011|111|100|110 0x37E6
5 8 0011100|110|011|111 0x399F
6 0 0011101|110|010|001 0x3B91
BX = 001 Event : 26
0 0 0100101|000|100|111 0x4A27
1 0 0100110|001|101|011 0x4C6B
1 1 0100111|011|011|111 0x4EDF
1 2 0101000|010|110|111 0x50B7
2 0 0101010|101|111|100 0x557C
3 0 0000011|101|100|100 0x0764
3 1 0000100|001|000|111 0x0847
3 2 0011101|110|100|100 0x3BA4
4 0 0001010|010|000|011 0x1483
4 1 0001011|000|001|101 0x160D
4 2 0100001|010|111|001 0x42B9
4 3 0100010|010|110|001 0x44B1
4 4 0100011|010|101|110 0x46AE
5 0 0001111|111|010|000 0x1FD0
5 1 0010111|111|010|111 0x2FD7
6 0 0011010|110|100|001 0x35A1
7 0 0011011|100|110|111 0x3737
BX = 010 Event : 27
0 0 0110100|010|011|000 0x6898
0 1 0110101|010|011|000 0x6A98
0 2 0110110|001|010|000 0x6C50
0 3 0110111|010|010|001 0x6E91
1 0 0111001|110|110|000 0x73B0
1 1 0111010|001|110|001 0x7471
1 2 0111100|001|111|010 0x787A
2 0 0100100|001|111|110 0x487E
2 1 0111111|011|010|010 0x7ED2
2 2 1000000|101|010|010 0x8152
2 3 1000001|010|010|010 0x8292
2 4 1000010|000|100|110 0x8426
2 5 1000011|110|100|110 0x87A6
2 6 1000100|010|111|110 0x88BE
3 0 0000101|110|000|010 0x0B82
3 1 0000110|010|010|011 0x0C93
3 2 0101000|001|111|111 0x507F
4 0 0001001|010|000|100 0x1284
4 1 0001011|011|100|101 0x16E5
4 2 0001100|111|101|101 0x19ED
4 3 0010000|100|011|110 0x211E
4 4 0010010|100|010|111 0x2517
4 5 0010011|001|010|111 0x2657
4 6 0010100|110|000|111 0x2987
4 7 0101001|000|110|001 0x5231
4 8 0101010|101|100|010 0x5562
5 0 0110001|110|100|000 0x63A0
5 1 0110010|000|100|000 0x6420
6 0 0011101|001|100|110 0x3A66
7 0 0100011|000|011|110 0x461E
BX = 011 Event : 28
0 0 0011011|110|010|000 0x3790
0 1 0011100|001|011|100 0x385C
1 0 0011111|110|111|010 0x3FBA
2 0 0000000|110|001|111 0x018F
2 1 0000010|000|011|111 0x041F
2 2 0100111|010|110|111 0x4EB7
3 0 0000101|011|100|001 0x0AE1
3 1 0000110|100|000|101 0x0D05
3 2 0010100|011|110|001 0x28F1
3 3 0011001|010|101|110 0x32AE
7 0 0001110|000|011|001 0x1C19
BX = 100 Event : 29
0 0 0100110|000|010|000 0x4C10
0 1 0100111|101|010|000 0x4F50
3 0 0000011|111|101|000 0x07E8
3 1 0000100|111|001|000 0x09C8
3 2 0000111|000|101|110 0x0E2E
3 3 0100011|000|101|110 0x462E
4 0 0100101|001|110|000 0x4A70
5 0 0010001|111|011|101 0x23DD
5 1 0010011|011|111|011 0x26FB
5 2 0010100|000|111|100 0x283C
5 3 0010111|111|110|101 0x2FF5
7 0 0011110|000|001|101 0x3C0D
7 1 0011111|001|100|101 0x3E65
BX = 101 Event : 30
0 0 0111001|001|011|001 0x7259
0 1 0111010|010|100|001 0x74A1
0 2 0111011|001|000|001 0x7641
0 3 0111110|011|011|110 0x7CDE
1 0 1000000|000|000|011 0x8003
2 0 1000100|011|010|101 0x88D5
3 0 0000001|010|011|000 0x0298
3 1 0110010|001|101|010 0x646A
3 2 0110011|100|101|011 0x672B
6 0 0100110|101|101|101 0x4D6D
6 1 0101000|000|110|100 0x5034
6 2 0101001|110|100|110 0x53A6
7 0 0101010|001|110|000 0x5470
7 1 0101011|101|011|010 0x575A
7 2 0101100|001|000|101 0x5845
7 3 0101101|010|101|011 0x5AAB
7 4 0101110|001|111|101 0x5C7D
BX = 110 Event : 31
0 0 0111011|100|110|001 0x7731
0 1 0111100|100|010|100 0x7914
3 0 0000111|110|010|010 0x0F92
3 1 0010010|100|000|110 0x2506
3 2 0101100|100|111|000 0x5938
3 3 0110010|001|101|100 0x646C
4 0 0010111|000|100|000 0x2E20
4 1 0011001|101|011|001 0x3359
4 2 0011010|011|011|001 0x34D9
4 3 0011100|000|011|001 0x3819
4 4 0110111|000|110|010 0x6E32
5 0 0100000|101|111|100 0x417C
5 1 0100010|000|010|101 0x4415
7 0 0100111|100|000|100 0x4F04
BX = 111 Event : 32
0 0 0110000|001|101|000 0x6068
0 1 0110001|010|101|100 0x62AC
0 2 0110010|101|101|101 0x656D
1 0 0110100|010|111|000 0x68B8
1 1 0110111|001|101|001 0x6E69
1 2 0111000|000|110|011 0x7033
2 0 0000000|011|001|111 0x00CF
2 1 0111001|110|110|000 0x73B0
2 2 0111011|011|110|100 0x76F4
2 3 0111100|011|110|100 0x78F4
3 0 0100100|001|110|010 0x4872
3 1 0100110|110|111|100 0x4DBC
4 0 0101110|100|111|011 0x5D3B
5 0 0001000|101|010|001 0x1151
5 1 0001001|011|100|001 0x12E1
5 2 0010001|101|110|011 0x2373
6 0 0010110|010|101|001 0x2CA9
BX = 000 Event : 33
0 0 0101100|000|100|010 0x5822
1 0 0110011|010|001|011 0x668B
2 0 0110110|000|000|101 0x6C05
3 0 0000001|101|000|000 0x0340
3 1 0000110|001|100|011 0x0C63
3 2 0000111|001|011|110 0x0E5E
3 3 0001000|110|100|111 0x11A7
3 4 0011101|010|100|011 0x3AA3
3 5 0011110|010|100|011 0x3CA3
4 0 0100010|010|101|010 0x44AA
5 0 0010010|101|001|001 0x2549
5 1 0010011|111|101|001 0x27E9
5 2 0010100|011|100|010 0x28E2
5 3 0100111|111|111|000 0x4FF8
7 0 0011011|001|101|011 0x366B
BX = 001 Event : 34
1 0 0101110|100|011|100 0x5D1C
2 0 0000000|011|010|111 0x00D7
2 1 0110010|101|010|000 0x6550
2 2 0110011|100|000|010 0x6702
2 3 0110100|000|000|010 0x6802
2 4 0110111|001|100|011 0x6E63
3 0 0000010|110|001|000 0x0588
3 1 0000110|100|010|010 0x0D12
3 2 0100000|010|110|101 0x40B5
4 0 0010000|111|011|111 0x21DF
4 1 0010001|110|011|111 0x239F
4 2 0100111|100|111|100 0x4F3C
4 3 0101000|000|110|100 0x5034
4 4 0101001|000|110|100 0x5234
5 0 0010011|101|001|000 0x2748
5 1 0010101|011|000|011 0x2AC3
5 2 0010110|010|110|011 0x2CB3
6 0 0011101|000|111|100 0x3A3C
6 1 0011110|011|011|100 0x3CDC
BX = 010 Event : 35
0 0 0111011|100|010|110 0x7716
0 1 0111100|010|010|110 0x7896
0 2 0111101|100|011|110 0x7B1E
2 0 0100010|101|101|111 0x456F
3 0 0001000|110|100|010 0x11A2
3 1 0001011|011|100|101 0x16E5
3 2 0001101|100|100|111 0x1B27
3 3 0100011|000|101|000 0x4628
3 4 0100101|000|110|011 0x4A33
3 5 0100111|101|100|111 0x4F67
4 0 0001111|101|100|100 0x1F64
4 1 0010000|010|000|110 0x2086
4 2 0101000|100|111|000 0x5138
4 3 0101001|100|111|010 0x533A
4 4 0101010|001|110|011 0x5473
4 5 0101011|100|100|100 0x5724
4 6 0101101|100|101|110 0x5B2E
5 0 0110000|111|101|000 0x61E8
7 0 0011100|010|000|011 0x3883
BX = 011 Event : 36
1 0 0101011|010|111|111 0x56BF
3 0 0000001|100|000|101 0x0305
3 1 0000010|011|010|101 0x04D5
3 2 0000011|111|000|110 0x07C6
3 3 0000100|101|010|111 0x0957
4 0 0000111|010|011|100 0x0E9C
4 1 0001000|010|011|111 0x109F
4 2 0001001|010|011|111 0x129F
4 3 0010110|011|110|011 0x2CF3
4 4 0011010|101|110|101 0x3575
5 0 0100010|011|101|001 0x44E9
7 0 0001111|011|101|000 0x1EE8
7 1 0010000|001|000|111 0x2047
BX = 100 Event : 37
0 0 0111111|000|010|000 0x7E10
0 1 1000000|000|010|000 0x8010
0 2 1000010|100|010|001 0x8511
3 0 0000101|000|001|100 0x0A0C
3 1 0001001|101|000|110 0x1346
3 2 0001010|101|010|110 0x1556
3 3 0110011|010|110|111 0x66B7
4 0 0010100|111|100|111 0x29E7
4 1 0111000|100|110|100 0x7134
4 2 0111001|101|110|100 0x7374
5 0 0011101|011|011|010 0x3ADA
5 1 0100000|001|001|011 0x404B
5 2 0100001|001|001|011 0x424B
5 3 0100101|100|011|100 0x4B1C
5 4 0100110|100|011|100 0x4D1C
5 5 0111100|000|110|000 0x7830
5 6 0111101|000|100|001 0x7A21
6 0 0101011|001|101|010 0x566A
7 0 0110000|101|001|100 0x614C
BX = 101 Event : 38
0 0 0101010|101|011|000 0x5558
1 0 0110000|010|110|011 0x60B3
2 0 0100010|100|111|111 0x453F
2 1 0100100|000|111|111 0x483F
2 2 0110111|111|111|100 0x6FFC
3 0 0000011|010|001|101 0x068D
4 0 0001000|011|001|001 0x10C9
4 1 0001011|011|000|010 0x16C2
5 0 0010001|100|100|100 0x2324
5 1 0010011|100|100|100 0x2724
6 0 0010101|100|001|000 0x2B08
6 1 0011000|000|010|111 0x3017
6 2 0011001|001|010|111 0x3257
7 0 0011010|011|100|000 0x34E0
7 1 0100000|001|101|011 0x406B
BX = 110 Event : 39
3 0 0000000|001|011|000 0x0058
3 1 0000001|000|011|000 0x0218
3 2 0000011|000|011|011 0x061B
3 3 0000101|000|001|101 0x0A0D
3 4 0000110|010|010|101 0x0C95
3 5 0000111|011|001|101 0x0ECD
3 6 0001000|001|001|101 0x104D
3 7 0001001|010|001|101 0x128D
3 8 0001010|001|001|101 0x144D
3 9 0001011|011|011|110 0x16DE
3 a 0001100|110|001|110 0x198E
3 b 0010000|010|100|111 0x20A7
3 c 0010010|010|000|111 0x2487
3 d 0100000|111|100|111 0x41E7
4 0 0100010|000|101|010 0x442A
6 0 0010100|000|001|000 0x2808
6 1 0010110|101|010|001 0x2D51
7 0 0011011|010|100|010 0x36A2
7 1 0011100|101|101|101 0x396D
7 2 0011110|110|101|101 0x3DAD
BX = 111 Event : 40
0 0 0101100|010|011|000 0x5898
0 1 0101101|000|010|010 0x5A12
0 2 0110010|000|011|110 0x641E
1 0 0110100|000|010|001 0x6811
1 1 0110110|001|010|001 0x6C51
2 0 0011010|001|111|111 0x347F
3 0 0011100|110|101|001 0x39A9
3 1 0011101|011|110|010 0x3AF2
4 0 0000011|110|001|000 0x0788
4 1 0000101|100|010|011 0x0B13
4 2 0100101|011|111|010 0x4AFA
4 3 0100110|000|111|100 0x4C3C
6 0 0010000|011|100|000 0x20E0
7 0 0010101|110|101|011 0x2BAB
7 1 0010110|100|101|011 0x2D2B
7 2 0010111|010|100|100 0x2EA4
7 3 0011001|110|111|111 0x33BF
BX = 000 Event : 41
0 0 0100000|001|111|001 0x4079
0 1 0100101|001|111|100 0x4A7C
1 0 0101000|011|000|101 0x50C5
2 0 0101010|011|011|000 0x54D8
3 0 0000010|001|001|100 0x044C
3 1 0011100|110|110|101 0x39B5
4 0 0001000|100|010|100 0x1114
4 1 0001001|111|010|100 0x13D4
4 2 0001100|000|000|111 0x1807
4 3 0001101|100|000|111 0x1B07
BX = 001 Event : 42
0 0 0011100|100|011|001 0x3919
0 1 0011101|000|011|001 0x3A19
3 0 0000001|001|010|001 0x0251
3 1 0000101|011|011|101 0x0ADD
5 0 0001100|001|110|010 0x1872
5 1 0001111|010|001|111 0x1E8F
BX = 010 Event : 43
1 0 0101110|001|100|000 0x5C60
1 1 0101111|001|100|000 0x5E60
2 0 0110100|001|000|011 0x6843
3 0 0000011|101|000|011 0x0743
3 1 0000100|100|010|011 0x0913
3 2 0000101|000|010|011 0x0A13
4 0 0000111|110|101|010 0x0FAA
4 1 0001000|101|000|010 0x1142
4 2 0001001|010|000|100 0x1284
4 3 0001010|101|100|110 0x1566
4 4 0100001|001|101|010 0x426A
4 5 0100100|100|100|110 0x4926
4 6 0100101|101|011|111 0x4B5F
4 7 0100110|001|111|111 0x4C7F
4 8 0101000|001|110|111 0x5077
5 0 0010000|110|101|100 0x21AC
5 1 0010001|110|101|100 0x23AC
6 0 0010100|100|100|010 0x2922
6 1 0010101|100|100|010 0x2B22
6 2 0011000|001|001|111 0x304F
7 0 0011011|010|000|011 0x3683
7 1 0011100|011|000|011 0x38C3
7 2 0011101|001|000|100 0x3A44
BX = 011 Event : 44
0 0 0100001|101|100|010 0x4362
0 1 0100010|001|011|010 0x445A
1 0 0100111|110|011|101 0x4F9D
2 0 0011010|001|111|111 0x347F
2 1 0101100|001|110|001 0x5871
2 2 0101101|000|110|001 0x5A31
2 3 0101110|000|110|011 0x5C33
2 4 0101111|001|101|110 0x5E6E
3 0 0000100|110|011|001 0x0999
3 1 0000101|111|000|011 0x0BC3
3 2 0000110|010|010|101 0x0C95
3 3 0001000|111|011|101 0x11DD
3 4 0001001|111|101|110 0x13EE
3 5 0011011|111|100|010 0x37E2
3 6 0011100|011|110|010 0x38F2
3 7 0011110|111|101|110 0x3DEE
4 0 0001010|000|010|101 0x1415
5 0 0001100|000|011|000 0x1818
5 1 0001110|110|000|011 0x1D83
5 2 0010000|011|110|011 0x20F3
5 3 0010001|000|110|101 0x2235
6 0 0010011|110|000|000 0x2780
6 1 0010101|100|001|011 0x2B0B
BX = 100 Event : 45
0 0 0100000|100|000|011 0x4103
0 1 0100001|110|001|011 0x438B
3 0 0000000|011|100|101 0x00E5
3 1 0011001|001|100|101 0x3265
4 0 0011101|000|100|110 0x3A26
6 0 0001101|101|111|001 0x1B79
6 1 0001110|001|111|001 0x1C79
7 0 0010011|010|001|011 0x268B
7 1 0010101|010|000|101 0x2A85
7 2 0010110|010|011|101 0x2C9D
7 3 0010111|110|010|110 0x2F96
BX = 101 Event : 46
1 0 0101001|010|010|000 0x5290
1 1 0101011|001|010|001 0x5651
2 0 0110000|100|101|011 0x612B
2 1 0110010|110|101|100 0x65AC
2 2 0110011|010|110|100 0x66B4
2 3 0110100|111|101|100 0x69EC
2 4 0110111|100|110|011 0x6F33
2 5 0111000|111|110|100 0x71F4
2 6 0111001|111|110|100 0x73F4
2 7 0111010|000|001|110 0x740E
3 0 0000000|000|000|000 0x0000
3 1 0000011|011|100|011 0x06E3
3 2 0011111|010|110|011 0x3EB3
3 3 0100000|011|100|101 0x40E5
4 0 0000110|011|001|011 0x0CCB
4 1 0100001|000|100|111 0x4227
5 0 0001110|101|100|010 0x1D62
5 1 0001111|101|100|001 0x1F61
5 2 0010001|111|110|010 0x23F2
5 3 0100010|101|110|000 0x4570
6 0 0010110|101|010|000 0x2D50
6 1 0010111|110|111|001 0x2FB9
7 0 0011011|010|000|001 0x3681
BX = 110 Event : 47
0 0 0111000|101|111|001 0x7179
2 0 0000000|000|011|111 0x001F
2 1 0000001|111|001|111 0x03CF
2 2 0101101|000|100|110 0x5A26
2 3 1000111|000|100|101 0x8E25
3 0 0001101|001|000|110 0x1A46
4 0 0010000|011|011|010 0x20DA
4 1 0010100|011|100|101 0x28E5
4 2 0110010|100|100|011 0x6523
5 0 0011000|010|100|000 0x30A0
5 1 0011110|010|110|110 0x3CB6
5 2 0011111|101|101|110 0x3F6E
5 3 0100000|100|010|111 0x4117
5 4 0110100|101|100|000 0x6960
6 0 0100010|111|010|001 0x45D1
6 1 0100011|110|111|100 0x47BC
6 2 0100100|101|111|100 0x497C
7 0 0101011|000|000|110 0x5606
7 1 0101100|100|000|111 0x5907
BX = 111 Event : 48
0 0 0100111|110|100|000 0x4FA0
0 1 0101000|110|100|000 0x51A0
2 0 0101111|011|101|000 0x5EE8
2 1 0110011|111|000|100 0x67C4
2 2 0110100|111|000|100 0x69C4
3 0 0000010|111|001|000 0x05C8
3 1 0000100|001|001|101 0x084D
3 2 0000101|011|010|110 0x0AD6
3 3 0000110|101|010|110 0x0D56
3 4 0000111|111|010|110 0x0FD6
3 5 0001000|010|010|110 0x1096
3 6 0001001|001|010|110 0x1256
3 7 0011101|111|110|010 0x3BF2
3 8 0011110|111|111|010 0x3DFA
3 9 0011111|110|011|110 0x3F9E
4 0 0100010|000|100|000 0x4420
4 1 0100011|100|111|010 0x473A
5 0 0010000|101|101|000 0x2168
5 1 0010001|011|011|000 0x22D8
7 0 0011001|110|000|110 0x3386
BX = 000 Event : 49
0 0 1000000|010|100|000 0x80A0
1 0 1000011|010|110|001 0x86B1
3 0 0000010|101|001|001 0x0549
3 1 0000100|100|100|010 0x0922
3 2 0000101|001|010|010 0x0A52
3 3 0001001|100|001|100 0x130C
3 4 0001110|000|101|101 0x1C2D
3 5 0010100|110|001|111 0x298F
3 6 0110010|011|101|010 0x64EA
3 7 0110011|001|100|010 0x6662
3 8 0110100|100|100|010 0x6922
3 9 0110110|001|101|101 0x6C6D
4 0 0111010|100|111|100 0x753C
5 0 0100001|011|110|101 0x42F5
5 1 0100010|011|110|110 0x44F6
7 0 0100111|101|000|001 0x4F41
7 1 0101010|110|001|011 0x558B
7 2 0101011|110|000|011 0x5783
BX = 001 Event : 50
0 0 0100001|000|110|001 0x4231
0 1 0100010|110|010|100 0x4594
0 2 0100011|101|101|101 0x476D
0 3 0100100|110|101|101 0x49AD
1 0 0100111|101|010|010 0x4F52
1 1 0101001|100|001|100 0x530C
2 0 0101100|100|001|010 0x590A
3 0 0000000|101|010|000 0x0150
3 1 0000001|011|001|000 0x02C8
3 2 0000010|010|001|000 0x0488
3 3 0000011|101|100|100 0x0764
3 4 0000100|100|100|100 0x0924
3 5 0000101|010|011|111 0x0A9F
3 6 0010110|001|110|000 0x2C70
3 7 0011001|111|110|000 0x33F0
3 8 0011100|111|111|111 0x39FF
4 0 0001011|001|001|111 0x164F
4 1 0011111|001|111|100 0x3E7C
4 2 0100000|110|111|101 0x41BD
BX = 010 Event : 51
1 0 0110100|100|101|101 0x692D
3 0 0100011|011|110|111 0x46F7
4 0 0001000|011|001|011 0x10CB
4 1 0001011|110|101|110 0x17AE
4 2 0101001|000|111|001 0x5239
4 3 0101100|010|110|011 0x58B3
5 0 0001100|101|010|000 0x1950
5 1 0001110|110|001|101 0x1D8D
7 0 0010110|110|100|001 0x2DA1
7 1 0011000|110|111|010 0x31BA
7 2 0011001|010|100|100 0x32A4
7 3 0011011|010|100|101 0x36A5
BX = 011 Event : 52
1 0 0110111|010|101|000 0x6EA8
1 1 0111010|111|101|011 0x75EB
2 0 0101100|011|111|111 0x58FF
2 1 0111110|010|111|101 0x7CBD
3 0 0000000|111|010|001 0x01D1
3 1 0000100|101|100|011 0x0963
3 2 0000111|000|101|011 0x0E2B
3 3 0001000|000|101|100 0x102C
3 4 0001001|100|011|100 0x131C
3 5 0001111|110|010|110 0x1F96
3 6 0010000|011|101|111 0x20EF
4 0 0010011|111|100|000 0x27E0
4 1 0101110|010|100|000 0x5CA0
4 2 0101111|010|100|000 0x5EA0
4 3 0110000|100|100|000 0x6120
6 0 0011110|101|110|000 0x3D70
6 1 0100011|011|110|101 0x46F5
7 0 0100101|110|100|000 0x4BA0
7 1 0100111|110|101|010 0x4FAA
7 2 0101000|101|101|010 0x516A
7 3 0101001|010|010|011 0x5293
BX = 100 Event : 53
0 0 0101001|010|001|000 0x5288
1 0 0110000|101|111|001 0x6179
2 0 1000001|111|100|000 0x83E0
3 0 0000000|110|101|000 0x01A8
3 1 0000100|010|010|101 0x0895
3 2 0100110|011|111|111 0x4CFF
4 0 0001000|011|000|000 0x10C0
4 1 0001001|001|011|000 0x1258
5 0 0010000|010|011|001 0x2099
5 1 0010011|101|001|111 0x274F
BX = 101 Event : 54
0 0 0101110|101|010|110 0x5D56
0 1 0101111|110|010|110 0x5F96
2 0 0111000|000|010|110 0x7016
2 1 0111001|011|111|111 0x72FF
3 0 0000000|010|010|000 0x0090
3 1 0000100|010|100|101 0x08A5
3 2 0001000|010|010|110 0x1096
3 3 0001010|110|010|110 0x1596
3 4 0100101|110|110|011 0x4BB3
3 5 0100110|000|100|101 0x4C25
3 6 0101000|000|110|111 0x5037
4 0 0001011|100|001|000 0x1708
4 1 0001110|100|000|010 0x1D02
4 2 0001111|100|010|011 0x1F13
4 3 0010001|010|101|100 0x22AC
4 4 0010010|100|100|100 0x2524
4 5 0010011|110|100|100 0x27A4
4 6 0010101|001|011|101 0x2A5D
4 7 0010110|101|011|101 0x2D5D
BX = 110 Event : 55
0 0 0100000|101|110|011 0x4173
1 0 0101010|100|111|011 0x553B
2 0 0101100|111|011|000 0x59D8
2 1 0101110|111|100|000 0x5DE0
2 2 0101111|111|110|010 0x5FF2
2 3 0110000|111|001|100 0x61CC
2 4 0110001|111|001|100 0x63CC
2 5 0110010|101|101|100 0x656C
3 0 0000011|001|010|001 0x0651
3 1 0011000|100|110|010 0x3132
4 0 0001101|100|000|111 0x1B07
5 0 0010000|101|000|101 0x2145
5 1 0011110|001|110|000 0x3C70
7 0 0010011|101|100|101 0x2765
7 1 0010101|001|110|110 0x2A76
BX = 111 Event : 56
1 0 0110101|011|100|001 0x6AE1
2 0 0111001|100|011|011 0x731B
2 1 0111011|011|001|010 0x76CA
4 0 0000111|110|100|001 0x0FA1
4 1 0001011|001|100|111 0x1667
4 2 0101001|111|100|001 0x53E1
4 3 0101010|011|101|001 0x54E9
5 0 0010000|010|101|011 0x20AB
5 1 0010001|001|001|100 0x224C
5 2 0010100|110|101|100 0x29AC
5 3 0010101|001|101|110 0x2A6E
5 4 0101101|100|111|001 0x5B39
5 5 0101110|001|111|001 0x5C79
6 0 0010111|010|011|000 0x2E98
7 0 0100010|101|101|101 0x456D
7 1 0100011|101|101|101 0x476D
BX = 000 Event : 57
1 0 1000100|010|010|001 0x8891
1 1 1000110|001|101|000 0x8C68
2 0 0000100|011|011|111 0x08DF
2 1 0000101|011|000|111 0x0AC7
2 2 0110100|110|111|111 0x69BF
2 3 0110101|111|111|111 0x6BFF
2 4 1010010|110|101|010 0xA5AA
2 5 1010011|011|000|011 0xA6C3
2 6 1010101|101|101|011 0xAB6B
2 7 1010110|110|101|011 0xADAB
3 0 0001000|001|000|010 0x1042
3 1 0001010|000|010|100 0x1414
3 2 0001110|000|101|101 0x1C2D
3 3 0001111|100|100|101 0x1F25
3 4 0111010|100|101|101 0x752D
3 5 0111011|100|100|101 0x7725
5 0 0100001|011|001|011 0x42CB
5 1 0100011|010|011|101 0x469D
5 2 0100100|101|101|011 0x496B
5 3 0100110|000|100|111 0x4C27
BX = 001 Event : 58
0 0 0101000|101|100|110 0x5166
0 1 0101001|101|101|101 0x536D
0 2 0101010|001|110|111 0x5477
1 0 0101011|001|011|000 0x5658
2 0 0011111|011|101|110 0x3EEE
2 1 0100000|110|011|111 0x419F
2 2 0100001|011|101|111 0x42EF
3 0 0001000|110|010|111 0x1197
5 0 0010010|010|011|010 0x249A
BX = 010 Event : 59
2 0 0100010|001|111|111 0x447F
2 1 0111110|000|010|101 0x7C15
2 2 1000000|010|110|111 0x80B7
4 0 0000111|110|001|011 0x0F8B
4 1 0001000|110|001|011 0x118B
4 2 0001001|001|010|100 0x1254
4 3 0101000|001|100|010 0x5062
4 4 0101001|010|111|010 0x52BA
4 5 0101010|111|110|010 0x55F2
4 6 0101011|101|110|010 0x5772
4 7 0101100|000|110|010 0x5832
6 0 0010101|111|100|100 0x2BE4
6 1 0010110|110|010|100 0x2D94
6 2 0010111|011|001|110 0x2ECE
7 0 0011010|110|111|001 0x35B9
BX = 011 Event : 60
0 0 0110100|100|111|010 0x693A
2 0 0111000|010|000|000 0x7080
3 0 0000000|101|100|000 0x0160
3 1 0000010|010|100|000 0x04A0
3 2 0000100|000|100|000 0x0820
3 3 0000101|100|011|000 0x0B18
3 4 0000111|110|010|010 0x0F92
3 5 0001001|101|001|011 0x134B
3 6 0001010|101|011|111 0x155F
3 7 0100011|010|111|011 0x46BB
4 0 0100100|110|110|001 0x49B1
5 0 0101010|011|110|000 0x54F0
5 1 0101011|010|110|000 0x56B0
5 2 0101101|100|111|001 0x5B39
6 0 0011001|011|100|100 0x32E4
BX = 100 Event : 61
0 0 0101001|110|101|001 0x53A9
2 0 0111000|001|001|101 0x704D
2 1 0111001|000|001|101 0x720D
3 0 0000010|110|100|100 0x05A4
3 1 0000011|100|100|101 0x0725
3 2 0000101|110|000|110 0x0B86
3 3 0001001|110|001|111 0x138F
3 4 0100000|010|100|010 0x40A2
4 0 0001011|100|000|011 0x1703
4 1 0001110|010|001|101 0x1C8D
4 2 0001111|100|001|101 0x1F0D
4 3 0100110|101|110|101 0x4D75
5 0 0010011|010|101|010 0x26AA
5 1 0010100|110|110|010 0x29B2
5 2 0010101|100|100|100 0x2B24
6 0 0011001|110|000|110 0x3386
BX = 101 Event : 62
0 0 0100100|001|100|000 0x4860
3 0 0011111|110|011|010 0x3F9A
5 0 0001101|101|001|000 0x1B48
5 1 0100010|101|100|001 0x4561
7 0 0010111|001|100|000 0x2E60
7 1 0011000|010|100|000 0x30A0
7 2 0011001|110|100|010 0x33A2
7 3 0011010|001|101|000 0x3468
7 4 0011011|000|101|100 0x362C
7 5 0011100|010|101|100 0x38AC
BX = 110 Event : 63
1 0 0101000|001|011|110 0x505E
1 1 0101001|010|101|111 0x52AF
2 0 0101010|101|110|000 0x5570
2 1 0101011|101|101|011 0x576B
2 2 0101100|111|010|110 0x59D6
3 0 0000000|111|100|011 0x01E3
3 1 0011100|010|110|100 0x38B4
3 2 0011101|110|101|111 0x3BAF
4 0 0000011|001|100|010 0x0662
4 1 0000110|100|001|100 0x0D0C
4 2 0001011|001|011|110 0x165E
4 3 0011110|110|100|010 0x3DA2
5 0 0001110|101|010|011 0x1D53
6 0 0010000|001|010|001 0x2051
BX = 111 Event : 64
0 0 0100001|011|101|000 0x42E8
0 1 0100010|101|101|010 0x456A
0 2 0100100|000|101|100 0x482C
0 3 0100111|001|001|111 0x4E4F
1 0 0101001|101|101|101 0x536D
3 0 0000100|110|001|010 0x098A
3 1 0000110|101|000|010 0x0D42
3 2 0001100|110|101|110 0x19AE
3 3 0011001|001|110|001 0x3271
3 4 0011101|111|101|111 0x3BEF
4 0 0001111|000|001|011 0x1E0B
4 1 0011111|100|100|110 0x3F26
5 0 0010000|000|101|010 0x202A
6 0 0010010|101|101|000 0x2568
BX = 000 Event : 65
0 0 0110110|001|010|111 0x6C57
1 0 0110111|000|001|000 0x6E08
2 0 0000000|010|001|111 0x008F
2 1 0111010|111|100|100 0x75E4
2 2 0111101|111|100|011 0x7BE3
3 0 0100101|100|100|010 0x4B22
3 1 0100110|000|100|010 0x4C22
4 0 0001100|100|101|011 0x192B
4 1 0001110|100|011|100 0x1D1C
4 2 0001111|011|010|110 0x1ED6
4 3 0101100|000|101|011 0x582B
4 4 0101101|000|101|011 0x5A2B
5 0 0010110|010|101|011 0x2CAB
5 1 0010111|001|000|101 0x2E45
6 0 0011011|010|001|011 0x368B
7 0 0011110|101|001|001 0x3D49
7 1 0100011|000|100|111 0x4627
BX = 001 Event : 66
2 0 1100000|111|101|100 0xC1EC
2 1 1100001|100|001|101 0xC30D
2 2 1100011|010|110|110 0xC6B6
2 3 1100100|010|110|110 0xC8B6
3 0 0001000|010|000|001 0x1081
3 1 0001001|101|000|001 0x1341
3 2 0010110|100|011|100 0x2D1C
3 3 1000000|100|101|100 0x812C
3 4 1000001|101|111|100 0x837C
3 5 1000010|110|011|100 0x859C
4 0 0011011|000|100|000 0x3620
4 1 0011100|011|100|000 0x38E0
4 2 0011111|010|011|011 0x3E9B
4 3 0100000|010|011|011 0x409B
4 4 1000110|011|101|010 0x8CEA
5 0 0101110|101|100|100 0x5D64
5 1 0110001|110|011|111 0x639F
7 0 0110110|001|010|001 0x6C51
7 1 0111000|101|100|101 0x7165
7 2 0111010|010|101|111 0x74AF
BX = 010 Event : 67
0 0 1000101|100|000|000 0x8B00
0 1 1000111|010|100|000 0x8EA0
0 2 1001000|100|100|000 0x9120
0 3 1001010|110|100|000 0x95A0
0 4 1001011|110|110|001 0x97B1
1 0 1001110|010|111|000 0x9CB8
1 1 1001111|001|101|001 0x9E69
1 2 1010100|001|101|101 0xA86D
2 0 0000000|011|001|111 0x00CF
2 1 1011010|001|101|100 0xB46C
3 0 0000110|100|101|011 0x0D2B
3 1 0000111|100|100|011 0x0F23
3 2 0111011|110|110|110 0x77B6
4 0 0011010|110|010|101 0x3595
4 1 0011100|101|100|110 0x3966
4 2 0011101|001|100|110 0x3A66
4 3 0011110|100|100|110 0x3D26
4 4 1000001|101|101|110 0x836E
4 5 1000010|011|111|110 0x84FE
4 6 1000011|011|111|110 0x86FE
5 0 0100111|101|110|011 0x4F73
6 0 0101110|110|110|010 0x5DB2
7 0 0110011|101|001|101 0x674D
7 1 0110100|100|101|100 0x692C
BX = 011 Event : 68
0 0 0101001|000|100|000 0x5220
3 0 0000001|111|100|000 0x03E0
4 0 0001001|010|100|010 0x12A2
4 1 0001011|000|000|101 0x1605
4 2 0001100|001|011|101 0x185D
4 3 0001101|101|011|101 0x1B5D
4 4 0001111|100|011|101 0x1F1D
4 5 0010001|111|000|111 0x23C7
4 6 0101000|001|111|101 0x507D
6 0 0011001|010|100|000 0x32A0
6 1 0011010|001|100|000 0x3460
6 2 0011011|100|011|100 0x371C
6 3 0011101|011|101|110 0x3AEE
6 4 0011111|110|100|111 0x3FA7
7 0 0011110|110|100|000 0x3DA0
7 1 0100010|001|101|111 0x446F
BX = 100 Event : 69
0 0 0101011|001|101|000 0x5668
0 1 0101110|100|011|100 0x5D1C
0 2 0101111|110|100|100 0x5FA4
0 3 0110000|001|111|011 0x607B
1 0 0110101|101|010|010 0x6B52
1 1 0110110|011|101|001 0x6CE9
1 2 0111000|010|111|101 0x70BD
2 0 0111010|101|100|011 0x7563
2 1 0111101|100|000|110 0x7B06
3 0 0000000|011|001|000 0x00C8
3 1 0000001|100|100|001 0x0321
3 2 0000011|110|101|011 0x07AB
3 3 0000101|010|000|101 0x0A85
3 4 0100011|100|100|000 0x4720
3 5 0100101|110|101|100 0x4BAC
4 0 0001010|110|010|011 0x1593
4 1 0100111|111|110|010 0x4FF2
4 2 0101000|110|111|101 0x51BD
6 0 0010111|011|010|000 0x2ED0
6 1 0011001|101|101|000 0x3368
6 2 0011101|110|100|111 0x3BA7
7 0 0011110|100|001|000 0x3D08
7 1 0100010|110|100|111 0x45A7
BX = 101 Event : 70
0 0 0101000|001|011|101 0x505D
2 0 0101011|011|111|001 0x56F9
4 0 0001001|000|001|011 0x120B
4 1 0100101|010|111|000 0x4AB8
4 2 0100110|101|111|000 0x4D78
5 0 0010000|011|001|111 0x20CF
6 0 0010001|000|110|001 0x2231
6 1 0010100|000|100|101 0x2825
7 0 0010110|100|000|001 0x2D01
BX = 110 Event : 71
0 0 0100111|110|101|000 0x4FA8
0 1 0101001|101|101|010 0x536A
0 2 0101011|110|101|001 0x57A9
0 3 0101100|101|101|010 0x596A
0 4 0101101|010|011|101 0x5A9D
1 0 0101111|000|001|011 0x5E0B
1 1 0110000|010|000|011 0x6083
2 0 0100001|100|100|110 0x4326
2 1 0110100|011|001|001 0x68C9
2 2 0110110|110|010|011 0x6D93
3 0 0000011|110|000|100 0x0784
4 0 0001000|101|101|011 0x116B
4 1 0001001|110|101|011 0x13AB
5 0 0010001|100|100|010 0x2322
5 1 0010010|001|100|010 0x2462
5 2 0010100|110|101|101 0x29AD
5 3 0010101|000|000|110 0x2A06
BX = 111 Event : 72
0 0 0101110|110|110|001 0x5DB1
0 1 0101111|010|000|010 0x5E82
0 2 0110011|110|000|110 0x6786
0 3 0110110|001|010|111 0x6C57
1 0 0111101|101|000|111 0x7B47
2 0 0000000|001|010|111 0x0057
2 1 0100010|100|110|110 0x4536
2 2 0100011|010|110|111 0x46B7
3 0 0000001|101|001|000 0x0348
3 1 0000011|100|100|000 0x0720
3 2 0000100|100|010|001 0x0911
3 3 0001000|010|010|110 0x1096
3 4 0100100|100|111|001 0x4939
4 0 0001110|110|001|100 0x1D8C
4 1 0001111|000|001|100 0x1E0C
6 0 0011000|110|101|010 0x31AA
6 1 0011001|110|101|010 0x33AA
6 2 0011100|001|111|111 0x387F
7 0 0011101|101|111|000 0x3B78
7 1 0100001|110|100|111 0x43A7
BX = 000 Event : 73
1 0 0110111|001|011|110 0x6E5E
2 0 0000000|001|101|111 0x006F
2 1 0000011|111|011|111 0x07DF
2 2 0101011|111|100|110 0x57E6
2 3 0101100|111|011|111 0x59DF
2 4 0111010|111|011|100 0x75DC
4 0 0001010|000|000|010 0x1402
4 1 0001101|010|011|111 0x1A9F
4 2 0001110|001|010|111 0x1C57
4 3 0101110|110|111|000 0x5DB8
5 0 0010001|010|000|000 0x2280
5 1 0010010|100|100|100 0x2524
5 2 0010011|011|100|101 0x26E5
5 3 0010100|101|100|100 0x2964
6 0 0100010|101|101|110 0x456E
7 0 0100011|101|100|000 0x4760
7 1 0100111|001|011|011 0x4E5B
7 2 0101000|000|010|011 0x5013
7 3 0101010|001|100|111 0x5467
BX = 001 Event : 74
0 0 0101000|110|101|110 0x51AE
0 1 0101001|101|101|110 0x536E
2 0 0101011|000|010|000 0x5610
3 0 0000011|110|011|101 0x079D
3 1 0000100|100|011|110 0x091E
3 2 0011100|101|011|101 0x395D
3 3 0011101|101|100|110 0x3B66
4 0 0000111|111|011|101 0x0FDD
5 0 0100100|000|110|000 0x4830
6 0 0001111|100|010|000 0x1F10
6 1 0010001|110|010|010 0x2392
6 2 0010010|111|010|010 0x25D2
7 0 0010110|010|100|001 0x2CA1
BX = 010 Event : 75
2 0 0011000|000|101|110 0x302E
2 1 0011001|011|110|111 0x32F7
3 0 0000000|100|000|101 0x0105
3 1 0011010|101|110|000 0x3570
3 2 0011011|011|110|010 0x36F2
4 0 0000001|110|000|000 0x0380
4 1 0000010|110|011|011 0x059B
4 2 0000011|110|101|100 0x07AC
4 3 0000100|101|011|100 0x095C
4 4 0000110|100|001|101 0x0D0D
4 5 0001011|111|010|110 0x17D6
4 6 0100111|001|100|011 0x4E63
4 7 0101000|011|101|100 0x50EC
5 0 0001101|110|001|000 0x1B88
6 0 0010100|101|110|000 0x2970
7 0 0010111|110|000|001 0x2F81
BX = 011 Event : 76
0 0 1000011|010|010|001 0x8691
0 1 1000101|100|011|000 0x8B18
0 2 1000110|101|100|010 0x8D62
0 3 1000111|110|011|010 0x8F9A
0 4 1001000|110|100|011 0x91A3
0 5 1001010|100|101|010 0x952A
0 6 1001011|001|111|011 0x967B
0 7 1001100|110|100|011 0x99A3
1 0 1010001|010|100|001 0xA2A1
1 1 1010010|001|111|101 0xA47D
1 2 1010011|010|110|101 0xA6B5
2 0 1011010|001|101|110 0xB46E
3 0 0000001|100|000|011 0x0303
3 1 0000100|101|001|100 0x094C
3 2 0111000|101|101|100 0x716C
3 3 0111001|110|110|100 0x73B4
3 4 0111010|001|100|100 0x7464
3 5 0111011|010|111|100 0x76BC
4 0 0000110|010|010|001 0x0C91
4 1 0010000|011|011|111 0x20DF
4 2 1000000|000|111|110 0x803E
6 0 0011001|110|000|010 0x3382
6 1 0011010|011|100|010 0x34E2
6 2 0101000|001|110|111 0x5077
BX = 100 Event : 77
0 0 0100100|000|110|001 0x4831
1 0 0101011|101|001|100 0x574C
1 1 0101100|111|010|101 0x59D5
2 0 0101111|011|010|011 0x5ED3
3 0 0000100|110|100|101 0x09A5
3 1 0000111|100|101|110 0x0F2E
4 0 0001011|110|010|001 0x1791
4 1 0001100|110|101|001 0x19A9
BX = 101 Event : 78
0 0 0101011|001|011|110 0x565E
2 0 0000000|110|001|111 0x018F
2 1 0101110|101|110|000 0x5D70
2 2 0101111|011|000|010 0x5EC2
2 3 0110000|000|110|001 0x6031
2 4 0110011|001|101|101 0x666D
3 0 0000100|111|001|000 0x09C8
3 1 0000111|011|001|010 0x0ECA
3 2 0001000|010|011|011 0x109B
4 0 0001100|111|000|000 0x19C0
4 1 0001101|110|100|000 0x1BA0
4 2 0001110|101|100|000 0x1D60
4 3 0100101|010|110|100 0x4AB4
BX = 110 Event : 79
0 0 0101110|101|001|000 0x5D48
0 1 0110001|010|111|011 0x62BB
0 2 0110010|101|100|101 0x6565
0 3 0110011|110|101|110 0x67AE
2 0 0000000|011|100|111 0x00E7
3 0 0000010|011|000|001 0x04C1
3 1 0101011|011|101|110 0x56EE
4 0 0000111|101|011|010 0x0F5A
4 1 0001000|001|011|010 0x105A
4 2 0001001|110|100|011 0x13A3
4 3 0001010|011|100|011 0x14E3
4 4 0001100|001|001|011 0x184B
4 5 0010010|111|001|101 0x25CD
5 0 0011011|011|000|001 0x36C1
6 0 0011111|100|110|000 0x3F30
6 1 0100010|000|011|100 0x441C
6 2 0100011|010|010|100 0x4694
6 3 0100100|011|101|101 0x48ED
7 0 0100110|100|100|010 0x4D22
7 1 0100111|100|100|010 0x4F22
BX = 111 Event : 80
0 0 0011101|110|001|011 0x3B8B
1 0 0100011|010|111|011 0x46BB
1 1 0100100|110|111|100 0x49BC
3 0 0000001|010|010|011 0x0293
3 1 0010110|000|100|000 0x2C20
3 2 0010111|011|111|100 0x2EFC
3 3 0011000|111|100|110 0x31E6
3 4 0011001|110|100|110 0x33A6
4 0 0000100|101|001|000 0x0948
4 1 0001000|001|011|101 0x105D
4 2 0011010|110|011|001 0x3599
5 0 0001101|110|000|110 0x1B86
6 0 0001110|100|011|011 0x1D1B
7 0 0001111|110|111|001 0x1FB9
7 1 0010001|110|110|000 0x23B0
BX = 000 Event : 81
1 0 0011111|000|111|011 0x3E3B
2 0 0000000|001|010|111 0x0057
2 1 0000001|110|010|111 0x0397
3 0 0000100|100|011|011 0x091B
3 1 0000110|000|010|101 0x0C15
4 0 0001000|000|000|000 0x1000
5 0 0010000|110|101|001 0x21A9
BX = 001 Event : 82
2 0 0101000|011|100|100 0x50E4
2 1 0101001|011|100|100 0x52E4
2 2 0101010|000|101|100 0x542C
3 0 0000000|010|000|011 0x0083
3 1 0000010|100|100|101 0x0525
3 2 0010110|111|101|000 0x2DE8
3 3 0011001|101|100|101 0x3365
4 0 0001000|001|000|100 0x1044
5 0 0001100|110|000|000 0x1980
5 1 0001110|100|101|110 0x1D2E
6 0 0001111|110|011|011 0x1F9B
7 0 0010011|110|100|111 0x27A7
BX = 010 Event : 83
2 0 1000010|001|111|000 0x8478
3 0 0010010|111|011|101 0x25DD
3 1 0010011|011|010|110 0x26D6
3 2 0010100|110|001|110 0x298E
3 3 0010101|011|010|110 0x2AD6
3 4 0010110|001|001|110 0x2C4E
4 0 0110110|000|111|001 0x6C39
5 0 0100100|011|001|010 0x48CA
5 1 0100101|011|111|001 0x4AF9
5 2 0100110|010|011|011 0x4C9B
5 3 0100111|010|011|011 0x4E9B
6 0 0101011|110|000|010 0x5782
6 1 0101101|101|000|101 0x5B45
7 0 0110001|011|100|101 0x62E5
BX = 011 Event : 84
0 0 0111101|100|011|100 0x7B1C
2 0 1000010|011|010|001 0x84D1
2 1 1000100|000|111|100 0x883C
3 0 0000000|110|010|000 0x0190
3 1 0000111|110|100|101 0x0FA5
3 2 0001010|101|101|110 0x156E
3 3 0001011|011|001|110 0x16CE
3 4 0101110|110|111|011 0x5DBB
3 5 0110010|000|110|101 0x6435
4 0 0010001|001|010|101 0x2255
5 0 0010101|100|001|000 0x2B08
5 1 0010110|000|010|000 0x2C10
5 2 0111001|001|111|001 0x7279
5 3 0111010|000|101|001 0x7429
6 0 0100111|110|111|011 0x4FBB
7 0 0101000|010|110|000 0x50B0
7 1 0101100|000|101|111 0x582F
BX = 100 Event : 85
0 0 0111011|100|101|001 0x7729
0 1 0111100|110|000|010 0x7982
0 2 0111111|100|001|011 0x7F0B
1 0 1000101|000|101|011 0x8A2B
1 1 1001110|001|100|111 0x9C67
2 0 1001101|000|100|000 0x9A20
2 1 1010110|001|100|101 0xAC65
2 2 1010111|010|100|101 0xAEA5
2 3 1011000|010|110|110 0xB0B6
3 0 0000011|001|010|010 0x0652
3 1 0000100|111|011|010 0x09DA
3 2 0000101|010|010|010 0x0A92
3 3 0000111|101|011|100 0x0F5C
3 4 0001001|111|011|110 0x13DE
3 5 0101000|100|111|001 0x5139
3 6 0101001|011|110|010 0x52F2
3 7 0101100|111|011|110 0x59DE
4 0 0001010|001|011|000 0x1458
4 1 0001011|011|010|000 0x16D0
4 2 0001101|110|100|000 0x1BA0
4 3 0001110|010|010|001 0x1C91
4 4 0101101|101|101|000 0x5B68
4 5 0101110|110|011|001 0x5D99
4 6 0101111|010|101|001 0x5EA9
4 7 0110000|111|011|001 0x61D9
5 0 0010111|111|100|010 0x2FE2
5 1 0011000|011|110|001 0x30F1
5 2 0011001|000|100|011 0x3223
5 3 0011010|100|011|011 0x351B
BX = 101 Event : 86
1 0 0111000|100|010|011 0x7113
1 1 0111001|001|010|100 0x7254
2 0 1000001|011|100|010 0x82E2
2 1 1000010|001|110|011 0x8473
2 2 1000100|110|110|100 0x89B4
2 3 1000101|000|101|100 0x8A2C
2 4 1000110|111|100|110 0x8DE6
4 0 0001101|101|010|110 0x1B56
5 0 0010111|101|100|001 0x2F61
5 1 0011010|111|111|001 0x35F9
5 2 0011011|000|001|010 0x360A
5 3 0011100|010|100|010 0x38A2
5 4 0011101|111|010|011 0x3BD3
5 5 0101111|101|111|001 0x5F79
6 0 0100010|101|000|010 0x4542
6 1 0100011|110|010|101 0x4795
7 0 0101000|000|010|111 0x5017
BX = 110 Event : 87
0 0 0101011|001|100|011 0x5663
3 0 0000011|010|011|110 0x069E
3 1 0000101|001|010|111 0x0A57
4 0 0001001|101|000|110 0x1346
4 1 0001010|110|011|110 0x159E
4 2 0001011|000|011|110 0x161E
4 3 0001101|100|011|111 0x1B1F
4 4 0101000|110|011|110 0x519E
5 0 0010010|001|010|001 0x2451
5 1 0010011|110|110|010 0x27B2
5 2 0010111|010|000|100 0x2E84
5 3 0011011|001|000|110 0x3646
5 4 0011110|010|110|111 0x3CB7
6 0 0011111|110|010|001 0x3F91
BX = 111 Event : 88
0 0 0011010|000|000|001 0x3401
0 1 0011011|001|111|001 0x3679
0 2 0011101|010|101|011 0x3AAB
2 0 0000000|000|001|111 0x000F
2 1 0100010|000|000|001 0x4401
2 2 0100011|100|101|011 0x472B
2 3 0100100|111|001|101 0x49CD
3 0 0000010|011|001|001 0x04C9
3 1 0000011|100|010|011 0x0713
3 2 0000100|011|011|100 0x08DC
4 0 0000111|001|010|100 0x0E54
4 1 0001010|010|000|101 0x1485
5 0 0001110|010|111|100 0x1CBC
5 1 0001111|101|011|110 0x1F5E
5 2 0010000|111|011|110 0x21DE
6 0 0010010|100|010|001 0x2511
7 0 0010101|110|101|000 0x2BA8
BX = 000 Event : 89
1 0 0101010|001|000|010 0x5442
1 1 0101100|011|001|101 0x58CD
1 2 0101110|011|001|101 0x5CCD
2 0 0110000|100|010|000 0x6110
2 1 0110001|101|010|010 0x6352
2 2 0110011|000|100|100 0x6624
2 3 0110100|101|101|100 0x696C
3 0 0100011|011|101|010 0x46EA
3 1 0100100|000|110|101 0x4835
4 0 0001100|100|000|010 0x1902
4 1 0001101|111|010|011 0x1BD3
4 2 0001111|000|001|100 0x1E0C
4 3 0010001|100|001|101 0x230D
4 4 0010010|110|000|111 0x2587
4 5 0010100|101|010|111 0x2957
5 0 0010110|011|111|011 0x2CFB
7 0 0011101|000|010|001 0x3A11
BX = 001 Event : 90
0 0 0101001|110|111|000 0x53B8
3 0 0001000|111|001|110 0x11CE
3 1 0001001|111|000|110 0x13C6
3 2 0001010|000|011|111 0x141F
3 3 0001011|110|011|111 0x179F
5 0 0001110|111|111|011 0x1DFB
5 1 0001111|011|010|110 0x1ED6
7 0 0011011|100|000|001 0x3701
7 1 0011110|010|011|001 0x3C99
7 2 0011111|101|100|001 0x3F61
BX = 010 Event : 91
1 0 0110100|110|100|000 0x69A0
1 1 0110101|100|100|000 0x6B20
1 2 0111000|000|000|111 0x7007
3 0 0101111|111|111|011 0x5FFB
3 1 0110000|110|111|111 0x61BF
4 0 0001000|101|100|000 0x1160
4 1 0010111|110|000|111 0x2F87
4 2 0110001|101|100|000 0x6360
4 3 0110010|101|100|000 0x6560
5 0 0100000|101|011|010 0x415A
6 0 0100101|111|000|001 0x4BC1
BX = 011 Event : 92
0 0 0100110|000|000|001 0x4C01
0 1 0100111|001|111|001 0x4E79
0 2 0101001|010|101|011 0x52AB
0 3 0101010|110|101|111 0x55AF
1 0 0101100|001|001|010 0x584A
2 0 0000000|000|001|111 0x000F
2 1 0110000|000|000|001 0x6001
2 2 0110001|100|101|011 0x632B
2 3 0110010|111|001|101 0x65CD
2 4 0110011|000|110|100 0x6634
2 5 0110100|111|111|100 0x69FC
3 0 0000010|011|001|001 0x04C9
3 1 0000011|100|010|011 0x0713
3 2 0000100|011|011|100 0x08DC
4 0 0001000|100|101|000 0x1128
4 1 0001010|010|001|001 0x1489
4 2 0001011|001|001|001 0x1649
4 3 0001101|010|010|100 0x1A94
4 4 0001110|010|000|101 0x1C85
4 5 0100010|101|101|000 0x4568
4 6 0100100|110|111|010 0x49BA
5 0 0010011|010|111|100 0x26BC
5 1 0010100|100|011|101 0x291D
5 2 0010101|101|011|110 0x2B5E
5 3 0010110|111|011|110 0x2DDE
6 0 0011000|000|010|001 0x3011
7 0 0011011|110|101|000 0x37A8
7 1 0011111|001|011|111 0x3E5F
7 2 0100000|110|011|111 0x419F
BX = 100 Event : 93
1 0 0100010|000|101|001 0x4429
1 1 0100100|000|101|001 0x4829
1 2 0100110|100|001|100 0x4D0C
2 0 0101100|000|111|101 0x583D
3 0 0000101|000|010|110 0x0A16
5 0 0001011|101|000|010 0x1742
5 1 0001101|111|001|100 0x1BCC
5 2 0011101|011|101|000 0x3AE8
6 0 0010001|000|110|100 0x2234
7 0 0010101|101|101|010 0x2B6A
BX = 101 Event : 94
0 0 0101011|110|111|000 0x57B8
3 0 0001001|111|000|110 0x13C6
3 1 0001010|000|011|111 0x141F
3 2 0001011|110|011|111 0x179F
5 0 0010000|111|111|011 0x21FB
5 1 0010001|011|010|110 0x22D6
7 0 0011101|100|000|001 0x3B01
7 1 0100000|010|011|001 0x4099
7 2 0100001|101|100|001 0x4361
BX = 110 Event : 95
0 0 0110101|010|010|001 0x6A91
0 1 0110111|110|100|011 0x6FA3
0 2 0111001|100|101|010 0x732A
0 3 0111010|001|111|011 0x747B
0 4 0111011|010|101|011 0x76AB
0 5 0111100|110|100|011 0x79A3
1 0 1000011|110|100|011 0x87A3
1 1 1000100|001|111|101 0x887D
1 2 1000101|010|110|101 0x8AB5
2 0 1001101|001|101|110 0x9A6E
3 0 0000011|000|011|011 0x061B
3 1 0000100|101|011|100 0x095C
3 2 0000101|100|011|100 0x0B1C
3 3 0101100|101|101|100 0x596C
4 0 0001011|010|010|001 0x1691
4 1 0001100|010|001|010 0x188A
4 2 0001101|101|001|010 0x1B4A
4 3 0001111|110|010|011 0x1F93
4 4 0010101|011|011|111 0x2ADF
4 5 0110001|001|101|100 0x626C
4 6 0110011|101|110|101 0x6775
5 0 0011100|100|010|100 0x3914
BX = 111 Event : 96
0 0 0100001|010|100|101 0x42A5
1 0 0100011|001|100|010 0x4662
1 1 0100100|001|100|011 0x4863
2 0 0101001|011|100|100 0x52E4
2 1 0101011|110|100|100 0x57A4
2 2 0101100|110|010|101 0x5995
2 3 0101101|111|110|101 0x5BF5
3 0 0000001|010|000|011 0x0283
3 1 0000011|100|100|101 0x0725
3 2 0011010|101|100|101 0x3565
4 0 0000100|001|000|100 0x0844
5 0 0000111|101|101|100 0x0F6C
6 0 0001010|101|010|011 0x1553
6 1 0001110|000|100|110 0x1C26
7 0 0010101|110|100|111 0x2BA7
7 1 0010110|000|100|111 0x2C27
BX = 000 Event : 97
0 0 0110000|001|011|110 0x605E
2 0 0000000|110|001|111 0x018F
2 1 0110100|010|000|010 0x6882
2 2 0111001|001|101|101 0x726D
3 0 0000100|110|001|000 0x0988
3 1 0000111|011|001|010 0x0ECA
3 2 0001000|010|011|011 0x109B
4 0 0001100|110|000|000 0x1980
4 1 0001101|110|100|000 0x1BA0
4 2 0001110|101|100|000 0x1D60
4 3 0100111|111|111|000 0x4FF8
4 4 0101001|010|110|100 0x52B4
BX = 001 Event : 98
0 0 0111010|010|100|010 0x74A2
2 0 0000000|011|001|111 0x00CF
2 1 0000001|101|011|111 0x035F
2 2 0000010|011|001|111 0x04CF
2 3 0111110|000|011|100 0x7C1C
3 0 0000110|010|000|100 0x0C84
3 1 0110011|110|111|011 0x67BB
4 0 0001010|010|010|100 0x1494
5 0 0011101|100|001|000 0x3B08
5 1 0011111|011|011|001 0x3ED9
6 0 0100101|101|001|010 0x4B4A
6 1 0100111|010|011|011 0x4E9B
6 2 0101001|110|110|111 0x53B7
7 0 0101111|000|101|111 0x5E2F
BX = 010 Event : 99
0 0 0011000|101|001|011 0x314B
0 1 0011001|101|011|011 0x335B
4 0 0000110|111|101|011 0x0DEB
4 1 0010000|111|101|011 0x21EB
7 0 0001100|110|111|001 0x19B9
7 1 0001110|110|110|000 0x1DB0
BX = 011 Event : 100
1 0 0111010|011|100|100 0x74E4
1 1 0111011|010|100|101 0x76A5
2 0 0111101|110|011|000 0x7B98
2 1 0111110|001|010|001 0x7C51
2 2 1000000|111|100|011 0x81E3
2 3 1000001|110|100|011 0x83A3
3 0 0000011|101|001|011 0x074B
4 0 0010111|100|101|101 0x2F2D
4 1 0110001|101|101|100 0x636C
5 0 0011100|000|101|000 0x3828
5 1 0011101|000|101|001 0x3A29
5 2 0110100|010|101|001 0x68A9
6 0 0100011|110|101|101 0x47AD
