BX = 000 Event : 1
BX = 001 Event : 2
2 0 0011000|0111|011|010 0x061DA
BX = 010 Event : 3
BX = 011 Event : 4
6 0 0000101|0110|111|010 0x015BA
BX = 100 Event : 5
7 0 0010001|0100|110|110 0x04536
7 1 0010010|0011|110|110 0x048F6
7 2 0010011|0110|101|110 0x04DAE
BX = 101 Event : 6
5 0 0000000|0011|010|100 0x000D4
5 1 0000001|0010|000|111 0x00487
BX = 110 Event : 7
4 0 0000001|0010|011|000 0x00498
BX = 111 Event : 8
6 0 0010110|0110|001|111 0x0598F
BX = 000 Event : 9
4 0 0000011|0101|110|110 0x00D76
BX = 001 Event : 10
1 0 0100100|0101|001|101 0x0914D
1 1 0101000|0110|001|111 0x0A18F
2 0 0010001|0101|110|110 0x04576
5 0 0000001|0111|110|100 0x005F4
6 0 0001000|0110|000|011 0x02183
7 0 0000010|0100|011|001 0x00919
7 1 0001001|0110|001|101 0x0258D
BX = 010 Event : 11
5 0 0001011|0011|010|010 0x02CD2
5 1 0001100|0110|001|010 0x0318A
5 2 0001101|0100|001|010 0x0350A
BX = 011 Event : 12
BX = 100 Event : 13
6 0 0000010|0110|001|100 0x0098C
BX = 101 Event : 14
1 0 0011000|0101|100|001 0x06161
1 1 0011001|0110|010|001 0x06591
1 2 0011010|0010|011|001 0x06899
5 0 0010011|0010|000|011 0x04C83
BX = 110 Event : 15
3 0 0011111|0110|101|111 0x07DAF
7 0 0010111|0010|000|000 0x05C80
BX = 111 Event : 16
5 0 0000000|0011|011|010 0x000DA
BX = 000 Event : 17
1 0 0001111|0110|100|011 0x03DA3
BX = 001 Event : 18
5 0 0000011|0101|000|011 0x00D43
BX = 010 Event : 19
5 0 0000010|0101|000|011 0x00943
5 1 0001001|0110|000|011 0x02583
BX = 011 Event : 20
7 0 0000001|0110|001|010 0x0058A
7 1 0000010|0010|010|010 0x00892
BX = 100 Event : 21
2 0 0001111|0100|001|100 0x03D0C
3 0 0010011|0101|100|111 0x04D67
7 0 0000100|0011|001|010 0x010CA
BX = 101 Event : 22
0 0 0010000|0101|000|110 0x04146
BX = 110 Event : 23
3 0 0011001|0100|000|110 0x06506
BX = 111 Event : 24
1 0 0011101|0101|111|110 0x0757E
4 0 0000011|0011|111|000 0x00CF8
4 1 0000110|0011|111|010 0x018FA
BX = 000 Event : 25
1 0 0000101|0101|110|110 0x01576
BX = 001 Event : 26
3 0 0100101|0100|100|011 0x09523
3 1 0100110|0011|101|011 0x098EB
3 2 0100111|0110|110|011 0x09DB3
3 3 0101000|0100|100|100 0x0A124
BX = 010 Event : 27
3 0 0011001|0100|101|000 0x06528
BX = 011 Event : 28
BX = 100 Event : 29
4 0 0000000|0110|000|000 0x00180
4 1 0000001|0011|000|000 0x004C0
4 2 0000011|0110|111|011 0x00DBB
BX = 101 Event : 30
5 0 0000000|0100|100|000 0x00120
BX = 110 Event : 31
6 0 0000000|0101|101|000 0x00168
6 1 0000001|0011|101|100 0x004EC
BX = 111 Event : 32
0 0 0100111|0110|001|110 0x09D8E
0 1 0101000|0110|001|111 0x0A18F
0 2 0101101|0110|000|110 0x0B586
3 0 0101100|0010|011|100 0x0B09C
6 0 0000100|0010|111|010 0x010BA
7 0 0001001|0110|011|100 0x0259C
7 1 0001010|0110|010|110 0x02996
BX = 000 Event : 33
2 0 0010110|0101|010|010 0x05952
3 0 0010111|0110|011|100 0x05D9C
BX = 001 Event : 34
7 0 0000100|0011|010|001 0x010D1
BX = 010 Event : 35
BX = 011 Event : 36
0 0 0010100|0110|000|100 0x05184
0 1 0100001|0011|000|010 0x084C2
BX = 100 Event : 37
5 0 0000011|0111|111|000 0x00DF8
5 1 0000100|0101|111|000 0x01178
5 2 0001011|0010|100|010 0x02CA2
5 3 0001101|0101|010|011 0x03553
BX = 101 Event : 38
3 0 0010010|0010|110|011 0x048B3
3 1 0010101|0100|110|011 0x05533
BX = 110 Event : 39
0 0 1000011|0010|001|000 0x10C88
7 0 0010000|0100|110|001 0x04131
BX = 111 Event : 40
2 0 0001101|0100|000|011 0x03503
5 0 0000001|0010|101|011 0x004AB
7 0 0000010|0110|101|011 0x009AB
BX = 000 Event : 41
0 0 0001011|0110|001|100 0x02D8C
0 1 0101010|0110|001|101 0x0A98D
1 0 0001100|0011|110|100 0x030F4
BX = 001 Event : 42
1 0 1000001|0110|101|011 0x105AB
4 0 0000000|0100|110|100 0x00134
5 0 0000010|0011|101|000 0x008E8
5 1 0000011|0100|101|010 0x00D2A
5 2 0001011|0100|100|011 0x02D23
7 0 0010011|0110|111|011 0x04DBB
BX = 010 Event : 43
BX = 011 Event : 44
BX = 100 Event : 45
1 0 0001010|0110|001|100 0x0298C
BX = 101 Event : 46
5 0 0000001|0101|001|100 0x0054C
5 1 0000010|0101|001|110 0x0094E
5 2 0000100|0010|010|111 0x01097
5 3 0011011|0100|001|100 0x06D0C
6 0 0000101|0011|001|000 0x014C8
BX = 110 Event : 47
BX = 111 Event : 48
1 0 0001011|0100|010|101 0x02D15
1 1 0010110|0101|001|101 0x0594D
3 0 0001101|0110|011|011 0x0359B
BX = 000 Event : 49
1 0 0001101|0111|100|101 0x035E5
BX = 001 Event : 50
0 0 0001110|0100|001|011 0x0390B
0 1 0001111|0110|000|011 0x03D83
0 2 0010000|0011|000|011 0x040C3
BX = 010 Event : 51
1 0 0100011|0110|100|000 0x08DA0
1 1 0101101|0100|000|000 0x0B500
BX = 011 Event : 52
5 0 0000010|0100|010|111 0x00917
BX = 100 Event : 53
BX = 101 Event : 54
5 0 0000110|0110|010|000 0x01990
7 0 0000111|0110|010|010 0x01D92
BX = 110 Event : 55
4 0 0000010|0100|101|000 0x00928
4 1 0000011|0110|001|010 0x00D8A
4 2 0000100|0100|001|010 0x0110A
4 3 0000110|0101|011|010 0x0195A
4 4 0001000|0101|100|010 0x02162
6 0 0010010|0101|100|110 0x04966
BX = 111 Event : 56
4 0 0000010|0100|101|110 0x0092E
6 0 0000101|0011|100|010 0x014E2
BX = 000 Event : 57
0 0 0010001|0011|001|001 0x044C9
1 0 0010010|0011|110|001 0x048F1
2 0 0010100|0110|010|011 0x05193
3 0 0101011|0011|000|000 0x0ACC0
4 0 0000000|0010|000|100 0x00084
7 0 0001001|0101|001|110 0x0254E
BX = 001 Event : 58
5 0 0000011|0100|101|010 0x00D2A
5 1 0000100|0111|001|010 0x011CA
6 0 0001000|0100|110|110 0x02136
BX = 010 Event : 59
6 0 0001101|0111|100|001 0x035E1
6 1 0001110|0110|000|110 0x03986
6 2 0010000|0111|100|110 0x041E6
6 3 0010001|0100|010|111 0x04517
BX = 011 Event : 60
1 0 0011111|0100|010|111 0x07D17
1 1 0100011|0011|000|111 0x08CC7
1 2 0100100|0011|000|111 0x090C7
1 3 0100110|0010|000|111 0x09887
6 0 0000010|0110|010|111 0x00997
BX = 100 Event : 61
7 0 0000101|0011|000|011 0x014C3
7 1 0001000|0101|101|100 0x0216C
BX = 101 Event : 62
6 0 0100000|0100|000|011 0x08103
6 1 0100001|0100|000|011 0x08503
6 2 0100110|0110|000|101 0x09985
7 0 0000001|0100|101|001 0x00529
BX = 110 Event : 63
5 0 0001100|0011|010|010 0x030D2
5 1 0001101|0110|001|010 0x0358A
5 2 0001110|0100|001|010 0x0390A
BX = 111 Event : 64
3 0 0100001|0101|110|000 0x08570
4 0 0000000|0110|110|100 0x001B4
4 1 0000010|0010|001|110 0x0088E
4 2 0000100|0100|000|111 0x01107
BX = 000 Event : 65
2 0 0000111|0110|000|110 0x01D86
2 1 0010011|0111|000|110 0x04DC6
BX = 001 Event : 66
BX = 010 Event : 67
7 0 0000101|0110|011|100 0x0159C
BX = 011 Event : 68
2 0 0011100|0111|110|110 0x071F6
6 0 0001011|0010|000|010 0x02C82
BX = 100 Event : 69
BX = 101 Event : 70
BX = 110 Event : 71
0 0 0001101|0011|001|100 0x034CC
1 0 0001111|0100|101|111 0x03D2F
BX = 111 Event : 72
6 0 0000001|0101|011|010 0x0055A
BX = 000 Event : 73
BX = 001 Event : 74
5 0 0000001|0010|010|010 0x00492
BX = 010 Event : 75
0 0 0010100|0011|110|001 0x050F1
4 0 0000110|0101|001|100 0x0194C
4 1 0000111|0111|010|110 0x01DD6
BX = 011 Event : 76
BX = 100 Event : 77
7 0 0000111|0010|111|010 0x01CBA
BX = 101 Event : 78
6 0 0010001|0010|000|010 0x04482
7 0 0000100|0100|000|001 0x01101
7 1 0000111|0110|100|110 0x01DA6
BX = 110 Event : 79
BX = 111 Event : 80
0 0 0010110|0100|000|100 0x05904
0 1 0110101|0101|000|011 0x0D543
1 0 0011000|0110|001|101 0x0618D
1 1 0011011|0011|011|101 0x06CDD
1 2 0100000|0011|101|110 0x080EE
1 3 0100001|0011|100|110 0x084E6
1 4 0100011|0011|001|110 0x08CCE
1 5 0100100|0010|001|110 0x0908E
2 0 0101001|0110|000|000 0x0A580
2 1 0101011|0101|000|010 0x0AD42
2 2 0101101|0011|000|011 0x0B4C3
2 3 0110000|0110|011|100 0x0C19C
2 4 0110001|0010|000|100 0x0C484
4 0 0000000|0100|000|011 0x00103
BX = 000 Event : 81
5 0 0000000|0111|011|010 0x001DA
BX = 001 Event : 82
6 0 0000011|0010|110|001 0x00CB1
7 0 0001001|0010|010|110 0x02496
BX = 010 Event : 83
BX = 011 Event : 84
4 0 0000000|0110|110|010 0x001B2
5 0 0000001|0110|111|000 0x005B8
BX = 100 Event : 85
2 0 0100010|0011|000|111 0x088C7
BX = 101 Event : 86
2 0 0001011|0100|001|110 0x02D0E
2 1 0011001|0010|000|110 0x06486
BX = 110 Event : 87
5 0 0000011|0101|011|110 0x00D5E
5 1 0000101|0110|011|111 0x0159F
6 0 0000111|0111|100|001 0x01DE1
6 1 0001000|0011|110|001 0x020F1
BX = 111 Event : 88
4 0 0000001|0110|101|100 0x005AC
BX = 000 Event : 89
BX = 001 Event : 90
BX = 010 Event : 91
3 0 0011110|0101|000|000 0x07940
3 1 0100000|0101|001|111 0x0814F
4 0 0000011|0010|000|110 0x00C86
BX = 011 Event : 92
4 0 0000010|0110|101|100 0x009AC
BX = 100 Event : 93
2 0 1101001|0110|000|110 0x1A586
7 0 0001100|0110|100|001 0x031A1
BX = 101 Event : 94
BX = 110 Event : 95
BX = 111 Event : 96
4 0 0000001|0011|110|100 0x004F4
BX = 000 Event : 97
6 0 0001011|0010|000|010 0x02C82
7 0 0000000|0110|100|110 0x001A6
BX = 001 Event : 98
4 0 0000011|0100|010|100 0x00D14
BX = 010 Event : 99
0 0 0101010|0101|001|100 0x0A94C
0 1 0101011|0100|000|100 0x0AD04
1 0 0101101|0101|000|011 0x0B543
1 1 0101110|0110|001|101 0x0B98D
1 2 0110110|0011|101|110 0x0D8EE
1 3 0110111|0011|100|110 0x0DCE6
1 4 0111010|0010|001|110 0x0E88E
2 0 0111111|0110|000|000 0x0FD80
2 1 1000001|0101|000|010 0x10542
2 2 1000011|0011|000|011 0x10CC3
2 3 1000110|0110|011|100 0x1199C
2 4 1000111|0011|000|100 0x11CC4
4 0 0000000|0011|000|011 0x000C3
BX = 011 Event : 100
6 0 0000001|0010|110|110 0x004B6
