BX = 000 Event : 1
0 0 0001011|100|010|010 0x1712
1 0 0010001|010|011|001 0x2299
1 1 0010101|000|000|101 0x2A05
4 0 0101000|000|011|100 0x501C
5 0 0110010|001|111|101 0x647D
5 1 0110100|010|011|011 0x689B
5 2 0111000|010|111|101 0x70BD
5 3 0111100|010|111|101 0x78BD
BX = 001 Event : 2
0 0 0001010|001|001|110 0x144E
0 1 0001110|000|101|101 0x1C2D
0 2 0001111|001|110|100 0x1E74
0 3 0010000|001|010|100 0x2054
1 0 0011001|010|101|101 0x32AD
3 0 0100001|011|011|011 0x42DB
4 0 0110011|000|011|001 0x6619
4 1 0110101|100|011|001 0x6B19
5 0 0111100|000|011|010 0x781A
5 1 0111101|010|001|010 0x7A8A
5 2 1000111|001|111|110 0x8E7E
5 3 1001001|001|101|101 0x926D
5 4 1001011|000|101|101 0x962D
6 0 1010000|100|011|110 0xA11E
BX = 010 Event : 3
0 0 0001110|000|011|100 0x1C1C
0 1 0010110|010|111|110 0x2CBE
1 0 0011110|000|111|010 0x3C3A
4 0 0110111|000|100|001 0x6E21
4 1 0111000|000|010|001 0x7011
4 2 0111011|100|111|100 0x773C
BX = 011 Event : 4
0 0 0000100|010|001|110 0x088E
0 1 0000111|010|011|111 0x0E9F
1 0 0000110|100|010|000 0x0D10
1 1 0001011|001|011|110 0x165E
5 0 0101011|010|001|010 0x568A
6 0 0101101|011|010|010 0x5AD2
6 1 0101111|011|110|100 0x5EF4
BX = 100 Event : 5
0 0 0000011|100|110|001 0x0731
0 1 0001000|100|110|100 0x1134
1 0 0001101|100|111|010 0x1B3A
4 0 0100000|000|100|001 0x4021
4 1 0101100|000|101|100 0x582C
5 0 0110010|000|001|100 0x640C
6 0 0111000|010|011|010 0x709A
6 1 0111001|000|111|000 0x7238
BX = 101 Event : 6
1 0 0011011|100|100|011 0x3723
1 1 0100011|100|101|101 0x472D
1 2 0100111|100|101|101 0x4F2D
1 3 0101000|001|100|101 0x5065
5 0 1000101|001|111|000 0x8A78
BX = 110 Event : 7
0 0 0001110|000|000|010 0x1C02
0 1 0010100|100|100|100 0x2924
2 0 0011111|001|100|010 0x3E62
2 1 0100001|100|010|011 0x4313
2 2 0100101|011|010|100 0x4AD4
2 3 0100110|000|001|100 0x4C0C
2 4 0100111|001|011|011 0x4E5B
2 5 0101000|100|010|011 0x5113
2 6 0101100|011|101|111 0x58EF
3 0 0110001|001|100|001 0x6261
4 0 0111111|000|110|011 0x7E33
4 1 1000000|000|001|011 0x800B
4 2 1000001|100|110|011 0x8333
4 3 1000010|010|011|110 0x849E
4 4 1000100|100|111|100 0x893C
6 0 1011001|001|010|000 0xB250
BX = 111 Event : 8
0 0 0001100|000|000|011 0x1803
1 0 0011001|010|010|100 0x3294
2 0 0100100|011|101|101 0x48ED
2 1 0100101|011|111|011 0x4AFB
2 2 0101000|011|110|110 0x50F6
2 3 0101001|001|111|101 0x527D
4 0 0111100|001|001|110 0x784E
4 1 0111111|001|110|100 0x7E74
5 0 1000011|100|111|000 0x8738
5 1 1000111|010|101|100 0x8EAC
5 2 1001001|000|111|110 0x923E
7 0 1010011|001|110|000 0xA670
7 1 1010100|011|110|001 0xA8F1
BX = 000 Event : 9
0 0 0000111|000|000|100 0x0E04
0 1 0001011|001|000|100 0x1644
1 0 0001110|000|010|000 0x1C10
1 1 0001111|010|001|000 0x1E88
1 2 0010100|001|000|100 0x2844
3 0 0100001|011|110|101 0x42F5
4 0 0101101|100|110|110 0x5B36
4 1 0101111|010|111|101 0x5EBD
5 0 0110011|100|100|100 0x6724
6 0 0111011|001|101|111 0x766F
6 1 0111100|010|110|111 0x78B7
6 2 0111101|000|101|110 0x7A2E
BX = 001 Event : 10
0 0 0001110|010|011|101 0x1C9D
1 0 0010000|000|101|000 0x2028
1 1 0011001|010|011|101 0x329D
4 0 0101011|000|010|011 0x5613
4 1 0101100|000|010|010 0x5812
4 2 0101110|001|110|101 0x5C75
6 0 1000001|100|001|000 0x8308
BX = 010 Event : 11
0 0 0001011|100|011|001 0x1719
0 1 0001111|000|001|100 0x1E0C
2 0 0011111|001|111|011 0x3E7B
4 0 0101010|000|001|001 0x5409
4 1 0101011|100|011|001 0x5719
5 0 0111010|100|000|110 0x7506
6 0 0111101|010|100|010 0x7AA2
7 0 1000011|000|010|001 0x8611
BX = 011 Event : 12
0 0 0001000|000|010|011 0x1013
0 1 0001101|000|000|100 0x1A04
0 2 0001110|010|111|100 0x1CBC
1 0 0010011|100|100|100 0x2724
1 1 0010100|011|101|100 0x28EC
1 2 0011101|100|101|101 0x3B2D
2 0 0100001|100|011|011 0x431B
2 1 0100011|100|001|011 0x470B
4 0 0111000|100|101|100 0x712C
4 1 1000001|010|110|101 0x82B5
4 2 1000010|001|000|100 0x8444
4 3 1000011|000|101|100 0x862C
5 0 1001011|000|001|010 0x960A
5 1 1001100|001|111|010 0x987A
5 2 1001101|011|100|010 0x9AE2
5 3 1001111|010|110|101 0x9EB5
5 4 1010011|010|100|100 0xA6A4
6 0 1010101|100|000|000 0xAB00
6 1 1011000|100|010|111 0xB117
BX = 100 Event : 13
0 0 0010100|010|110|111 0x28B7
0 1 0010101|010|110|111 0x2AB7
4 0 0101000|000|000|100 0x5004
4 1 0101011|001|000|100 0x5644
5 0 0101100|100|101|000 0x5928
5 1 0101111|011|010|011 0x5ED3
6 0 0110010|011|000|000 0x64C0
BX = 101 Event : 14
0 0 0001000|100|011|011 0x111B
0 1 0001100|010|011|101 0x189D
0 2 0001111|000|011|100 0x1E1C
1 0 0011011|010|010|110 0x3696
2 0 0011111|011|101|000 0x3EE8
2 1 0100011|010|000|110 0x4686
4 0 0110001|100|110|011 0x6333
4 1 0111000|010|110|100 0x70B4
6 0 1000101|010|000|000 0x8A80
6 1 1000110|010|010|101 0x8C95
6 2 1000111|100|001|101 0x8F0D
6 3 1001000|001|010|101 0x9055
6 4 1001100|001|010|101 0x9855
BX = 110 Event : 15
0 0 0010001|010|001|101 0x228D
1 0 0010100|010|011|000 0x2898
1 1 0010101|100|011|000 0x2B18
2 0 0011100|000|010|100 0x3814
4 0 0101101|100|001|011 0x5B0B
4 1 0101111|000|011|010 0x5E1A
4 2 0110001|000|101|001 0x6229
4 3 0111001|000|001|111 0x720F
BX = 111 Event : 16
0 0 0001000|100|111|001 0x1139
1 0 0010011|100|100|010 0x2722
2 0 0011011|001|100|110 0x3666
2 1 0011100|000|000|110 0x3806
4 0 0100111|100|110|011 0x4F33
4 1 0110101|100|010|110 0x6B16
5 0 0110010|010|001|001 0x6489
5 1 0110111|011|100|010 0x6EE2
BX = 000 Event : 17
0 0 0001011|000|000|010 0x1602
0 1 0001100|100|011|001 0x1919
0 2 0010000|010|100|110 0x20A6
0 3 0010111|100|100|111 0x2F27
1 0 0011001|011|000|100 0x32C4
5 0 1000011|010|101|100 0x86AC
BX = 001 Event : 18
0 0 0001010|100|000|001 0x1501
0 1 0001110|000|100|110 0x1C26
0 2 0010000|100|100|110 0x2126
1 0 0011110|000|100|110 0x3C26
4 0 0110001|010|100|100 0x62A4
5 0 0110110|000|010|001 0x6C11
5 1 0111010|001|100|101 0x7465
5 2 0111100|000|010|110 0x7816
5 3 0111110|000|011|110 0x7C1E
BX = 010 Event : 19
0 0 0001111|001|010|101 0x1E55
1 0 0010011|001|010|001 0x2651
1 1 0010111|010|001|000 0x2E88
2 0 0100100|001|001|101 0x484D
4 0 0110001|010|011|110 0x629E
4 1 0110101|010|000|111 0x6A87
4 2 0111001|010|010|110 0x7296
7 0 0111110|000|101|000 0x7C28
BX = 011 Event : 20
0 0 0010010|000|101|011 0x242B
0 1 0010101|001|001|110 0x2A4E
1 0 0011000|010|000|000 0x3080
1 1 0100000|001|010|101 0x4055
3 0 0100111|001|110|001 0x4E71
4 0 0110110|010|101|100 0x6CAC
5 0 0111111|100|011|111 0x7F1F
BX = 100 Event : 21
0 0 0000111|100|011|010 0x0F1A
0 1 0001010|000|001|101 0x140D
1 0 0010000|001|000|000 0x2040
1 1 0010100|000|110|100 0x2834
1 2 0011000|100|010|100 0x3114
4 0 0101000|001|101|100 0x506C
6 0 0111100|010|011|101 0x789D
6 1 1000001|001|111|110 0x827E
6 2 1000010|001|111|110 0x847E
BX = 101 Event : 22
0 0 0000110|100|100|011 0x0D23
1 0 0010010|010|010|011 0x2493
2 0 0011010|000|001|000 0x3408
4 0 0101000|100|110|100 0x5134
4 1 0101001|000|010|010 0x5212
4 2 0101011|000|011|001 0x5619
4 3 0110000|100|110|100 0x6134
6 0 0110110|010|101|000 0x6CA8
6 1 0111001|010|110|110 0x72B6
BX = 110 Event : 23
0 0 0010000|010|000|110 0x2086
0 1 0010001|100|001|100 0x230C
2 0 0011111|010|001|100 0x3E8C
2 1 0100000|000|010|101 0x4015
3 0 0100100|001|001|001 0x4849
4 0 0100111|100|010|100 0x4F14
5 0 0110111|011|101|010 0x6EEA
5 1 0111010|010|011|110 0x749E
7 0 1000000|010|101|101 0x80AD
BX = 111 Event : 24
1 0 0010100|010|001|001 0x2889
2 0 0100001|000|101|011 0x422B
5 0 1000000|100|011|100 0x811C
5 1 1000001|010|101|010 0x82AA
5 2 1000011|100|111|111 0x873F
5 3 1000100|100|111|111 0x893F
7 0 1000111|100|010|000 0x8F10
BX = 000 Event : 25
2 0 0010110|010|010|110 0x2C96
4 0 0100011|010|000|110 0x4686
4 1 0101000|000|001|101 0x500D
4 2 0101100|010|110|111 0x58B7
4 3 0101111|000|110|110 0x5E36
6 0 0110010|011|000|101 0x64C5
BX = 001 Event : 26
0 0 0001111|100|100|100 0x1F24
1 0 0011000|000|000|101 0x3005
2 0 0011101|010|000|111 0x3A87
2 1 0011110|010|110|101 0x3CB5
3 0 0100000|010|000|000 0x4080
4 0 0101101|010|111|110 0x5ABE
4 1 0101111|001|000|110 0x5E46
4 2 0110000|100|010|110 0x6116
4 3 0110100|010|011|100 0x689C
5 0 0110110|010|011|010 0x6C9A
5 1 0111000|010|011|001 0x7099
5 2 0111010|100|001|100 0x750C
5 3 0111101|010|110|111 0x7AB7
5 4 0111110|000|000|111 0x7C07
5 5 1000000|000|111|110 0x803E
5 6 1000010|100|111|101 0x853D
5 7 1000011|010|111|101 0x86BD
5 8 1000100|001|111|101 0x887D
BX = 010 Event : 27
0 0 0001101|100|011|010 0x1B1A
0 1 0010000|100|101|110 0x212E
1 0 0011110|011|110|010 0x3CF2
1 1 0011111|011|110|010 0x3EF2
1 2 0100110|001|110|111 0x4C77
1 3 0100111|010|011|101 0x4E9D
2 0 0101010|010|100|001 0x54A1
4 0 0111101|100|000|100 0x7B04
4 1 1000011|010|100|111 0x86A7
4 2 1000100|001|011|111 0x885F
5 0 0111111|010|110|010 0x7EB2
5 1 1000000|010|110|001 0x80B1
5 2 1000111|100|011|010 0x8F1A
BX = 011 Event : 28
0 0 0000110|000|111|100 0x0C3C
0 1 0000111|000|010|011 0x0E13
0 2 0001100|000|010|110 0x1816
0 3 0010011|001|111|100 0x267C
1 0 0010110|001|000|000 0x2C40
1 1 0011001|001|100|010 0x3262
1 2 0011010|010|011|010 0x349A
1 3 0011011|001|100|110 0x3666
1 4 0011100|010|011|101 0x389D
3 0 0100010|100|001|011 0x450B
4 0 0101101|100|010|100 0x5B14
4 1 0110001|100|001|100 0x630C
4 2 0111000|001|000|111 0x7047
5 0 0110101|010|001|001 0x6A89
5 1 0111011|011|011|010 0x76DA
5 2 0111100|011|010|010 0x78D2
5 3 0111110|000|100|101 0x7C25
BX = 100 Event : 29
0 0 0000100|010|011|110 0x089E
0 1 0000111|100|110|101 0x0F35
0 2 0001001|010|010|100 0x1294
0 3 0001111|000|010|110 0x1E16
2 0 0011000|100|000|010 0x3102
3 0 0011110|011|000|000 0x3CC0
4 0 0101100|100|110|100 0x5934
5 0 0110101|001|001|010 0x6A4A
5 1 0110110|011|100|010 0x6CE2
BX = 101 Event : 30
0 0 0010010|000|111|001 0x2439
0 1 0010011|100|110|111 0x2737
0 2 0010100|001|001|111 0x284F
0 3 0011000|010|111|100 0x30BC
0 4 0011001|000|100|100 0x3224
2 0 0101000|010|101|100 0x50AC
3 0 0101100|000|111|000 0x5838
4 0 0111100|000|111|010 0x783A
4 1 0111110|000|010|001 0x7C11
5 0 1010110|001|000|101 0xAC45
6 0 1011001|000|110|010 0xB232
BX = 110 Event : 31
0 0 0001110|000|101|100 0x1C2C
0 1 0010100|000|000|110 0x2806
1 0 0011000|000|110|110 0x3036
4 0 0101101|010|100|101 0x5AA5
5 0 0110011|001|101|010 0x666A
6 0 1000001|010|101|101 0x82AD
7 0 1000110|010|100|010 0x8CA2
7 1 1000111|010|100|010 0x8EA2
7 2 1001000|010|100|010 0x90A2
BX = 111 Event : 32
0 0 0010001|000|000|010 0x2202
0 1 0010010|000|111|001 0x2439
1 0 0011100|010|100|000 0x38A0
2 0 0101011|010|001|110 0x568E
4 0 0111010|000|001|001 0x7409
4 1 0111100|100|110|001 0x7931
4 2 0111110|010|110|100 0x7CB4
4 3 0111111|010|001|100 0x7E8C
6 0 1010001|010|010|110 0xA296
BX = 000 Event : 33
0 0 0000100|000|110|010 0x0832
0 1 0001010|001|011|101 0x145D
1 0 0010010|010|100|110 0x24A6
1 1 0010011|010|010|110 0x2696
2 0 0010101|001|011|110 0x2A5E
3 0 0010110|000|010|000 0x2C10
4 0 0100010|100|110|001 0x4531
4 1 0100011|001|101|110 0x466E
4 2 0100100|000|000|101 0x4805
7 0 0110111|011|111|101 0x6EFD
BX = 001 Event : 34
0 0 0001010|100|100|011 0x1523
0 1 0001011|000|011|001 0x1619
0 2 0010001|010|011|100 0x229C
0 3 0010010|100|011|100 0x251C
1 0 0011100|011|000|100 0x38C4
1 1 0011111|100|011|010 0x3F1A
2 0 0100111|010|111|010 0x4EBA
4 0 0111000|000|100|100 0x7024
4 1 0111001|100|111|001 0x7339
4 2 0111111|000|101|101 0x7E2D
4 3 1000001|010|011|101 0x829D
5 0 1001110|010|010|010 0x9C92
6 0 1010111|011|111|110 0xAEFE
BX = 010 Event : 35
0 0 0010010|010|000|100 0x2484
1 0 0010100|000|011|000 0x2818
2 0 0011011|010|000|000 0x3680
2 1 0011100|010|010|111 0x3897
4 0 0101011|000|111|001 0x5639
4 1 0101101|000|110|001 0x5A31
4 2 0110000|010|101|110 0x60AE
4 3 0110110|010|001|100 0x6C8C
5 0 0111110|010|100|110 0x7CA6
BX = 011 Event : 36
1 0 0010000|010|101|000 0x20A8
1 1 0010110|001|000|010 0x2C42
1 2 0011100|001|000|111 0x3847
4 0 0111001|001|001|101 0x724D
4 1 0111011|010|011|101 0x769D
5 0 1000001|100|110|001 0x8331
5 1 1000100|000|000|100 0x8804
6 0 1001110|011|111|101 0x9CFD
7 0 1010000|000|011|011 0xA01B
BX = 100 Event : 37
0 0 0001101|001|011|110 0x1A5E
0 1 0001111|001|011|100 0x1E5C
0 2 0010101|010|010|111 0x2A97
0 3 0010110|001|011|111 0x2C5F
3 0 0011110|000|101|101 0x3C2D
4 0 0101101|000|111|010 0x5A3A
4 1 0101110|000|100|001 0x5C21
4 2 0101111|000|000|001 0x5E01
4 3 0110100|010|000|101 0x6885
4 4 0111010|010|001|111 0x748F
5 0 0111100|011|001|011 0x78CB
5 1 0111101|000|101|011 0x7A2B
5 2 1000001|000|111|110 0x823E
BX = 101 Event : 38
0 0 0010010|100|011|001 0x2519
0 1 0011001|010|100|100 0x32A4
0 2 0011100|001|000|100 0x3844
0 3 0101100|010|111|111 0x58BF
1 0 0100110|001|110|000 0x4C70
1 1 0101001|001|100|000 0x5260
1 2 0101010|100|011|000 0x5518
2 0 0111001|000|110|111 0x7237
4 0 1000111|010|000|111 0x8E87
BX = 110 Event : 39
0 0 0010010|000|100|001 0x2421
1 0 0011110|000|101|100 0x3C2C
1 1 0100100|010|101|101 0x48AD
1 2 0101000|001|101|101 0x506D
2 0 0101001|100|000|010 0x5302
4 0 1000000|100|101|010 0x812A
4 1 1000011|000|110|001 0x8631
7 0 1010001|010|010|000 0xA290
7 1 1010100|010|001|000 0xA888
7 2 1010101|011|100|101 0xAAE5
BX = 111 Event : 40
0 0 0001001|100|010|110 0x1316
0 1 0001010|000|010|110 0x1416
0 2 0001101|100|010|110 0x1B16
2 0 0010100|010|111|011 0x28BB
5 0 0101011|010|110|101 0x56B5
6 0 0101101|011|111|110 0x5AFE
BX = 000 Event : 41
0 0 0000111|001|110|111 0x0E77
1 0 0001101|100|000|010 0x1B02
2 0 0010011|100|111|001 0x2739
4 0 0101100|000|000|011 0x5803
4 1 0110010|001|100|110 0x6466
5 0 1000000|000|101|101 0x802D
BX = 001 Event : 42
1 0 0010100|010|010|001 0x2891
1 1 0011100|010|100|110 0x38A6
1 2 0011111|010|111|100 0x3EBC
2 0 0100000|000|101|010 0x402A
4 0 0101011|000|010|001 0x5611
BX = 010 Event : 43
0 0 0001110|000|000|001 0x1C01
0 1 0010000|000|000|010 0x2002
0 2 0010011|100|010|110 0x2716
0 3 0010100|001|111|110 0x287E
0 4 0011011|001|010|100 0x3654
4 0 0110101|100|000|010 0x6B02
4 1 0110111|000|010|010 0x6E12
4 2 0111001|000|010|010 0x7212
5 0 1001011|100|111|100 0x973C
6 0 1001100|100|001|101 0x990D
BX = 011 Event : 44
4 0 0111100|000|001|100 0x780C
4 1 0111101|000|010|100 0x7A14
4 2 1001100|100|111|111 0x993F
5 0 1001111|000|111|101 0x9E3D
7 0 1010111|011|111|011 0xAEFB
BX = 100 Event : 45
0 0 0010110|100|010|111 0x2D17
4 0 0101000|100|011|011 0x511B
4 1 0110011|010|100|111 0x66A7
5 0 0110110|100|010|010 0x6D12
7 0 0111100|011|100|001 0x78E1
7 1 0111111|001|100|100 0x7E64
BX = 101 Event : 46
0 0 0001100|100|101|100 0x192C
1 0 0011000|010|001|110 0x308E
2 0 0011100|001|000|001 0x3841
5 0 0111110|011|001|100 0x7CCC
5 1 0111111|011|111|100 0x7EFC
5 2 1000000|011|000|010 0x80C2
5 3 1000101|010|110|100 0x8AB4
BX = 110 Event : 47
1 0 0011110|010|011|100 0x3C9C
1 1 0011111|001|111|100 0x3E7C
1 2 0100000|011|011|011 0x40DB
1 3 0100110|001|111|101 0x4C7D
4 0 0110110|000|011|110 0x6C1E
4 1 0110111|100|010|101 0x6F15
4 2 0111000|000|101|100 0x702C
5 0 0111110|010|110|000 0x7CB0
7 0 1010011|011|101|001 0xA6E9
BX = 111 Event : 48
0 0 0001100|100|101|011 0x192B
0 1 0001101|000|011|001 0x1A19
0 2 0001110|010|000|110 0x1C86
0 3 0010011|100|000|100 0x2704
2 0 0100100|010|100|010 0x48A2
2 1 0100111|001|100|011 0x4E63
4 0 0110001|000|010|011 0x6213
4 1 0111001|000|111|101 0x723D
4 2 1001000|010|001|111 0x908F
4 3 1001001|001|001|111 0x924F
5 0 1001100|011|001|010 0x98CA
5 1 1001101|010|110|110 0x9AB6
5 2 1001110|010|110|111 0x9CB7
5 3 1001111|010|110|110 0x9EB6
6 0 1010011|010|000|000 0xA680
6 1 1010111|001|110|011 0xAE73
BX = 000 Event : 49
0 0 0001110|010|001|110 0x1C8E
0 1 0010010|010|111|100 0x24BC
0 2 0010011|010|000|100 0x2684
0 3 0011010|010|000|111 0x3487
1 0 0011011|010|111|011 0x36BB
2 0 0100000|011|110|110 0x40F6
2 1 0100001|011|100|110 0x42E6
4 0 0110001|100|101|110 0x632E
5 0 0110011|010|101|010 0x66AA
5 1 0111000|001|111|011 0x707B
6 0 0111010|100|110|000 0x7530
6 1 0111011|000|111|000 0x7638
6 2 1000001|001|000|110 0x8246
6 3 1000010|100|001|110 0x850E
BX = 001 Event : 50
0 0 0000111|000|010|010 0x0E12
0 1 0001011|001|110|110 0x1676
1 0 0010110|001|110|101 0x2C75
2 0 0010111|001|010|010 0x2E52
2 1 0011010|010|010|010 0x3492
2 2 0011100|001|100|110 0x3866
4 0 0110100|000|011|100 0x681C
4 1 1000001|001|011|100 0x825C
5 0 1000010|100|111|000 0x8538
BX = 010 Event : 51
0 0 0000111|000|010|010 0x0E12
0 1 0001000|100|101|111 0x112F
0 2 0001011|010|011|110 0x169E
0 3 0010010|100|110|111 0x2537
0 4 0010100|010|010|110 0x2896
4 0 0111001|000|100|100 0x7224
4 1 0111101|010|001|110 0x7A8E
4 2 0111111|010|101|101 0x7EAD
4 3 1000001|000|010|100 0x8214
4 4 1000100|001|000|111 0x8847
6 0 1010001|011|101|000 0xA2E8
6 1 1010100|000|100|110 0xA826
7 0 1010111|010|000|001 0xAE81
BX = 011 Event : 52
0 0 0001010|000|010|001 0x1411
0 1 0001011|000|000|010 0x1602
0 2 0010010|010|100|101 0x24A5
0 3 0010011|001|100|100 0x2664
0 4 0010100|010|000|100 0x2884
2 0 0100111|001|110|110 0x4E76
3 0 0101010|000|000|010 0x5402
4 0 0111111|100|110|111 0x7F37
6 0 1000011|010|110|000 0x86B0
7 0 1001010|001|111|001 0x9479
BX = 100 Event : 53
0 0 0000110|000|000|001 0x0C01
0 1 0001000|100|000|001 0x1101
2 0 0001110|100|001|100 0x1D0C
3 0 0010011|011|001|011 0x26CB
4 0 0100111|010|101|110 0x4EAE
7 0 0111101|001|101|001 0x7A69
BX = 101 Event : 54
1 0 0001011|001|001|000 0x1648
1 1 0010001|001|011|110 0x225E
2 0 0010100|010|110|111 0x28B7
2 1 0010110|001|010|110 0x2C56
4 0 0100110|010|101|100 0x4CAC
4 1 0101000|100|101|100 0x512C
5 0 0101001|100|100|011 0x5323
5 1 0101101|001|001|101 0x5A4D
BX = 110 Event : 55
1 0 0010001|001|101|010 0x226A
1 1 0010010|001|110|001 0x2471
2 0 0010101|001|100|010 0x2A62
2 1 0011011|001|111|101 0x367D
4 0 0100011|001|010|110 0x4656
4 1 0100101|000|111|101 0x4A3D
5 0 0101111|010|111|101 0x5EBD
BX = 111 Event : 56
0 0 0010111|010|011|111 0x2E9F
2 0 0011110|001|101|011 0x3C6B
4 0 0101110|010|001|110 0x5C8E
4 1 0110001|100|001|101 0x630D
5 0 0111011|100|001|010 0x770A
BX = 000 Event : 57
0 0 0010010|100|010|100 0x2514
1 0 0011011|000|001|010 0x360A
3 0 0100010|001|110|000 0x4470
3 1 0100011|100|000|000 0x4700
4 0 0111011|001|011|110 0x765E
4 1 0111100|001|101|110 0x786E
6 0 1010010|010|000|011 0xA483
BX = 001 Event : 58
0 0 0001001|100|100|011 0x1323
0 1 0001010|000|011|010 0x141A
0 2 0001101|000|011|001 0x1A19
0 3 0010001|100|010|100 0x2314
1 0 0011000|100|010|010 0x3112
2 0 0100001|010|010|011 0x4293
2 1 0100100|001|111|011 0x487B
2 2 0100101|000|111|011 0x4A3B
2 3 0100110|010|010|011 0x4C93
4 0 0111000|010|010|111 0x7097
5 0 0111010|100|000|100 0x7504
5 1 0111011|011|111|011 0x76FB
6 0 1000001|000|111|000 0x8238
6 1 1000010|010|000|101 0x8485
6 2 1000011|010|000|010 0x8682
BX = 010 Event : 59
0 0 0010010|000|000|110 0x2406
1 0 0100011|001|100|010 0x4662
2 0 0101011|011|001|101 0x56CD
2 1 0101100|000|000|100 0x5804
5 0 0111010|001|001|001 0x7449
5 1 1000100|011|001|111 0x88CF
6 0 1000011|000|001|000 0x8608
6 1 1000111|000|110|011 0x8E33
BX = 011 Event : 60
0 0 0001111|000|110|010 0x1E32
0 1 0010000|000|110|001 0x2031
0 2 0010011|010|001|110 0x268E
0 3 0010110|010|111|101 0x2CBD
1 0 0011011|010|011|010 0x369A
1 1 0011110|100|010|000 0x3D10
1 2 0101010|001|111|100 0x547C
1 3 0101101|010|110|110 0x5AB6
1 4 0110000|001|110|110 0x6076
1 5 0110001|001|101|110 0x626E
2 0 0110110|100|000|110 0x6D06
4 0 1000100|000|011|100 0x881C
4 1 1000110|000|100|011 0x8C23
4 2 1001110|100|101|100 0x9D2C
4 3 1010010|000|001|111 0xA40F
5 0 1001111|010|111|001 0x9EB9
BX = 100 Event : 61
1 0 0011101|001|100|001 0x3A61
1 1 0100000|001|000|000 0x4040
2 0 0100101|011|011|010 0x4ADA
2 1 0101001|011|011|010 0x52DA
4 0 0111010|100|110|100 0x7534
4 1 0111011|000|100|010 0x7622
4 2 0111100|000|100|001 0x7821
4 3 0111101|000|101|001 0x7A29
4 4 1000001|100|011|101 0x831D
4 5 1000010|100|011|101 0x851D
4 6 1000011|001|111|100 0x867C
4 7 1000101|001|110|100 0x8A74
4 8 1000110|001|000|100 0x8C44
4 9 1000111|000|111|100 0x8E3C
5 0 1001100|001|001|010 0x984A
6 0 1010100|011|010|110 0xA8D6
BX = 101 Event : 62
0 0 0001001|000|101|010 0x122A
0 1 0001011|010|100|111 0x16A7
0 2 0010011|010|100|111 0x26A7
2 0 0011010|011|000|111 0x34C7
6 0 0110111|010|010|000 0x6E90
BX = 110 Event : 63
0 0 0000110|100|011|001 0x0D19
1 0 0010001|010|000|100 0x2284
2 0 0010101|001|111|011 0x2A7B
5 0 0110101|010|011|010 0x6A9A
7 0 0111100|010|001|000 0x7888
7 1 1000010|000|010|001 0x8411
BX = 111 Event : 64
0 0 0001111|100|101|001 0x1F29
0 1 0010011|010|000|110 0x2686
0 2 0010111|001|111|101 0x2E7D
1 0 0011101|010|110|001 0x3AB1
1 1 0101000|010|101|010 0x50AA
1 2 0101010|001|111|111 0x547F
1 3 0101011|010|111|110 0x56BE
1 4 0101100|001|111|101 0x587D
2 0 0101110|100|110|000 0x5D30
2 1 0110101|010|110|111 0x6AB7
3 0 0110111|001|110|000 0x6E70
5 0 1010011|000|110|011 0xA633
5 1 1010111|010|100|010 0xAEA2
5 2 1011000|001|100|010 0xB062
5 3 1011100|000|000|110 0xB806
BX = 000 Event : 65
0 0 0001011|100|001|001 0x1709
0 1 0001110|000|111|011 0x1C3B
2 0 0100001|100|001|111 0x430F
4 0 0101101|100|011|010 0x5B1A
5 0 0110110|100|001|000 0x6D08
5 1 0111000|010|010|100 0x7094
5 2 0111001|010|110|100 0x72B4
7 0 0111101|100|000|000 0x7B00
7 1 0111110|000|000|000 0x7C00
BX = 001 Event : 66
0 0 0010000|100|011|011 0x211B
0 1 0010010|000|001|001 0x2409
0 2 0011000|100|011|101 0x311D
0 3 0011010|000|100|100 0x3424
0 4 0011101|000|110|100 0x3A34
2 0 0101011|011|001|100 0x56CC
2 1 0101100|100|110|101 0x5935
2 2 0101101|001|100|100 0x5A64
2 3 0101111|011|111|011 0x5EFB
2 4 0110011|011|110|101 0x66F5
4 0 1000011|000|001|110 0x860E
4 1 1000100|100|001|110 0x890E
4 2 1000110|010|011|101 0x8C9D
4 3 1000111|001|000|100 0x8E44
5 0 1001110|010|010|110 0x9C96
6 0 1010000|000|000|111 0xA007
BX = 010 Event : 67
0 0 0011001|001|000|100 0x3244
1 0 0011011|100|011|010 0x371A
1 1 0011101|001|001|010 0x3A4A
1 2 0011110|010|011|001 0x3C99
1 3 0011111|010|010|001 0x3E91
1 4 0100000|001|011|000 0x4058
1 5 0100010|000|000|000 0x4400
1 6 0100101|001|011|100 0x4A5C
1 7 0101000|001|001|010 0x504A
2 0 0110000|100|010|000 0x6110
2 1 0110001|011|010|100 0x62D4
2 2 0110100|100|010|101 0x6915
3 0 0110111|011|001|001 0x6EC9
4 0 1001000|000|000|010 0x9002
4 1 1001010|000|101|110 0x942E
4 2 1001110|010|110|100 0x9CB4
5 0 1010010|100|111|000 0xA538
5 1 1010100|001|011|011 0xA85B
5 2 1011010|100|011|101 0xB51D
6 0 1011111|001|000|101 0xBE45
BX = 011 Event : 68
0 0 0001010|000|011|011 0x141B
3 0 0011111|010|110|011 0x3EB3
4 0 0110100|001|100|100 0x6864
5 0 0111011|001|100|100 0x7664
5 1 0111100|010|110|100 0x78B4
6 0 1000101|010|001|010 0x8A8A
BX = 100 Event : 69
0 0 0010111|100|110|100 0x2F34
2 0 0101000|010|001|100 0x508C
4 0 1000000|100|011|110 0x811E
4 1 1000001|001|011|110 0x825E
4 2 1001011|001|100|111 0x9667
5 0 1001110|001|011|100 0x9C5C
5 1 1001111|011|110|100 0x9EF4
5 2 1010000|010|100|100 0xA0A4
BX = 101 Event : 70
0 0 0001010|100|001|001 0x1509
0 1 0001011|100|111|001 0x1739
0 2 0001100|000|001|001 0x1809
0 3 0010010|010|011|100 0x249C
1 0 0011001|001|101|000 0x3268
2 0 0100101|000|111|101 0x4A3D
2 1 0101000|001|000|110 0x5046
4 0 0110000|000|001|001 0x6009
4 1 0110001|100|111|011 0x633B
4 2 0110010|100|001|001 0x6509
4 3 0110111|000|111|101 0x6E3D
5 0 0111010|100|111|011 0x753B
5 1 0111011|100|010|011 0x7713
7 0 1000010|011|001|011 0x84CB
7 1 1000110|011|010|011 0x8CD3
BX = 110 Event : 71
0 0 0000111|001|010|101 0x0E55
0 1 0001000|001|011|100 0x105C
1 0 0001100|010|001|000 0x1888
5 0 0100011|010|010|011 0x4693
5 1 0100100|010|010|011 0x4893
7 0 0101011|000|101|000 0x5628
BX = 111 Event : 72
0 0 0001011|100|011|001 0x1719
0 1 0001101|100|110|110 0x1B36
1 0 0011010|000|011|001 0x3419
1 1 0011101|010|110|000 0x3AB0
1 2 0101000|000|001|110 0x500E
4 0 0111001|000|111|010 0x723A
4 1 0111111|001|110|110 0x7E76
4 2 1000001|001|101|100 0x826C
4 3 1000110|010|111|111 0x8CBF
5 0 1001100|100|011|010 0x991A
BX = 000 Event : 73
0 0 0010110|010|101|100 0x2CAC
0 1 0011100|010|110|100 0x38B4
1 0 0011101|010|101|001 0x3AA9
1 1 0011111|011|011|011 0x3EDB
1 2 0100000|100|110|011 0x4133
1 3 0100110|010|011|101 0x4C9D
2 0 0100111|011|111|000 0x4EF8
2 1 0101000|010|111|001 0x50B9
2 2 0101100|000|001|101 0x580D
3 0 0110010|010|111|011 0x64BB
3 1 0110011|011|111|011 0x66FB
5 0 1000011|100|010|010 0x8712
5 1 1000100|100|010|000 0x8910
5 2 1000101|001|001|000 0x8A48
5 3 1000110|011|011|100 0x8CDC
BX = 001 Event : 74
0 0 0000101|100|000|011 0x0B03
0 1 0000110|000|000|011 0x0C03
1 0 0001101|001|101|001 0x1A69
1 1 0010001|100|111|000 0x2338
3 0 0011111|011|100|000 0x3EE0
5 0 0101101|100|001|000 0x5B08
BX = 010 Event : 75
0 0 0001111|010|000|110 0x1E86
0 1 0010000|010|001|110 0x208E
0 2 0010011|001|111|110 0x267E
0 3 0010100|100|101|101 0x292D
1 0 0011011|001|101|001 0x3669
1 1 0011101|010|001|000 0x3A88
2 0 0101100|000|100|110 0x5826
3 0 0101110|010|100|101 0x5CA5
4 0 0110111|010|010|110 0x6E96
4 1 0111000|010|111|110 0x70BE
4 2 0111111|100|000|111 0x7F07
5 0 1000000|011|100|100 0x80E4
5 1 1000010|011|101|011 0x84EB
5 2 1000100|000|101|010 0x882A
BX = 011 Event : 76
0 0 0001110|000|110|011 0x1C33
0 1 0010001|010|001|101 0x228D
0 2 0010010|001|001|101 0x244D
0 3 0010100|000|010|100 0x2814
0 4 0010101|100|000|100 0x2B04
1 0 0011000|100|001|010 0x310A
1 1 0011111|010|110|101 0x3EB5
1 2 0100000|001|111|100 0x407C
2 0 0101000|100|110|110 0x5136
4 0 0111100|000|000|100 0x7804
4 1 1000110|000|110|111 0x8C37
4 2 1001000|010|110|111 0x90B7
5 0 1001100|011|110|010 0x98F2
5 1 1001101|001|010|010 0x9A52
5 2 1001111|000|011|010 0x9E1A
5 3 1010110|001|101|100 0xAC6C
5 4 1011001|000|100|101 0xB225
7 0 1100100|100|101|011 0xC92B
BX = 100 Event : 77
1 0 0010011|010|010|010 0x2692
1 1 0010100|010|010|010 0x2892
4 0 0101001|100|000|001 0x5301
4 1 0101100|001|111|110 0x587E
4 2 0110001|001|111|110 0x627E
5 0 0110100|010|010|110 0x6896
BX = 101 Event : 78
0 0 0001001|100|011|001 0x1319
1 0 0010100|100|010|000 0x2910
1 1 0011011|010|000|010 0x3682
1 2 0011110|001|001|111 0x3C4F
2 0 0100110|100|010|110 0x4D16
5 0 0111110|010|110|010 0x7CB2
5 1 0111111|010|000|010 0x7E82
6 0 1000101|010|100|100 0x8AA4
BX = 110 Event : 79
0 0 0010001|000|000|100 0x2204
0 1 0010010|100|000|100 0x2504
1 0 0011000|010|011|000 0x3098
1 1 0011110|001|111|110 0x3C7E
1 2 0011111|001|110|110 0x3E76
4 0 0101100|010|010|110 0x5896
4 1 0101101|000|000|100 0x5A04
4 2 0101110|100|000|100 0x5D04
4 3 0110110|100|010|111 0x6D17
4 4 0110111|010|010|111 0x6E97
7 0 0111101|100|111|000 0x7B38
BX = 111 Event : 80
0 0 0010100|010|011|111 0x289F
0 1 0100010|001|011|111 0x445F
0 2 0100011|000|100|111 0x4627
0 3 0100100|010|011|111 0x489F
1 0 0011101|100|111|000 0x3B38
1 1 0100111|001|101|011 0x4E6B
1 2 0101000|011|010|011 0x50D3
1 3 0101010|010|001|010 0x548A
2 0 0110010|100|111|011 0x653B
2 1 0110101|100|001|111 0x6B0F
4 0 1010000|000|000|111 0xA007
4 1 1010011|100|011|110 0xA71E
4 2 1010111|000|111|111 0xAE3F
5 0 1010110|100|110|001 0xAD31
5 1 1011100|010|111|010 0xB8BA
BX = 000 Event : 81
0 0 0010100|010|110|100 0x28B4
1 0 0011110|010|001|110 0x3C8E
2 0 0100011|010|000|111 0x4687
4 0 0110000|001|000|100 0x6044
7 0 0111011|011|111|100 0x76FC
BX = 001 Event : 82
0 0 0001011|000|100|010 0x1622
0 1 0001100|100|010|010 0x1912
0 2 0001101|100|001|010 0x1B0A
1 0 0010111|001|000|001 0x2E41
BX = 010 Event : 83
0 0 0001001|100|010|001 0x1311
4 0 0100000|001|011|110 0x405E
4 1 0100011|010|101|100 0x46AC
4 2 0100101|000|010|111 0x4A17
5 0 0100110|010|110|010 0x4CB2
6 0 0101100|010|101|010 0x58AA
7 0 0110011|011|001|101 0x66CD
7 1 0110100|011|001|101 0x68CD
BX = 011 Event : 84
0 0 0001101|100|001|110 0x1B0E
1 0 0011001|000|110|010 0x3232
4 0 0110100|100|011|001 0x6919
4 1 0110110|000|000|110 0x6C06
5 0 1000100|100|000|101 0x8905
BX = 100 Event : 85
0 0 0000111|100|110|011 0x0F33
0 1 0001001|100|100|001 0x1321
0 2 0001010|001|110|111 0x1477
1 0 0011000|000|011|000 0x3018
2 0 0100011|001|101|101 0x466D
4 0 0111010|100|110|010 0x7532
4 1 0111100|100|111|110 0x793E
4 2 0111101|010|010|110 0x7A96
4 3 1000100|000|011|110 0x881E
5 0 1010101|000|010|100 0xAA14
BX = 101 Event : 86
0 0 0001101|100|101|011 0x1B2B
0 1 0010000|100|000|010 0x2102
0 2 0010010|100|101|001 0x2529
0 3 0010011|100|111|110 0x273E
0 4 0010100|010|100|110 0x28A6
0 5 0010110|100|010|101 0x2D15
0 6 0010111|010|111|100 0x2EBC
0 7 0011001|001|010|100 0x3254
0 8 0011010|000|111|110 0x343E
1 0 0011100|000|110|100 0x3834
1 1 0011111|011|110|100 0x3EF4
1 2 0100000|000|101|010 0x402A
1 3 0100001|000|101|010 0x422A
1 4 0100100|010|010|101 0x4895
2 0 0100110|000|101|101 0x4C2D
4 0 0110011|000|000|011 0x6603
4 1 0110111|000|001|011 0x6E0B
4 2 0111010|000|111|001 0x7439
5 0 1000111|001|111|001 0x8E79
5 1 1001100|100|000|011 0x9903
5 2 1001110|100|000|010 0x9D02
BX = 110 Event : 87
0 0 0000110|001|110|110 0x0C76
0 1 0001001|010|000|101 0x1285
0 2 0001010|001|000|100 0x1444
0 3 0001011|100|110|100 0x1734
0 4 0001101|001|010|100 0x1A54
0 5 0010001|010|101|111 0x22AF
2 0 0010111|100|000|011 0x2F03
5 0 0101101|011|101|100 0x5AEC
5 1 0110011|010|010|111 0x6697
6 0 0110101|000|001|010 0x6A0A
7 0 0110110|100|010|000 0x6D10
BX = 111 Event : 88
0 0 0000111|000|100|011 0x0E23
0 1 0001110|010|101|101 0x1CAD
0 2 0001111|010|110|101 0x1EB5
1 0 0010111|000|101|100 0x2E2C
1 1 0011010|010|001|110 0x348E
2 0 0100000|010|101|101 0x40AD
2 1 0100010|010|110|110 0x44B6
3 0 0100101|001|000|000 0x4A40
4 0 0110001|010|011|110 0x629E
5 0 0111011|001|010|001 0x7651
BX = 000 Event : 89
1 0 0010111|010|011|100 0x2E9C
4 0 0110000|001|000|100 0x6044
5 0 0110011|100|110|110 0x6736
5 1 0110111|100|110|110 0x6F36
6 0 0111100|000|110|110 0x7836
BX = 001 Event : 90
0 0 0010011|000|110|011 0x2633
4 0 0111011|001|000|110 0x7646
5 0 0111101|010|011|000 0x7A98
6 0 1001000|000|110|110 0x9036
BX = 010 Event : 91
0 0 0001110|010|111|110 0x1CBE
1 0 0011101|001|110|011 0x3A73
1 1 0011111|100|111|010 0x3F3A
1 2 0100000|100|111|010 0x413A
2 0 0100001|010|101|000 0x42A8
3 0 0101001|011|000|100 0x52C4
4 0 0111011|000|101|110 0x762E
5 0 1000110|100|100|100 0x8D24
6 0 1010001|010|010|111 0xA297
BX = 011 Event : 92
0 0 0000100|000|100|011 0x0823
0 1 0001000|001|110|101 0x1075
1 0 0001110|000|101|100 0x1C2C
1 1 0010001|010|001|110 0x228E
2 0 0010110|010|101|101 0x2CAD
2 1 0011000|010|110|110 0x30B6
3 0 0011010|001|000|000 0x3440
4 0 0100110|100|001|100 0x4D0C
4 1 0101000|010|011|110 0x509E
5 0 0110100|001|010|001 0x6851
BX = 100 Event : 93
0 0 0001110|100|001|011 0x1D0B
0 1 0010011|000|101|110 0x262E
0 2 0010101|000|101|100 0x2A2C
1 0 0011111|001|100|110 0x3E66
2 0 0100011|100|100|001 0x4721
4 0 0111001|000|101|010 0x722A
4 1 0111011|100|100|001 0x7721
4 2 1000011|001|100|100 0x8664
4 3 1000100|100|100|100 0x8924
5 0 1001001|010|110|001 0x92B1
7 0 1010101|011|110|001 0xAAF1
BX = 101 Event : 94
0 0 0001110|000|110|011 0x1C33
5 0 0101011|010|011|000 0x5698
5 1 0101101|100|111|100 0x5B3C
6 0 0110110|000|110|110 0x6C36
BX = 110 Event : 95
0 0 0001110|000|110|011 0x1C33
0 1 0010100|000|010|100 0x2814
1 0 0010110|100|001|010 0x2D0A
1 1 0011101|010|110|101 0x3AB5
4 0 0110011|000|000|100 0x6604
4 1 0110100|000|000|001 0x6801
4 2 0111011|000|110|111 0x7637
4 3 0111100|010|110|111 0x78B7
5 0 0110111|000|100|010 0x6E22
5 1 0111101|001|101|100 0x7A6C
5 2 1000101|010|101|100 0x8AAC
5 3 1000111|100|111|110 0x8F3E
5 4 1001000|000|100|101 0x9025
7 0 1010010|100|101|011 0xA52B
BX = 111 Event : 96
0 0 0001000|000|010|011 0x1013
0 1 0001001|100|010|010 0x1312
0 2 0001010|100|001|010 0x150A
0 3 0001111|000|100|100 0x1E24
4 0 0110000|000|010|001 0x6011
4 1 0110110|100|011|100 0x6D1C
4 2 0111001|010|100|111 0x72A7
5 0 0111100|100|010|011 0x7913
5 1 0111111|001|100|111 0x7E67
BX = 000 Event : 97
0 0 0001101|100|011|011 0x1B1B
0 1 0001110|000|010|001 0x1C11
0 2 0001111|100|011|001 0x1F19
0 3 0011100|010|110|111 0x38B7
1 0 0011001|100|010|000 0x3310
1 1 0100010|010|000|010 0x4482
1 2 0100100|001|001|111 0x484F
2 0 0101011|100|010|110 0x5716
5 0 1000001|010|110|010 0x82B2
5 1 1000010|010|000|010 0x8482
6 0 1001001|010|100|100 0x92A4
BX = 001 Event : 98
0 0 0001100|100|100|110 0x1926
1 0 0010001|010|111|010 0x22BA
1 1 0010110|010|111|010 0x2CBA
2 0 0011000|001|100|010 0x3062
2 1 0011010|000|100|011 0x3423
2 2 0011011|011|010|111 0x36D7
2 3 0011100|100|010|111 0x3917
5 0 0101011|001|100|100 0x5664
5 1 0101101|011|010|011 0x5AD3
5 2 0110010|010|011|110 0x649E
5 3 0110011|100|000|101 0x6705
6 0 0111000|001|000|110 0x7046
BX = 010 Event : 99
0 0 0001101|100|001|001 0x1B09
0 1 0001110|010|011|111 0x1C9F
0 2 0011000|001|011|111 0x305F
0 3 0011010|000|100|111 0x3427
0 4 0011011|010|011|111 0x369F
1 0 0010111|100|111|000 0x2F38
1 1 0011110|001|101|011 0x3C6B
1 2 0011111|011|010|011 0x3ED3
1 3 0100000|010|001|010 0x408A
4 0 1000010|000|000|010 0x8402
4 1 1000110|000|000|111 0x8C07
4 2 1001011|100|011|110 0x971E
4 3 1010000|000|111|111 0xA03F
5 0 1001110|100|110|001 0x9D31
5 1 1010100|010|111|010 0xA8BA
6 0 1100010|001|011|011 0xC45B
7 0 1100110|100|100|011 0xCD23
7 1 1100111|100|101|001 0xCF29
7 2 1101000|100|101|001 0xD129
BX = 011 Event : 100
0 0 0001110|100|010|010 0x1D12
0 1 0010010|010|011|101 0x249D
0 2 0010011|001|011|101 0x265D
