BX = 000 Event : 1
0x00 1|000|10110001110010|000001001111001100|0000000001|00000000011000|001000001001000000000000|1|0000000|1011001|000000111000|000000100|0|0000000|0000000|000000000000|000000000|1|0000000|1100111|000011000011|111111111|1|0000000|1101000|000100101110|000000011|0|0000000|000000000000|000000000000|0000000|0|0000000|000000000000|000000000000|0000000|0|0000000|000000000000|000000000000|0000000|0|0000000|000000000000|000000000000|0000000 0x8B1C813CC00401820900080B20700400000000080CE187FF80D025C03000000000000000000000000000000000000000
0x01 1|000|10110001101101|000001001111000101|1111111011|00000000011101|001000001001000000000000|1|0000001|1011001|000000110000|000000000|0|0000000|0000000|000000000000|000000000|1|0000001|1100111|000010110101|111111111|1|0000001|1101000|000100011000|000000010|0|0000000|000000000000|000000000000|0000000|0|0000000|000000000000|000000000000|0000000|0|0000000|000000000000|000000000000|0000000|0|0000000|000000000000|000000000000|0000000 0x8B1B413C5FEC01D20900081B20600000000000081CE16BFF81D023002000000000000000000000000000000000000000
0x02 1|000|01000011110001|000101110011001001|1110011011|00000011000110|001001001001000000000000|1|0000010|0000100|111111110000|111111110|1|0000010|0011101|111110101001|000000001|1|0000010|0011101|111101010010|000000000|1|0000010|0011001|111010001011|000000001|0|0000000|000000000000|000000000000|0000000|0|0000000|000000000000|000000000000|0000000|0|0000000|000000000000|000000000000|0000000|0|0000000|000000000000|000000000000|0000000 0x843C45CC9E6C0C62490008209FE1FE823BF5201823BEA4008233D1601000000000000000000000000000000000000000
0x03 1|000|01000100010101|000101110011110011|1110100011|00000011000000|001001001001000000000000|1|0000011|0000100|000000011000|000000010|1|0000011|0011101|111111111111|000000010|1|0000011|0011101|111111010010|000000001|1|0000011|0011001|111101000011|000000010|0|0000000|000000000000|000000000000|0000000|0|0000000|000000000000|000000000000|0000000|0|0000000|000000000000|000000000000|0000000|0|0000000|000000000000|000000000000|0000000 0x844545CF3E8C0C0249000830803002833BFFE02833BFA4018333E8602000000000000000000000000000000000000000
0x04 1|000|00101110100010|000101111011101111|1101100010|11101000011010|000000000000001001000001|0|0000000|0000000|000000000000|000000000|0|0000000|0000000|000000000000|000000000|0|0000000|0000000|000000000000|000000000|0|0000000|0000000|000000000000|000000000|1|0000100|010101110101|000000000011|0000000|1|0000100|011001111001|000000000101|1111111|0|0000000|000000000000|000000000000|0000000|1|0000100|000000000010|111111111011|0100011 0x82E885EEFD8BA1A000241000000000000000000000000000000000000845750030108CF200BFC000000000420017FDA3
0x05 1|000|10111110011111|000100011111001010|1101101001|11100111110110|000000000000001001001001|0|0000000|0000000|000000000000|000000000|0|0000000|0000000|000000000000|000000000|0|0000000|0000000|000000000000|000000000|0|0000000|0000000|000000000000|000000000|1|0000101|010101010111|111111111101|1111111|1|0000101|011001111100|111111111101|1111111|1|0000101|011111001110|111111111100|1111111|1|0000101|000000000001|111111110011|1111000 0x8BE7C47CADA79F600024900000000000000000000000000000000000085557FFDFF0ACF9FFBFE15F3BFF3FC2800FF9F8
0x06 |1|0000110|1100101|000000001000|000000000|1|0000110|1100111|111111111111|111111111|1|0000110|0011001|000000010000|000000001|1|0000110|1100111|000000001001|000000001|0|0000000|000000000000|000000000000|0000000|0|0000000|000000000000|000000000000|0000000|0|0000000|000000000000|000000000000|0000000|0|0000000|000000000000|000000000000|0000000 0x8066C6DBC06BEE324900086CA0100086CFFFFFF86320200186CE01201000000000000000000000000000000000000000



1|000|00000110011011|000110110110111100|0000011010|11111011100011|001001001001000000000000
1|000|10110101010001|000100010011110101|1110110110|11100110111000|000000000000001001000000






0x07 1|000|00100101001011|000111001111101100|1101101000|11101001001101|000000000000000001000001|0|0000000|0000000|000000000000|000000000|0|0000000|0000000|000000000000|000000000|0|0000000|0000000|000000000000|000000000|0|0000000|0000000|000000000000|000000000|0|0000000|000000000000|000000000000|0000000|1|0000111|011011000111|111111111110|0000000|0|0000000|000000000000|000000000000|0000000|1|0000111|000000000010|111111110100|1110000 0x8252C73ECDA3A4D00004100000000000000000000000000000000000000000000010ED8FFFC00000000000438017FA70
0x08 1|000|10110001010111|000101111001000011|0000101011|11101010000111|000000000000001001001001|0|0000000|0000000|000000000000|000000000|0|0000000|0000000|000000000000|000000000|0|0000000|0000000|000000000000|000000000|0|0000000|0000000|000000000000|000000000|1|0001000|011001101100|111111111101|1111110|1|0001000|011110001111|111111111100|1111101|1|0001000|000000000001|111111110001|0010010|1|0001000|000000000100|111111110000|0011001 0x8B15C5E430AFA870002490000000000000000000000000000000000008866CFFDFD10F1FFF9F620007FC49440027F819
0x09 1|000|10101110110101|000101110101101101|0001001001|11101001110001|000000000000001001001001|0|0000000|0000000|000000000000|000000000|0|0000000|0000000|000000000000|000000000|0|0000000|0000000|000000000000|000000000|0|0000000|0000000|000000000000|000000000|1|0001001|011001101100|111111110110|0000000|1|0001001|011110001111|111111101111|0000000|1|0001001|000000000001|111111011101|0011010|1|0001001|000000000011|000000000010|1011101 0x8AED45D6D127A710002490000000000000000000000000000000000008966CFF60112F1FFDE0224007F74D448018015D
0x0a 1|000|10101111010011|000101110110010110|0001000111|11101001110010|000000000000001001001001|0|0000000|0000000|000000000000|000000000|0|0000000|0000000|000000000000|000000000|0|0000000|0000000|000000000000|000000000|0|0000000|0000000|000000000000|000000000|1|0001010|011001101100|111111111000|0000000|1|0001010|011110001111|111111110010|0000000|1|0001010|000000000001|111111100010|0011001|1|0001010|000000000011|000000001001|1011011 0x8AF4C5D9611FA720002490000000000000000000000000000000000008A66CFF80114F1FFE40228007F88CC5001804DB
0x0b 1|000|10111010011000|000110010001101110|0001001111|11110111000011|001001001000000000000000|1|0001011|1111111|111111111000|000000010|1|0001011|0011110|111111000010|111111110|1|0001011|0011101|111110110011|111111111|0|0000000|0000000|000000000000|000000000|0|0000000|000000000000|000000000000|0000000|0|0000000|000000000000|000000000000|0000000|0|0000000|000000000000|000000000000|0000000|0|0000000|000000000000|000000000000|0000000 0x8BA60646E13FDC32480008BFFFF0028B3DF85FE8B3BF67FF000000000000000000000000000000000000000000000000
0x0c 1|000|10111011001000|000110010010101100|0001001111|11110111000100|001001001000000000000000|1|0001100|1111111|000000100000|000000010|1|0001100|0011110|000000101100|111111110|1|0001100|0011101|000001010100|111111111|0|0000000|0000000|000000000000|000000000|0|0000000|000000000000|000000000000|0000000|0|0000000|000000000000|000000000000|0000000|0|0000000|000000000000|000000000000|0000000|0|0000000|000000000000|000000000000|0000000 0x8BB2064AC13FDC42480008CFE040028C3C059FE8C3A0A9FF000000000000000000000000000000000000000000000000
0x0d 1|000|00100111001000|001000011011101001|1111010001|11111001100001|001001000001000000000000|1|0001101|0011000|000000010000|000000001|1|0001101|0011010|000000000110|111111111|0|0000000|0000000|000000000000|000000000|1|0001101|1100111|111111001010|111111111|0|0000000|000000000000|000000000000|0000000|0|0000000|000000000000|000000000000|0000000|0|0000000|000000000000|000000000000|0000000|0|0000000|000000000000|000000000000|0000000 0x8272086E9F47E612410008D30020018D3400DFF0000000008DCFF95FF000000000000000000000000000000000000000
0x0e 1|000|00100111011011|001000011100000010|1111001101|11111001100100|001001000001000000000000|1|0001110|0011000|000000100000|111111111|1|0001110|0011010|000000101111|111111111|0|0000000|0000000|000000000000|000000000|1|0001110|1100111|000000100101|111111111|0|0000000|000000000000|000000000000|0000000|0|0000000|000000000000|000000000000|0000000|0|0000000|000000000000|000000000000|0000000|0|0000000|000000000000|000000000000|0000000 0x8276C8702F37E642410008E30041FF8E3405FFF0000000008ECE04BFF000000000000000000000000000000000000000
0x0f 1|000|00101101110011|001000101011101100|1101110100|11101001000001|000000000000001001001001|0|0000000|0000000|000000000000|000000000|0|0000000|0000000|000000000000|000000000|0|0000000|0000000|000000000000|000000000|0|0000000|0000000|000000000000|000000000|1|0001111|010110010111|111111111110|1111111|1|0001111|011010111111|111111111100|0000000|1|0001111|100001000010|111111110110|0000010|1|0001111|000000000010|111111110101|1111111 0x82DCC8AECDD3A410002490000000000000000000000000000000000008F597FFEFF1ED7FFF8023E10BFD81478017FAFF
0x10 1|000|00101111011100|001000101101110100|1101110010|11101001000011|000000000000001001001001|0|0000000|0000000|000000000000|000000000|0|0000000|0000000|000000000000|000000000|0|0000000|0000000|000000000000|000000000|0|0000000|0000000|000000000000|000000000|1|0010000|010110010111|000000000001|1111111|1|0010000|011010111111|000000001000|1111111|1|0010000|100001000010|000000001100|0000001|1|0010000|000000000010|000000010101|1110110 0x82F708B74DCBA4300024900000000000000000000000000000000000090597001FF20D7E011FE421080300C800100AF6
0x11 1|000|00111110101001|001001011010101101|1111011010|00010100100001|000000000000001001001000|0|0000000|0000000|000000000000|000000000|0|0000000|0000000|000000000000|000000000|0|0000000|0000000|000000000000|000000000|0|0000000|0000000|000000000000|000000000|1|0010001|011011010101|111111111101|0000010|1|0010001|100001001011|111111110100|0000101|1|0010001|000000000010|111111101100|0001010|0|0000000|000000000000|000000000000|0000000 0x83EA496ADF68521000248000000000000000000000000000000000000916D5FFD0523097FE8164400BFB050000000000
0x12 1|000|00100001111101|001001100101011011|0000011101|00000100011001|001001001001000000000000|1|0010010|1100010|000000010000|000000001|1|0010010|0011101|000001000011|000000010|1|0010010|1100111|000001000111|000000000|1|0010010|0011101|000001101100|000000000|0|0000000|000000000000|000000000000|0000000|0|0000000|000000000000|000000000000|0000000|0|0000000|000000000000|000000000000|0000000|0|0000000|000000000000|000000000000|0000000 0x821F4995B07411924900092C402001923A0860292CE08E00923A0D800000000000000000000000000000000000000000
0x13 1|000|00100010010011|001001100101110111|0000100010|00000100010101|001001001001000000000000|1|0010011|1100010|000000100000|000000011|1|0010011|0011101|000001111001|000000011|1|0010011|1100111|000010010000|000000001|1|0010011|0011101|000011011110|000000001|0|0000000|000000000000|000000000000|0000000|0|0000000|000000000000|000000000000|0000000|0|0000000|000000000000|000000000000|0000000|0|0000000|000000000000|000000000000|0000000 0x8224C997708811524900093C404003933A0F20393CE12001933A1BC01000000000000000000000000000000000000000
0x14 1|000|01010011011010|001011101100100010|0001001100|11101011110110|000000000000001000001001|0|0000000|0000000|000000000000|000000000|0|0000000|0000000|000000000000|000000000|0|0000000|0000000|000000000000|000000000|0|0000000|0000000|000000000000|000000000|1|0010100|011101000111|000000001110|0000010|0|0000000|000000000000|000000000000|0000000|1|0010100|000000000010|000000110000|1110010|1|0010100|000000000101|000000111000|1100110 0x85368BB22133AF60002090000000000000000000000000000000000009474700E040000000002500080C394A00281C66
0x15 1|000|11001000010101|001001110110011111|0000100011|00000001001101|001001001001000000000000|1|0010101|0001011|000001000000|000000000|1|0010101|0011000|000001001010|000000000|1|0010101|0011001|000001010000|000000011|1|0010101|0011001|000001000110|000000000|0|0000000|000000000000|000000000000|0000000|0|0000000|000000000000|000000000000|0000000|0|0000000|000000000000|000000000000|0000000|0|0000000|000000000000|000000000000|0000000 0x8C8549D9F08C04D24900095160800095300940095320A003953208C00000000000000000000000000000000000000000
0x16 1|000|11101011111101|001010100100001011|1111001010|11111001100101|001001001001000000000000|1|0010110|0100101|000000100000|111111101|1|0010110|0011001|000001001101|111111111|1|0010110|1100111|000001010001|000000001|1|0010110|1100111|000001101101|111111111|0|0000000|000000000000|000000000000|0000000|0|0000000|000000000000|000000000000|0000000|0|0000000|000000000000|000000000000|0000000|0|0000000|000000000000|000000000000|0000000 0x8EBF4A90BF2BE65249000964A041FD963209BFF96CE0A20196CE0DBFF000000000000000000000000000000000000000
0x17 1|000|10111000011100|001010000101100100|0000000101|00000111000001|001001001001000000000000|1|0010111|0011100|111111001000|000000010|1|0010111|0011101|111110001001|000000000|1|0010111|0011001|111101001011|000000000|1|0010111|1100011|111011010111|000000010|0|0000000|000000000000|000000000000|0000000|0|0000000|000000000000|000000000000|0000000|0|0000000|000000000000|000000000000|0000000|0|0000000|000000000000|000000000000|0000000 0x8B870A1640141C12490009739F9002973BF12009733E960097C7DAE02000000000000000000000000000000000000000
0x18 1|000|00110111011110|001100010101010110|0000011111|11111111110111|000001001001000000000000|0|0000000|0000000|000000000000|000000000|1|0011000|1100111|000001101111|000000011|1|0011000|0011101|000011000110|000000011|1|0011000|1101000|000100100001|000000100|0|0000000|000000000000|000000000000|0000000|0|0000000|000000000000|000000000000|0000000|0|0000000|000000000000|000000000000|0000000|0|0000000|000000000000|000000000000|0000000 0x83778C55607FFF704900000000000098CE0DE03983A18C0398D024204000000000000000000000000000000000000000
0x19 1|000|11101011101001|001011010010101000|1111001011|11111000000010|001001001001000000000000|1|0011001|0000010|000000010000|000000000|1|0011001|0011100|000000101100|000000011|1|0011001|0011111|000001010101|000000000|1|0011001|0011101|000010010101|111111110|0|0000000|000000000000|000000000000|0000000|0|0000000|000000000000|000000000000|0000000|0|0000000|000000000000|000000000000|0000000|0|0000000|000000000000|000000000000|0000000 0x8EBA4B4A8F2FE02249000990402000993805803993E0AA00993A12BFE000000000000000000000000000000000000000
0x1a 1|000|11101100000111|001011010011000010|1111001010|11111000000011|001001001001000000000000|1|0011010|0000010|000001001000|111111111|1|0011010|0011100|000010001001|000000011|1|0011010|0011111|000011010010|000000000|1|0011010|0011101|000101000000|111111110|0|0000000|000000000000|000000000000|0000000|0|0000000|000000000000|000000000000|0000000|0|0000000|000000000000|000000000000|0000000|0|0000000|000000000000|000000000000|0000000 0x8EC1CB4C2F2BE032490009A04091FF9A38112039A3E1A4009A3A281FE000000000000000000000000000000000000000
0x1b 1|000|01010111111101|001101100011101100|1111011001|11111011100011|001001001000000000000000|1|0011011|0000001|000000011000|111111101|1|0011011|1100010|000000100000|111111110|1|0011011|0011101|000000100100|000000000|0|0000000|0000000|000000000000|000000000|0|0000000|000000000000|000000000000|0000000|0|0000000|000000000000|000000000000|0000000|0|0000000|000000000000|000000000000|0000000|0|0000000|000000000000|000000000000|0000000 0x857F4D8ECF67EE32480009B02031FD9BC4041FE9B3A04800000000000000000000000000000000000000000000000000
0x1c 1|000|10100110101000|001010110100111111|1110010111|00001101111111|000000000000001001000000|0|0000000|0000000|000000000000|000000000|0|0000000|0000000|000000000000|000000000|0|0000000|0000000|000000000000|000000000|0|0000000|0000000|000000000000|000000000|1|0011100|000000000011|111111011001|0110010|1|0011100|000000000110|111111001011|0100110|0|0000000|000000000000|000000000000|0000000|0|0000000|000000000000|000000000000|0000000 0x8A6A0AD3FE5C37F0002400000000000000000000000000000000000009C003FD9653800DF96980000000000000000000
0x1d 1|000|00110000111101|001101010001011001|1111010011|00010001011111|001000000000000001001000|1|0011101|0110000|000000001000|111111110|0|0000000|0000000|000000000000|000000000|0|0000000|0000000|000000000000|000000000|0|0000000|0000000|000000000000|000000000|0|0000000|000000000000|000000000000|0000000|1|0011101|000000000001|111111111011|0001000|1|0011101|000000000101|111111111101|0100110|0|0000000|000000000000|000000000000|0000000 0x830F4D459F4C45F2000489D60011FE00000000000000000000000000000000000013A003FF62274017FF530000000000
0x1e 1|000|01001001111000|001101110101011010|0000010011|11111010000110|001000001000000000000000|1|0011110|0001011|111110101000|000000100|0|0000000|0000000|000000000000|000000000|1|0011110|1100100|111010110110|000000001|0|0000000|0000000|000000000000|000000000|0|0000000|000000000000|000000000000|0000000|0|0000000|000000000000|000000000000|0000000|0|0000000|000000000000|000000000000|0000000|0|0000000|000000000000|000000000000|0000000 0x849E0DD5A04FE862080009E17F50040000000009EC9D6C01000000000000000000000000000000000000000000000000
0x1f 1|000|01001010001110|001101110101101101|0000010001|11111010001001|001000001000000000000000|1|0011111|0001011|111111010000|000000010|0|0000000|0000000|000000000000|000000000|1|0011111|1100100|111100010001|000000001|0|0000000|0000000|000000000000|000000000|0|0000000|000000000000|000000000000|0000000|0|0000000|000000000000|000000000000|0000000|0|0000000|000000000000|000000000000|0000000|0|0000000|000000000000|000000000000|0000000 0x84A38DD6D047E892080009F17FA0020000000009FC9E2201000000000000000000000000000000000000000000000000
0x20 1|000|00100001001001|001101010001010110|1111001110|11111001000001|001001001001000000000000|1|0100000|1111000|111111001000|000000000|1|0100000|0011000|111101111010|111111110|1|0100000|1101000|111100101100|000000001|1|0100000|1100111|111011011011|000000010|0|0000000|000000000000|000000000000|0000000|0|0000000|000000000000|000000000000|0000000|0|0000000|000000000000|000000000000|0000000|0|0000000|000000000000|000000000000|0000000 0x82124D456F3BE41249000A0F1F9000A031EF5FEA0D1E5801A0CFDB602000000000000000000000000000000000000000
BX = 001 Event : 2
0x00 1|000|10111110001001|000001011000101111|0010111001|00010100101101|000000000000001001001001|0|0000000|0000000|000000000000|000000000|0|0000000|0000000|000000000000|000000000|0|0000000|0000000|000000000000|000000000|0|0000000|0000000|000000000000|000000000|1|0000000|011001000000|111111111111|0000010|1|0000000|011101110110|000000000000|0000001|1|0000000|000000000000|111111110110|1011000|1|0000000|000000000100|111111100001|0010101 0x8BE24162F2E452D00024900000000000000000000000000000000000080640FFF0500EEC0000600003FDAC400027F095
0x01 1|000|10111101011101|000001010111111001|0010111010|00010100101100|000000000000001001001001|0|0000000|0000000|000000000000|000000000|0|0000000|0000000|000000000000|000000000|0|0000000|0000000|000000000000|000000000|0|0000000|0000000|000000000000|000000000|1|0000001|011001000000|111111111100|0000010|1|0000001|011101110110|111111111010|0000001|1|0000001|000000000000|111111101100|1011001|1|0000001|000000000100|111111010010|0010110 0x8BD7415F92E852C00024900000000000000000000000000000000000081640FFC0502EEDFF40604003FB2CC08027E916
0x02 1|000|00111000010000|000110110100110110|0000101001|11111010110111|001001001001000000000000|1|0000010|0000001|000000010000|000000001|1|0000010|1100100|111111101110|111111111|1|0000010|1100111|111110010011|000000001|1|0000010|1100011|111101000011|000000001|0|0000000|000000000000|000000000000|0000000|0|0000000|000000000000|000000000000|0000000|0|0000000|000000000000|000000000000|0000000|0|0000000|000000000000|000000000000|0000000 0x838406D360A7EB724900082020200182C9FDDFF82CFF260182C7E8601000000000000000000000000000000000000000
0x03 1|000|10110011000011|000101000001111101|0001100010|00001100111101|001000000000001001000000|1|0000011|1110100|111110111000|111111110|0|0000000|0000000|000000000000|000000000|0|0000000|0000000|000000000000|000000000|0|0000000|0000000|000000000000|000000000|1|0000011|000000000010|111111001101|1011110|1|0000011|000000000101|111110111000|1011101|0|0000000|000000000000|000000000000|0000000|0|0000000|000000000000|000000000000|0000000 0x8B30C507D18833D20024083E9F71FE00000000000000000000000000083002FCDBD0600BF71740000000000000000000
0x04 1|000|01010100111000|001000111110011011|0000001100|11110010100001|001001000000000001000000|1|0000100|0001010|111111111000|111111111|1|0000100|1100110|111111001101|111111110|0|0000000|0000000|000000000000|000000000|0|0000000|0000000|000000000000|000000000|0|0000000|000000000000|000000000000|0000000|1|0000100|000000000110|111111111100|0010101|0|0000000|000000000000|000000000000|0000000|0|0000000|000000000000|000000000000|0000000 0x854E08F9B033CA12400408415FF1FF84CDF9BFE00000000000000000000000000010800DFF8540000000000000000000
0x05 1|000|10110010001100|000111011000101010|0001101110|00001001110101|001001001000001000000000|1|0000101|0011101|111111000000|000000011|1|0000101|1100010|111100111111|000000010|1|0000101|1100011|111010011001|111111111|0|0000000|0000000|000000000000|000000000|1|0000101|000000000111|000001000000|1000110|0|0000000|000000000000|000000000000|0000000|0|0000000|000000000000|000000000000|0000000|0|0000000|000000000000|000000000000|0000000 0x8B230762A1B8275248200853BF800385C5E7E0285C7D33FF000000000850070408C00000000000000000000000000000
0x06 1|000|10110000110000|001001011101010011|1111100010|11111110110011|001001001001000000000000|1|0000110|0001100|000001001000|111111101|1|0000110|0011100|000010110010|000000000|1|0000110|0011101|000011101000|111111110|1|0000110|1100111|000100110100|000000010|0|0000000|000000000000|000000000000|0000000|0|0000000|000000000000|000000000000|0000000|0|0000000|000000000000|000000000000|0000000|0|0000000|000000000000|000000000000|0000000 0x8B0C09753F8BFB32490008618091FD863816400863A1D1FE86CE26802000000000000000000000000000000000000000
0x07 1|000|00010101101000|001100100101011101|1111011010|00000000010100|001001001001000000000000|1|0000111|0001101|111111001000|000000010|1|0000111|0011101|111110100111|000000011|1|0000111|1100111|111101101110|000000010|1|0000111|1100111|111100011010|000000001|0|0000000|000000000000|000000000000|0000000|0|0000000|000000000000|000000000000|0000000|0|0000000|000000000000|000000000000|0000000|0|0000000|000000000000|000000000000|0000000 0x815A0C95DF68014249000871BF9002873BF4E0387CFEDC0287CFE3401000000000000000000000000000000000000000
0x08 1|000|11010000010000|001100000011001011|0001001101|11100101010111|000000000000001001001001|0|0000000|0000000|000000000000|000000000|0|0000000|0000000|000000000000|000000000|0|0000000|0000000|000000000000|000000000|0|0000000|0000000|000000000000|000000000|1|0001000|010101010111|000000000001|0000000|1|0001000|011001100111|000000000010|1111111|1|0001000|011110001010|000000000001|0000000|1|0001000|000000000001|000000000100|0100001 0x8D040C0CB137957000249000000000000000000000000000000000000885570010110CCE005FE21E2800404400080221
0x09 1|000|11010000011011|001100000011010101|0001010100|11100101010000|000000000000001001001001|0|0000000|0000000|000000000000|000000000|0|0000000|0000000|000000000000|000000000|0|0000000|0000000|000000000000|000000000|0|0000000|0000000|000000000000|000000000|1|0001001|010101010111|000000000011|0000000|1|0001001|011001100111|000000000101|1111111|1|0001001|011110001010|000000000110|0000001|1|0001001|000000000001|000000001011|0100011 0x8D06CC0D5153950000249000000000000000000000000000000000000895570030112CCE00BFE25E280180C4800805A3
0x0a 1|000|11001111000000|001100000001101001|0001010010|11100101010100|000000000000001001001001|0|0000000|0000000|000000000000|000000000|0|0000000|0000000|000000000000|000000000|0|0000000|0000000|000000000000|000000000|0|0000000|0000000|000000000000|000000000|1|0001010|010101110110|000000000001|1111111|1|0001010|011001100111|111111111010|1111110|1|0001010|011110001010|111111110011|0000000|1|0001010|000000000001|111111110000|0100001 0x8CF00C06914B9540002490000000000000000000000000000000000008A576001FF14CCFFF5FA29E2BFCC045000FF821
0x0b 1|000|11001111001010|001100000001110001|0001010111|11100101001110|000000000000001001001001|0|0000000|0000000|000000000000|000000000|0|0000000|0000000|000000000000|000000000|0|0000000|0000000|000000000000|000000000|0|0000000|0000000|000000000000|000000000|1|0001011|010101010111|000000000000|0000000|1|0001011|011001100111|111111111110|0000000|1|0001011|011110001010|111111111001|0000010|1|0001011|000000000001|111111110111|0100100 0x8CF28C07115F94E0002490000000000000000000000000000000000008B5570000116CCFFFC022DE2BFE4145800FFBA4
BX = 010 Event : 3
0x00 1|000|11001001110110|000000110101110010|0000111010|11111111100100|001001001001000000000000|1|0000000|1100010|000001000000|000000001|1|0000000|1100100|000011000001|111111111|1|0000000|0011001|000101010111|000000000|1|0000000|1100011|000111010111|000000001|0|0000000|000000000000|000000000000|0000000|0|0000000|000000000000|000000000000|0000000|0|0000000|000000000000|000000000000|0000000|0|0000000|000000000000|000000000000|0000000 0x8C9D80D720EBFE424900080C40800180C8183FF80322AE0080C63AE01000000000000000000000000000000000000000
0x01 1|000|00101111011010|000011101010001100|0000000011|11111101010000|001001001001000000000000|1|0000001|1100010|111111001000|000000100|1|0000001|1100010|111101010101|000000001|1|0000001|1100011|111011101110|000000010|1|0000001|1100111|111000111010|111111111|0|0000000|000000000000|000000000000|0000000|0|0000000|000000000000|000000000000|0000000|0|0000000|000000000000|000000000000|0000000|0|0000000|000000000000|000000000000|0000000 0x82F683A8C00FF5024900081C5F900481C5EAA0181C7DDC0281CFC75FF000000000000000000000000000000000000000
0x02 1|000|01000100011001|000100101101001011|0000000011|11111110001111|001000001001000000000000|1|0000010|1100010|000001011000|111111111|0|0000000|0000000|000000000000|000000000|1|0000010|1100111|000011000101|000000011|1|0000010|1100011|000100101111|000000010|0|0000000|000000000000|000000000000|0000000|0|0000000|000000000000|000000000000|0000000|0|0000000|000000000000|000000000000|0000000|0|0000000|000000000000|000000000000|0000000 0x844644B4B00FF8F20900082C40B1FF00000000082CE18A0382C625E02000000000000000000000000000000000000000
0x03 1|000|11001001000100|000011100110001010|1110110101|11110100010111|001001000000001001000000|1|0000011|0001001|000001001000|111111110|1|0000011|1100010|000010011000|000000011|0|0000000|0000000|000000000000|000000000|0|0000000|0000000|000000000000|000000000|1|0000011|000000000100|000000011000|1011010|1|0000011|000000001000|000000011110|1100111|0|0000000|000000000000|000000000000|0000000|0|0000000|000000000000|000000000000|0000000 0x8C910398AED7D172402408312091FE83C41300300000000000000000083004018B50601003D9C0000000000000000000
0x04 1|000|11001000100101|000011100101100101|1110110111|11110100010110|001001000000001001000000|1|0000100|0001001|000000101000|111111110|1|0000100|1100010|000001011000|000000011|0|0000000|0000000|000000000000|000000000|0|0000000|0000000|000000000000|000000000|1|0000100|000000000100|000000001010|1011010|1|0000100|000000001000|000000001100|1100110|0|0000000|000000000000|000000000000|0000000|0|0000000|000000000000|000000000000|0000000 0x8C8943965EDFD162402408412051FE84C40B0030000000000000000008400400AB508010019980000000000000000000
0x05 1|000|11000001100110|000100001010001101|0000001010|11101011010010|000000000000001001001001|0|0000000|0000000|000000000000|000000000|0|0000000|0000000|000000000000|000000000|0|0000000|0000000|000000000000|000000000|0|0000000|0000000|000000000000|000000000|1|0000101|011010110101|111111111011|1111111|1|0000101|011111100000|111111111001|1111111|1|0000101|000000000001|111111110011|1100011|1|0000101|000000000100|111111101011|1010101 0x8C198428D02BAD2000249000000000000000000000000000000000000856B5FFBFF0AFC1FF3FE14007FCF1C28027F5D5
0x06 1|000|00101100101001|000101110111101001|1111111111|11111101101000|001001001000000000000000|1|0000110|0000001|000000110000|111111110|1|0000110|0011000|000001011110|111111110|1|0000110|1100100|000010000111|111111110|0|0000000|0000000|000000000000|000000000|0|0000000|000000000000|000000000000|0000000|0|0000000|000000000000|000000000000|0000000|0|0000000|000000000000|000000000000|0000000|0|0000000|000000000000|000000000000|0000000 0x82CA45DE9FFFF682480008602061FE86300BDFE86C810FFE000000000000000000000000000000000000000000000000
0x07 1|000|00101101011101|000101111000100111|1111111110|11111101101001|001001001000000000000000|1|0000111|0000001|000001101000|111111110|1|0000111|0011000|000011010100|111111110|1|0000111|1100100|111100000001|111111110|0|0000000|0000000|000000000000|000000000|0|0000000|000000000000|000000000000|0000000|0|0000000|000000000000|000000000000|0000000|0|0000000|000000000000|000000000000|0000000|0|0000000|000000000000|000000000000|0000000 0x82D745E27FFBF6924800087020D1FE87301A9FE87C9E03FE000000000000000000000000000000000000000000000000
0x08 1|000|00011011010010|000110011011100110|0001110101|11110010001000|001001000000001001000000|1|0001000|1101111|111111111000|111111101|1|0001000|1100111|111111001010|000000000|0|0000000|0000000|000000000000|000000000|0|0000000|0000000|000000000000|000000000|1|0001000|000000000011|111111111011|0010101|1|0001000|000000000110|111111111001|1110100|0|0000000|000000000000|000000000000|0000000|0|0000000|000000000000|000000000000|0000000 0x81B4866E61D7C8824024088DFFF1FD88CFF940000000000000000000088003FFB2B1000DFF3D00000000000000000000
0x09 1|000|01001100001100|000111110100100110|0001111100|00000011101101|001001001000000000000000|1|0001001|0000001|111110111000|000000100|1|0001001|1100011|111101000001|000000000|1|0001001|1100111|111010100110|000000010|0|0000000|0000000|000000000000|000000000|0|0000000|000000000000|000000000000|0000000|0|0000000|000000000000|000000000000|0000000|0|0000000|000000000000|000000000000|0000000|0|0000000|000000000000|000000000000|0000000 0x84C307D261F00ED2480008903F700489C7E820089CFD4C02000000000000000000000000000000000000000000000000
0x0a 1|000|01001011110101|000111110100010100|0001110111|00000011110011|001001001000000000000000|1|0001010|0000001|111110010000|111111111|1|0001010|1100011|111100000000|111111111|1|0001010|1100111|111001001001|000000001|0|0000000|0000000|000000000000|000000000|0|0000000|000000000000|000000000000|0000000|0|0000000|000000000000|000000000000|0000000|0|0000000|000000000000|000000000000|0000000|0|0000000|000000000000|000000000000|0000000 0x84BD47D141DC0F32480008A03F21FF8AC7E01FF8ACFC9201000000000000000000000000000000000000000000000000
0x0b 1|000|10101000110010|000110101110011000|1111111101|11111110100011|001001001001000000000000|1|0001011|1100100|000000011000|000000000|1|0001011|1100110|000001000001|000000001|1|0001011|1101000|000001101111|111111111|1|0001011|1100011|000010101001|111111110|0|0000000|000000000000|000000000000|0000000|0|0000000|000000000000|000000000000|0000000|0|0000000|000000000000|000000000000|0000000|0|0000000|000000000000|000000000000|0000000 0x8A8C86B98FF7FA32490008BC8030008BCC082018BD00DFFF8BC6153FE000000000000000000000000000000000000000
0x0c 1|000|10101000101111|000110101110010011|1111111100|11111110100100|001001001001000000000000|1|0001100|1100100|000000011000|111111111|1|0001100|1100110|000000111111|000000001|1|0001100|1101000|000001100111|111111111|1|0001100|1100011|000010011011|111111110|0|0000000|000000000000|000000000000|0000000|0|0000000|000000000000|000000000000|0000000|0|0000000|000000000000|000000000000|0000000|0|0000000|000000000000|000000000000|0000000 0x8A8BC6B93FF3FA42490008CC8031FF8CCC07E018CD00CFFF8CC6137FE000000000000000000000000000000000000000
0x0d 1|000|11000101110010|000111101000111010|0000010011|00000101111010|001000001001000000000000|1|0001101|0010110|000001001000|000000001|0|0000000|0000000|000000000000|000000000|1|0001101|0011110|111110111010|000000010|1|0001101|1101000|111110100010|000000001|0|0000000|000000000000|000000000000|0000000|0|0000000|000000000000|000000000000|0000000|0|0000000|000000000000|000000000000|0000000|0|0000000|000000000000|000000000000|0000000 0x8C5C87A3A04C17A2090008D2C090010000000008D3DF74028DD1F4401000000000000000000000000000000000000000
0x0e 1|000|01000001110111|001001101001110111|1110111111|11110111011001|001001001000000000000000|1|0001110|0000000|000000111000|000000010|1|0001110|0011001|000001011011|000000000|1|0001110|0011001|000010100000|000000000|0|0000000|0000000|000000000000|000000000|0|0000000|000000000000|000000000000|0000000|0|0000000|000000000000|000000000000|0000000|0|0000000|000000000000|000000000000|0000000|0|0000000|000000000000|000000000000|0000000 0x841DC9A77EFFDD92480008E00070028E320B6008E3214000000000000000000000000000000000000000000000000000
0x0f 1|000|00111100101010|001011000110010101|0000111111|00000111100111|001001001001000000000000|1|0001111|0010011|000001100000|111111110|1|0001111|0011010|000010111110|000000001|1|0001111|1101000|000011011011|111111101|1|0001111|0011101|000100100000|111111101|0|0000000|000000000000|000000000000|0000000|0|0000000|000000000000|000000000000|0000000|0|0000000|000000000000|000000000000|0000000|0|0000000|000000000000|000000000000|0000000 0x83CA8B1950FC1E72490008F260C1FE8F3417C018FD01B7FD8F3A241FD000000000000000000000000000000000000000
0x10 1|000|00101011110000|001011010000011000|0001110001|00000001101101|001001001001000000000000|1|0010000|0001011|000000101000|111111100|1|0010000|1100111|000001100011|000000010|1|0010000|0011101|000010101101|111111110|1|0010000|1100111|000100000111|111111111|0|0000000|000000000000|000000000000|0000000|0|0000000|000000000000|000000000000|0000000|0|0000000|000000000000|000000000000|0000000|0|0000000|000000000000|000000000000|0000000 0x82BC0B4181C406D2490009016051FC90CE0C602903A15BFE90CE20FFF000000000000000000000000000000000000000
0x11 1|000|01001000001000|001100001001100111|0000111001|00000100101011|001001000000000000000000|1|0010001|0101110|111110011000|000000001|1|0010001|1100111|111100100001|000000000|0|0000000|0000000|000000000000|000000000|0|0000000|0000000|000000000000|000000000|0|0000000|000000000000|000000000000|0000000|0|0000000|000000000000|000000000000|0000000|0|0000000|000000000000|000000000000|0000000|0|0000000|000000000000|000000000000|0000000 0x84820C2670E412B240000915DF300191CFE4200000000000000000000000000000000000000000000000000000000000
0x12 1|000|00111000100111|001101100001101101|1111010011|11110010010001|001000000000001001001000|1|0010010|1110000|111111001000|000000100|0|0000000|0000000|000000000000|000000000|0|0000000|0000000|000000000000|000000000|0|0000000|0000000|000000000000|000000000|1|0010010|000000000010|111111100011|0000111|1|0010010|000000000101|111111011100|0000011|1|0010010|000000001001|111111010111|1111011|0|0000000|000000000000|000000000000|0000000 0x8389CD86DF4FC9120024892E1F900400000000000000000000000000092002FE30F2400BFB80E48027F5FD8000000000
0x13 1|000|01001000010101|001111011110001011|0000101011|11110000110010|001000000000001001000000|1|0010011|0000100|111110111000|111111101|0|0000000|0000000|000000000000|000000000|0|0000000|0000000|000000000000|000000000|0|0000000|0000000|000000000000|000000000|1|0010011|000000000001|111111111111|0100000|1|0010011|000000000011|000000010000|1100110|0|0000000|000000000000|000000000000|0000000|0|0000000|000000000000|000000000000|0000000 0x84854F78B0AFC322002409309F71FD00000000000000000000000000093001FFF4126006021980000000000000000000
0x14 1|000|01001000010000|001111011110000111|0000100111|11110000110110|001000000000001001000000|1|0010100|0000100|111110110000|111111000|0|0000000|0000000|000000000000|000000000|0|0000000|0000000|000000000000|000000000|0|0000000|0000000|000000000000|000000000|1|0010100|000000000001|000000000010|0011101|1|0010100|000000000011|000000010110|1100011|0|0000000|000000000000|000000000000|0000000|0|0000000|000000000000|000000000000|0000000 0x84840F78709FC362002409409F61F8000000000000000000000000000940010023B2800602D8C0000000000000000000
BX = 011 Event : 4
0x00 1|000|00111010110110|000111101000101001|1111110011|11111000110011|001001001000000000000000|1|0000000|0001100|000000011000|111111110|1|0000000|1100010|000000101101|000000001|1|0000000|1100111|000001010000|000000001|0|0000000|0000000|000000000000|000000000|0|0000000|000000000000|000000000000|0000000|0|0000000|000000000000|000000000000|0000000|0|0000000|000000000000|000000000000|0000000|0|0000000|000000000000|000000000000|0000000 0x83AD87A29FCFE332480008018031FE80C405A0180CE0A001000000000000000000000000000000000000000000000000
0x01 1|000|00111011011000|000111101001000101|1111111000|11111000101101|001001001000000000000000|1|0000001|0001100|000001010000|000000011|1|0000001|1100010|000010001111|000000001|1|0000001|1100111|000011011001|000000010|0|0000000|0000000|000000000000|000000000|0|0000000|000000000000|000000000000|0000000|0|0000000|000000000000|000000000000|0000000|0|0000000|000000000000|000000000000|0000000|0|0000000|000000000000|000000000000|0000000 0x83B607A45FE3E2D24800081180A00381C411E0181CE1B202000000000000000000000000000000000000000000000000
0x02 1|000|00110100110000|001000011110100100|1110010011|11101001111111|000000000000001001001001|0|0000000|0000000|000000000000|000000000|0|0000000|0000000|000000000000|000000000|0|0000000|0000000|000000000000|000000000|0|0000000|0000000|000000000000|000000000|1|0000010|011000010010|000000001010|1111110|1|0000010|011100111001|000000010001|1111111|1|0000010|000000000000|000000100000|1111111|1|0000010|000000000011|000000110110|0001001 0x834C087A4E4FA7F0002490000000000000000000000000000000000008261200AFD04E72023FE08000083FC100181B09
0x03 1|000|00110100010100|001000011110000011|1110001100|11101010000100|000000000000001001001001|0|0000000|0000000|000000000000|000000000|0|0000000|0000000|000000000000|000000000|0|0000000|0000000|000000000000|000000000|0|0000000|0000000|000000000000|000000000|1|0000011|011000010010|000000001001|1111101|1|0000011|011100111001|000000001111|1111110|1|0000011|000000000000|000000011101|1111101|1|0000011|000000000011|000000110001|0000110 0x834508783E33A8400024900000000000000000000000000000000000083612009FB06E7201FFA0C000077EC180181886
0x04 1|000|01001001011110|001001000100111001|0001001010|00000101100001|001001001001000000000000|1|0000100|0001110|111110110000|000000011|1|0000100|1100010|111101000101|000000010|1|0000100|0011110|111010111000|000000011|1|0000100|0011101|111010011000|000000001|0|0000000|000000000000|000000000000|0000000|0|0000000|000000000000|000000000000|0000000|0|0000000|000000000000|000000000000|0000000|0|0000000|000000000000|000000000000|0000000 0x849789139128161249000841DF600384C5E8A02843DD7003843BD3001000000000000000000000000000000000000000
0x05 1|000|01001010101100|001001000110100001|0001001011|00000101100001|001001001001000000000000|1|0000101|0001110|111111110000|000000011|1|0000101|1100010|111111011010|000000010|1|0000101|0011110|111110111111|000000011|1|0000101|0011101|000000011101|000000001|0|0000000|000000000000|000000000000|0000000|0|0000000|000000000000|000000000000|0000000|0|0000000|000000000000|000000000000|0000000|0|0000000|000000000000|000000000000|0000000 0x84AB091A112C161249000851DFE00385C5FB402853DF7E03853A03A01000000000000000000000000000000000000000
0x06 1|000|01001100000000|001001110011100010|1110101010|11111111000011|001001001001000000000000|1|0000110|1100010|000000011000|000000000|1|0000110|0011111|111110011000|000000010|1|0000110|0011101|111101000111|111111111|1|0000110|0011110|111010100001|000000010|0|0000000|000000000000|000000000000|0000000|0|0000000|000000000000|000000000000|0000000|0|0000000|000000000000|000000000000|0000000|0|0000000|000000000000|000000000000|0000000 0x84C009CE2EABFC324900086C403000863FF3002863BE8FFF863DD4202000000000000000000000000000000000000000
0x07 1|000|00101110010101|001001111000001111|1110101100|00000010101110|001001001001000000000000|1|0000111|1011001|000000111000|000000000|1|0000111|0011000|000001100010|000000000|1|0000111|1100111|000001101011|111111111|1|0000111|0011001|000001101101|000000000|0|0000000|000000000000|000000000000|0000000|0|0000000|000000000000|000000000000|0000000|0|0000000|000000000000|000000000000|0000000|0|0000000|000000000000|000000000000|0000000 0x82E549E0FEB00AE24900087B20700087300C40087CE0D7FF87320DA00000000000000000000000000000000000000000
0x08 1|000|01001100100000|001111010000000001|0001100001|11111100111001|001001001001000000000000|1|0001000|1011000|000001010000|111111110|1|0001000|0011000|000001110100|000000000|1|0001000|1100011|000001111011|000000000|1|0001000|0011111|000001010001|000000001|0|0000000|000000000000|000000000000|0000000|0|0000000|000000000000|000000000000|0000000|0|0000000|000000000000|000000000000|0000000|0|0000000|000000000000|000000000000|0000000 0x84C80F401187F3924900088B00A1FE88300E80088C60F600883E0A201000000000000000000000000000000000000000
BX = 100 Event : 5
0x00 1|000|11101111100100|000010111011110011|0001100000|11111111000101|001001001001000000000000|1|0000000|1100011|000001011000|000000000|1|0000000|0011000|000010011111|000000001|1|0000000|0011010|000011101110|000000011|1|0000000|1100011|000101001000|000000000|0|0000000|000000000000|000000000000|0000000|0|0000000|000000000000|000000000000|0000000|0|0000000|000000000000|000000000000|0000000|0|0000000|000000000000|000000000000|0000000 0x8EF902EF3183FC524900080C60B000803013E0180341DC0380C629000000000000000000000000000000000000000000
0x01 1|000|11100010111101|000010111001001001|0001011111|11111111010011|001001001001000000000000|1|0000001|1100100|000000011000|111111111|1|0000001|0011000|000000101100|111111111|1|0000001|1100011|000001001010|000000001|1|0000001|0011001|000001111001|000000011|0|0000000|000000000000|000000000000|0000000|0|0000000|000000000000|000000000000|0000000|0|0000000|000000000000|000000000000|0000000|0|0000000|000000000000|000000000000|0000000 0x8E2F42E4917FFD324900081C8031FF8130059FF81C60940181320F203000000000000000000000000000000000000000
0x02 1|000|00011111011000|000100001100010001|1110000011|00011100110111|000000000000001001001001|0|0000000|0000000|000000000000|000000000|0|0000000|0000000|000000000000|000000000|0|0000000|0000000|000000000000|000000000|0|0000000|0000000|000000000000|000000000|1|0000010|010100110011|111111111101|0000001|1|0000010|010111101010|111111111011|0000000|1|0000010|011100110100|111111110100|0000010|1|0000010|000000000000|111111101001|0001111 0x81F604311E0C73700024900000000000000000000000000000000000082533FFD0304BD5FF60209CD3FD01410007F48F
0x03 1|000|01000111000111|000101010101011010|0001000000|11110111111001|001001001001000000000000|1|0000011|1110010|111111011000|111111111|1|0000011|1100100|111110000010|111111110|1|0000011|1100100|111011011101|000000010|1|0000011|1100011|111000110010|000000001|0|0000000|000000000000|000000000000|0000000|0|0000000|000000000000|000000000000|0000000|0|0000000|000000000000|000000000000|0000000|0|0000000|000000000000|000000000000|0000000 0x8471C555A103DF924900083E5FB1FF83C9F05FE83C9DBA0283C7C6401000000000000000000000000000000000000000
0x04 1|000|01001000110110|000101010111100010|0001001110|11110111101111|001001001001000000000000|1|0000100|1110010|000001010000|000000011|1|0000100|1100100|000001101001|111111111|1|0000100|1100100|000001001100|000000011|1|0000100|1100011|000001010001|000000010|0|0000000|000000000000|000000000000|0000000|0|0000000|000000000000|000000000000|0000000|0|0000000|000000000000|000000000000|0000000|0|0000000|000000000000|000000000000|0000000 0x848D855E213BDEF24900084E40A00384C80D3FF84C80980384C60A202000000000000000000000000000000000000000
0x05 1|000|01000111001110|000101010101100010|0001010100|11110111101001|001001000001000000000000|1|0000101|1110010|111111100000|000000110|1|0000101|1100100|111110010000|111111111|0|0000000|0000000|000000000000|000000000|1|0000101|1100011|111001010100|000000011|0|0000000|000000000000|000000000000|0000000|0|0000000|000000000000|000000000000|0000000|0|0000000|000000000000|000000000000|0000000|0|0000000|000000000000|000000000000|0000000 0x847385562153DE924100085E5FC00685C9F21FF00000000085C7CA803000000000000000000000000000000000000000
0x06 1|000|10110000010110|000011001100110010|0000011000|11111010100110|001000001001000000000000|1|0000110|0101010|000001101000|111111111|0|0000000|0000000|000000000000|000000000|1|0000110|0011110|000101100100|000000001|1|0000110|0011101|001000110001|111111101|0|0000000|000000000000|000000000000|0000000|0|0000000|000000000000|000000000000|0000000|0|0000000|000000000000|000000000000|0000000|0|0000000|000000000000|000000000000|0000000 0x8B0583332063EA620900086540D1FF000000000863C2C801863A463FD000000000000000000000000000000000000000
0x07 1|000|10101010000110|000011001110011000|0001011111|11111111000001|001001001001000000000000|1|0000111|0001011|111110011000|000000010|1|0000111|1100010|111101111110|000000010|1|0000111|0011010|111110100100|111111110|1|0000111|0011010|111110010001|000000001|0|0000000|000000000000|000000000000|0000000|0|0000000|000000000000|000000000000|0000000|0|0000000|000000000000|000000000000|0000000|0|0000000|000000000000|000000000000|0000000 0x8AA18339817FFC12490008717F300287C5EFC028735F49FE8735F2201000000000000000000000000000000000000000
0x08 1|000|10101111000011|000011001011010000|0000011011|11111010100100|001000001001000000000000|1|0001000|0101010|000000000000|000000000|0|0000000|0000000|000000000000|000000000|1|0001000|0011110|000000110011|000000010|1|0001000|0011101|000001111000|111111101|0|0000000|000000000000|000000000000|0000000|0|0000000|000000000000|000000000000|0000000|0|0000000|000000000000|000000000000|0000000|0|0000000|000000000000|000000000000|0000000 0x8AF0C32D006FEA4209000885400000000000000883C06602883A0F1FD000000000000000000000000000000000000000
0x09 1|000|01001111000110|000110011101101010|1111111101|00000010011011|001000001000000000000000|1|0001001|0000010|000010111000|111111111|0|0000000|0000000|000000000000|000000000|1|0001001|0011101|001001001110|000000010|0|0000000|0000000|000000000000|000000000|0|0000000|000000000000|000000000000|0000000|0|0000000|000000000000|000000000000|0000000|0|0000000|000000000000|000000000000|0000000|0|0000000|000000000000|000000000000|0000000 0x84F18676AFF409B2080008904171FF000000000893A49C02000000000000000000000000000000000000000000000000
0x0a 1|000|01000000011111|001000111100111001|0000000110|00010110011000|000000000000001001001001|0|0000000|0000000|000000000000|000000000|0|0000000|0000000|000000000000|000000000|0|0000000|0000000|000000000000|000000000|0|0000000|0000000|000000000000|000000000|1|0001010|011001010011|000000000010|0000001|1|0001010|011101101001|000000000100|0000001|1|0001010|000000000000|000000000101|1100110|1|0001010|000000000011|000000001011|0000100 0x8407C8F390185980002490000000000000000000000000000000000008A6530020314ED2008062800001734500180584
0x0b 1|000|00111111110111|001000111100000101|0000011101|00010110000110|000000000000001001001001|0|0000000|0000000|000000000000|000000000|0|0000000|0000000|000000000000|000000000|0|0000000|0000000|000000000000|000000000|0|0000000|0000000|000000000000|000000000|1|0001011|011001010011|000000000011|0000000|1|0001011|011101101001|000000000101|1111111|1|0001011|000000000000|000000000110|1100000|1|0001011|000000000011|000000001100|1111100 0x83FDC8F050745860002490000000000000000000000000000000000008B6530030116ED200BFE2C00001B0458018067C
0x0c 1|000|11000000011001|000111011000001001|1111101000|11110110010011|001001001000000000000000|1|0001100|0010001|000000001000|000000010|1|0001100|1100010|111111101010|000000011|1|0001100|0011110|111111011011|111111111|0|0000000|0000000|000000000000|000000000|0|0000000|000000000000|000000000000|0000000|0|0000000|000000000000|000000000000|0000000|0|0000000|000000000000|000000000000|0000000|0|0000000|000000000000|000000000000|0000000 0x8C0647609FA3D932480008C22010028CC5FD4038C3DFB7FF000000000000000000000000000000000000000000000000
0x0d 1|000|11000000001001|000111010111110011|1111101010|11110110010010|001001001000000000000000|1|0001101|0010001|111111111000|000000011|1|0001101|1100010|111111001110|000000011|1|0001101|0011110|111110100101|111111111|0|0000000|0000000|000000000000|000000000|0|0000000|000000000000|000000000000|0000000|0|0000000|000000000000|000000000000|0000000|0|0000000|000000000000|000000000000|0000000|0|0000000|000000000000|000000000000|0000000 0x8C02475F3FABD922480008D23FF0038DC5F9C038D3DF4BFF000000000000000000000000000000000000000000000000
0x0e 1|000|10110111011110|001000000000110101|1111101001|11111010111111|001001001001000000000000|1|0001110|0101011|000000100000|000000001|1|0001110|1100010|000001011101|000000010|1|0001110|1100111|000001011010|111111110|1|0001110|1101001|000001011001|111111110|0|0000000|000000000000|000000000000|0000000|0|0000000|000000000000|000000000000|0000000|0|0000000|000000000000|000000000000|0000000|0|0000000|000000000000|000000000000|0000000 0x8B7788035FA7EBF2490008E56040018EC40BA028ECE0B5FE8ED20B3FE000000000000000000000000000000000000000
0x0f 1|000|10110111010011|001000000000101011|1111101100|11111010111100|001001001001000000000000|1|0001111|0101011|000000010000|000000011|1|0001111|1100010|000000111101|000000010|1|0001111|1100111|000000101100|111111110|1|0001111|1101001|000000011011|111111111|0|0000000|000000000000|000000000000|0000000|0|0000000|000000000000|000000000000|0000000|0|0000000|000000000000|000000000000|0000000|0|0000000|000000000000|000000000000|0000000 0x8B74C802BFB3EBC2490008F56020038FC407A028FCE059FE8FD2037FF000000000000000000000000000000000000000
0x10 1|000|10110000000001|001000010010010011|1111111011|00010100011011|000000000000001000001001|0|0000000|0000000|000000000000|000000000|0|0000000|0000000|000000000000|000000000|0|0000000|0000000|000000000000|000000000|0|0000000|0000000|000000000000|000000000|1|0010000|011011000000|111111101001|1111011|0|0000000|000000000000|000000000000|0000000|1|0010000|000000000001|111111010111|1010110|1|0010000|000000000101|111110110001|0011100 0x8B0048493FEC51B000209000000000000000000000000000000000000906C0FE9F6000000000240007F5EB48002FD89C
0x11 1|000|00111010001101|001101110111001101|1111100010|11101001000000|000000000000001001001001|0|0000000|0000000|000000000000|000000000|0|0000000|0000000|000000000000|000000000|0|0000000|0000000|000000000000|000000000|0|0000000|0000000|000000000000|000000000|1|0010001|010111100001|111111111100|1111111|1|0010001|011100100011|000000000000|0000000|1|0010001|000000000000|000000000001|0001011|1|0010001|000000000010|000000000010|1011010 0x83A34DDCDF8BA40000249000000000000000000000000000000000000915E1FFCFF22E4600002440000045C88010015A
0x12 1|000|01011010100100|010000000111001111|0000111111|00001011111100|001001000000001001000000|1|0010010|1110101|000001010000|111111111|1|0010010|0011001|000010010110|000000001|0|0000000|0000000|000000000000|000000000|0|0000000|0000000|000000000000|000000000|1|0010010|000000000100|000000011111|0000000|1|0010010|000000001000|000000110101|0011010|0|0000000|000000000000|000000000000|0000000|0|0000000|000000000000|000000000000|0000000 0x85A9101CF0FC2FC24024092EA0A1FF923212C010000000000000000009200401F012401006A680000000000000000000
0x13 1|000|01011001111101|010000000110011111|0001000110|00001011110111|001001000000001001000000|1|0010011|1110101|000000101000|000000010|1|0010011|0011001|000000111011|000000010|0|0000000|0000000|000000000000|000000000|0|0000000|0000000|000000000000|000000000|1|0010011|000000000100|000000100000|1111010|1|0010011|000000001000|000000110111|0010000|0|0000000|000000000000|000000000000|0000000|0|0000000|000000000000|000000000000|0000000 0x859F5019F1182F724024093EA0500293320760200000000000000000093004020F52601006E400000000000000000000
