BX = 000 Event : 1
00 011001001100|1101110|10000101000101|001 0x64CDD0A29
01 011011001010|0100011|10001111110000|010 0x6CA471F82
02 011100110011|0010001|10111110011000|110 0x733237CC6
03 011101111011|1011100|10000111111101|001 0x77BB90FE9
04 011100011111|1011100|10010110010011|010 0x71FB92C9A
05 011110010000|1101110|10110101101010|110 0x790DD6B56
06 011110010100|1101110|10111111011001|101 0x794DD7ECD
07 011101110111|1101110|10011010011001|110 0x777DD34CE
08 011100101111|1101110|10011101111100|100 0x72FDD3BE4
09 011100100101|1101110|10111110111110|110 0x725DD7DF6
0a 100001010110|0100011|10001100111101|000 0x8564719E8
0b 100001010111|0100011|10001101010111|000 0x857471AB8
0c 100001001000|0100011|10001101001111|110 0x848471A7E
0d 100001001011|0010001|10001101000011|001 0x84B231A19
0e 100001001011|0010001|10001100111101|100 0x84B2319EC
0f 011111010011|0100011|10111111011011|110 0x7D3477EDE
BX = 001 Event : 2
00 011000010000|1101110|10000011010001|101 0x610DD068D
01 011010001101|1011100|10011101001100|001 0x68DB93A61
02 011010000001|1011100|10111100100001|000 0x681B97908
03 011001000000|1011100|10100101011010|010 0x640B94AD2
04 011000110011|1011100|10011101001001|000 0x633B93A48
05 011000100001|1011100|10011000100010|010 0x621B93112
06 011000100001|1011100|10011000010110|101 0x621B930B5
07 011000001100|1011100|10111001010100|000 0x60CB972A0
08 011000001001|1011100|10111101111100|001 0x609B97BE1
09 011100011101|0100011|10100101111110|011 0x71D474BF3
0a 011011001010|0100011|10011011101100|010 0x6CA473762
0b 011011000000|0100011|10011110001110|011 0x6C0473C73
0c 011010100010|0100011|10011110101110|001 0x6A2473D71
0d 011101111010|1101110|10111111001010|010 0x77ADD7E52
0e 011100100001|1101110|10101001001100|010 0x721DD5262
0f 100000011111|0010001|10100010100011|000 0x81F234518
BX = 010 Event : 3
00 011001000011|1101110|10010000101011|001 0x643DD2159
01 011000011110|1101110|10000000100000|101 0x61EDD0105
02 011001011110|1011100|10111100111011|001 0x65EB979D9
03 011000111110|1011100|10010000011100|010 0x63EB920E2
04 011000011101|1011100|10100100111010|001 0x61DB949D1
05 011101000000|0100011|10000110000000|000 0x740470C00
06 011100100110|0100011|10100011011100|100 0x7264746E4
07 011010111011|0100011|10001110110110|101 0x6BB471DB5
08 011101011101|1011100|10000101000110|011 0x75DB90A33
09 011110010111|1101110|10111100010011|110 0x797DD789E
0a 011101110110|1101110|10101100100111|110 0x776DD593E
0b 100001010101|0100011|10110001000010|000 0x855476210
0c 011111000000|0100011|10111010111111|000 0x7C04775F8
BX = 011 Event : 4
00 011001101000|1011100|10101010101011|101 0x668B9555D
01 011011011001|0010001|10111100011001|100 0x6D92378CC
02 011100110000|1011100|10011001111011|001 0x730B933D9
03 011101110010|1101110|10100110001011|010 0x772DD4C5A
04 011101101101|1101110|10100101111011|101 0x76DDD4BDD
05 011100111011|1101110|10011010001001|010 0x73BDD344A
06 100001001111|0010001|10101100100010|110 0x84F235916
07 011111000101|0100011|10111001000110|101 0x7C5477235
BX = 100 Event : 5
00 011000110011|1011100|10011100100110|100 0x633B93934
01 011000101100|1011100|10101001001100|010 0x62CB95262
02 011000101000|1011100|10100000010101|001 0x628B940A9
03 011100111101|0100011|10011000101101|111 0x73D47316F
04 011101001001|1011100|10011000110101|101 0x749B931AD
05 011101000100|1011100|10011000111011|100 0x744B931DC
06 011100011100|1011100|10011010010011|110 0x71CB9349E
07 011101000100|1101110|10101010001100|100 0x744DD5464
08 011100100111|1101110|10011001111000|110 0x727DD33C6
BX = 101 Event : 6
00 011000011101|1101110|10001010101110|101 0x61DDD1575
01 011010001011|1011100|10101010011100|001 0x68BB954E1
02 011010000110|1011100|10101011010111|101 0x686B956BD
03 011001111100|1011100|10101001111110|100 0x67CB953F4
04 011001000101|1011100|10010100111011|010 0x645B929DA
05 011100111010|0100011|10100011100010|001 0x73A474711
06 011100000011|0100011|10100011111001|010 0x7034747CA
07 011011101010|0100011|10100011110000|110 0x6EA474786
08 011011010000|0100011|10100000001111|110 0x6D047407E
09 011010100111|0100011|10001111000100|110 0x6A7471E26
0a 011011100000|0010001|10110100011101|110 0x6E02368EE
0b 011110011111|1101110|10110100000000|011 0x79FDD6803
0c 011101110010|1101110|10110101000011|010 0x772DD6A1A
0d 011101011000|1101110|10101110110010|110 0x758DD5D96
0e 011101001110|1101110|10101010001011|011 0x74EDD545B
0f 011101000101|1101110|10100101101111|001 0x745DD4B79
BX = 110 Event : 7
00 011001110010|1011100|10010110010001|000 0x672B92C88
01 011000001011|1011100|10010010001000|000 0x60BB92440
02 011100101110|0100011|10010010111111|101 0x72E4725FD
03 011100010000|0100011|10101010001101|100 0x71047546C
04 011011100011|0100011|10000010000011|111 0x6E347041F
05 011010101111|0100011|10100110110110|100 0x6AF474DB4
06 011100111000|0010001|10111100000000|010 0x738237802
07 011110101010|1011100|10010000101111|010 0x7AAB9217A
08 011110000001|1011100|10001011101100|011 0x781B91763
09 011101111100|1011100|10001011101101|011 0x77CB9176B
0a 011101100011|1011100|10000000011000|101 0x763B900C5
0b 011100101000|1101110|10111011011111|010 0x728DD76FA
0c 011100010100|1101110|10111011110010|100 0x714DD7794
0d 011111001100|0100011|10000110110100|001 0x7CC470DA1
0e 011111000010|0010001|10010001011111|010 0x7C22322FA
BX = 111 Event : 8
00 011000011011|1101110|10010000101101|101 0x61BDD216D
01 011000001101|1101110|10001010101110|101 0x60DDD1575
02 011001100100|1011100|10011111111011|010 0x664B93FDA
03 011001011111|1011100|10100000011101|100 0x65FB940EC
04 011001011010|1011100|10100000010111|101 0x65AB940BD
05 011001011011|1011100|10011100001000|010 0x65BB93842
06 011000011010|1011100|10010000110111|000 0x61AB921B8
07 011100010001|0100011|10100001000001|011 0x71147420B
08 011011110010|0010001|10111110110100|110 0x6F2237DA6
09 011101100111|1011100|10000110110010|001 0x767B90D91
0a 011110011111|1101110|10100101010000|101 0x79FDD4A85
0b 011110000101|1101110|10101100011010|101 0x785DD58D5
0c 100000011010|0100011|10111010110100|011 0x81A4775A3
0d 100000001011|0100011|10111100100101|110 0x80B47792E
BX = 000 Event : 9
00 011010000111|1011100|10100100000000|001 0x687B94801
01 011001010101|1011100|10111111100110|101 0x655B97F35
02 011000111001|1011100|10111000000000|101 0x639B97005
03 011000100011|1011100|10101111111101|010 0x623B95FEA
04 011000100110|1011100|10010110101110|010 0x626B92D72
05 011000011101|1011100|10101000010011|100 0x61DB9509C
06 010111111101|1011100|10111000100011|110 0x5FDB9711E
07 011011110011|0100011|10101100101110|100 0x6F3475974
08 011011110011|0010001|10111000011101|101 0x6F32370ED
09 011101010100|1011100|10011011001010|101 0x754B93655
0a 011101011110|1101110|10011011000100|101 0x75EDD3625
BX = 001 Event : 10
00 011001001010|1011100|10101001111111|001 0x64AB953F9
01 011000100111|1011100|10101101000101|001 0x627B95A29
02 011000100010|1011100|10100100011001|100 0x622B948CC
03 011000000101|1011100|10110000111010|100 0x605B961D4
04 011000000101|1011100|10010011110110|001 0x605B927B1
05 011100110011|0100011|10011010101010|010 0x733473552
06 011010111010|0100011|10000011011111|011 0x6BA4706FB
07 011100010111|1011100|10011001101010|001 0x717B93351
08 011100011101|1101110|10011001111101|001 0x71DDD33E9
09 011100001111|1101110|10111010111010|000 0x70FDD75D0
0a 011110111111|0010001|10011101010111|110 0x7BF233ABE
0b 011110111010|0010001|10011101100100|001 0x7BA233B21
0c 011110111010|0010001|10011101011101|100 0x7BA233AEC
0d 100001000111|0100011|10111101001101|100 0x847477A6C
0e 011111000100|0100011|10101111110111|010 0x7C4475FBA
BX = 010 Event : 11
00 011011001001|0100011|10010100000101|100 0x6C947282C
01 011010111101|0100011|10100100110000|010 0x6BD474982
02 011100101101|0010001|10110001010100|010 0x72D2362A2
03 100000010001|0010001|10010011110001|100 0x81123278C
BX = 011 Event : 12
00 011001100010|1101110|10001001010111|010 0x662DD12BA
01 010111111011|1101110|10000001001110|010 0x5FBDD0272
02 011010010110|1011100|10100000101100|100 0x696B94164
03 011001100000|1011100|10010011000101|001 0x660B92629
04 011000001110|1011100|10101110110111|000 0x60EB95DB8
05 010111111111|1011100|10101000100011|101 0x5FFB9511D
06 011100010111|0100011|10100011110010|000 0x717474790
07 011010110010|0100011|10100000010111|000 0x6B24740B8
08 011100001011|0010001|10111010100110|010 0x70B237532
09 011011110010|0010001|10111100000011|110 0x6F223781E
0a 011011110001|0010001|10101111100101|111 0x6F1235F2F
0b 011101011101|1011100|10001000001010|110 0x75DB91056
0c 011100011110|1101110|10111011001100|000 0x71EDD7660
0d 100001000111|0010001|10100100101111|101 0x84723497D
0e 100000011010|0010001|10100100111100|000 0x81A2349E0
0f 011111101101|0010001|10010111010011|100 0x7ED232E9C
10 011111100010|0010001|10011011101101|110 0x7E223376E
BX = 100 Event : 13
00 011010001111|1011100|10111010000010|101 0x68FB97415
01 011001101010|1011100|10010001110000|010 0x66AB92382
02 011001010111|1011100|10111000100101|101 0x657B9712D
03 011001011011|1011100|10010001110011|100 0x65BB9239C
04 011010111011|0010001|10111010101100|010 0x6BB237562
05 011010100010|0010001|10111000111001|110 0x6A22371CE
06 011101100010|1011100|10000001101101|010 0x762B9036A
07 011101100111|1101110|10101100000011|011 0x767DD581B
08 100001010001|0010001|10001011010000|010 0x851231682
09 100000011001|0100011|10111111101100|101 0x819477F65
BX = 101 Event : 14
00 011001101000|1011100|10101000101001|101 0x668B9514D
01 011001000001|1011100|10100100010001|010 0x641B9488A
02 011000111010|1011100|10010111110101|001 0x63AB92FA9
03 011100110010|0100011|10010100100111|010 0x73247293A
04 011100101000|0100011|10000011100100|110 0x728470726
05 011100001011|0100011|10101010110110|111 0x70B4755B7
06 011100001000|0010001|10101011010101|111 0x7082356AF
07 011011101000|0010001|10101101110001|100 0x6E8235B8C
08 011110011110|1011100|10000100110010|000 0x79EB90990
09 011101100111|1011100|10001010111100|010 0x767B915E2
0a 011101011001|1011100|10011011100011|001 0x759B93719
0b 011100100101|1011100|10010111001100|000 0x725B92E60
0c 011100001101|1011100|10000100101101|110 0x70DB9096E
0d 011111000001|0100011|10000101001011|010 0x7C1470A5A
0e 100001001000|0100011|10110111000100|001 0x848476E21
0f 011111000011|0100011|10110001110100|010 0x7C34763A2
BX = 110 Event : 15
00 011001110010|1011100|10111100000001|001 0x672B97809
01 011100000111|0100011|10001100110011|010 0x70747199A
02 011010110110|0100011|10010000111001|010 0x6B64721CA
03 011010110111|0100011|10101100000100|110 0x6B7475826
04 011011001000|0010001|10110001000101|101 0x6C823622D
05 011010101101|0010001|10101100011100|111 0x6AD2358E7
06 011101100111|1011100|10011000010111|110 0x767B930BE
07 011100101000|1011100|10010001000010|101 0x728B92215
08 100001000111|0010001|10101111111100|010 0x847235FE2
09 100001010001|0100011|10110000010100|010 0x8514760A2
0a 011111110011|0100011|10110111111010|011 0x7F3476FD3
BX = 111 Event : 16
00 011001011100|1101110|10010000011101|001 0x65CDD20E9
01 011000000101|1101110|10001101001000|101 0x605DD1A45
02 011001101001|1011100|10101110111111|100 0x669B95DFC
03 011000110011|1011100|10110100101111|100 0x633B9697C
04 011100010101|0100011|10011010110010|011 0x715473593
05 011100000001|0100011|10011001001110|001 0x701473271
06 011011101001|0010001|10111000010000|110 0x6E9237086
07 011101011000|1011100|10000001101001|001 0x758B90349
08 011111001010|0100011|10000010100010|010 0x7CA470512
BX = 000 Event : 17
00 011001101100|1011100|10111001110111|001 0x66CB973B9
01 011000000011|1011100|10111100010010|100 0x603B97894
02 011100010010|0100011|10001000000011|001 0x712471019
03 011100011111|0010001|10111110111100|010 0x71F237DE2
04 011111110110|0100011|10001010101011|010 0x7F647155A
05 100000110111|0010001|10011111011011|000 0x837233ED8
06 100000110100|0010001|10101000000010|001 0x834235011
07 011111110111|0010001|10011001101111|110 0x7F723337E
08 011111101101|0010001|10001010010101|010 0x7ED2314AA
BX = 001 Event : 18
00 011000110101|1101110|10010001110101|101 0x635DD23AD
01 011001100011|1011100|10101100011010|110 0x663B958D6
02 011001100000|1011100|10010010011100|010 0x660B924E2
03 011000101110|1011100|10010010000100|101 0x62EB92425
04 011011110000|0100011|10000110011101|000 0x6F0470CE8
05 011010110101|0100011|10010110011011|101 0x6B5472CDD
06 011100111000|1011100|10010100001000|100 0x738B92844
07 011100100001|1101110|10101101101001|110 0x721DD5B4E
08 011111000100|0010001|10011110111001|000 0x7C4233DC8
09 011111000001|0010001|10010010001110|011 0x7C1232473
0a 011111000111|0100011|10110100110001|101 0x7C747698D
BX = 010 Event : 19
00 011001101100|1101110|10001000010000|010 0x66CDD1082
01 011010010110|1011100|10100010110110|100 0x696B945B4
02 011001011111|1011100|10110001110101|001 0x65FB963A9
03 011100101000|0100011|10010110001101|100 0x728472C6C
04 011011110000|0100011|10100101010010|110 0x6F0474A96
05 011011001100|0100011|10100101010111|010 0x6CC474ABA
06 011010110010|0100011|10100010001011|100 0x6B247445C
07 011010101011|0100011|10011010011011|110 0x6AB4734DE
08 011011101101|0010001|10111011011100|100 0x6ED2376E4
09 011101001111|1011100|10001110101001|101 0x74FB91D4D
0a 011101010011|1101110|10110001010101|011 0x753DD62AB
0b 011111110011|0010001|10101000101100|001 0x7F3235161
0c 011111010011|0010001|10011100001001|011 0x7D323384B
BX = 011 Event : 20
00 011001001000|1011100|10011011100010|101 0x648B93715
01 011000110101|1011100|10111100000100|010 0x635B97822
02 011000010110|1011100|10001111010011|010 0x616B91E9A
03 011011011111|0100011|10101100000010|111 0x6DF475817
04 011100011001|0010001|10110000100100|110 0x719236126
05 011100111011|1011100|10001111111101|000 0x73BB91FE8
06 011110010010|1101110|10100001100010|110 0x792DD4316
07 011101110001|1101110|10110000100011|100 0x771DD611C
08 100000100000|0100011|10110110110011|101 0x820476D9D
BX = 100 Event : 21
00 011010010100|1011100|10011000101100|110 0x694B93166
01 011010001000|1011100|10011110011111|001 0x688B93CF9
02 011001011111|1011100|10100000111011|000 0x65FB941D8
03 011010100010|0100011|10011111001110|010 0x6A2473E72
04 011100011001|1011100|10011100101111|100 0x719B9397C
05 011101010011|1101110|10110011100101|100 0x753DD672C
06 100000101100|0010001|10001110001010|110 0x82C231C56
07 011111011111|0010001|10110010011000|101 0x7DF2364C5
08 011111001110|0010001|10011101011010|011 0x7CE233AD3
09 011111000110|0010001|10010001111100|001 0x7C62323E1
0a 011111100110|0100011|10110010001001|101 0x7E647644D
BX = 101 Event : 22
00 011001001010|1011100|10010110110000|110 0x64AB92D86
01 011100011101|0100011|10000110101100|101 0x71D470D65
02 011011001010|0100011|10101010100101|011 0x6CA47552B
03 011101100011|1011100|10001111101000|010 0x763B91F42
04 011110000010|1101110|10100100011001|010 0x782DD48CA
BX = 110 Event : 23
00 011100101100|0100011|10000110010110|011 0x72C470CB3
01 011011110010|0100011|10011001110100|110 0x6F24733A6
02 011011000000|0100011|10001111110111|011 0x6C0471FBB
03 011100010101|0010001|10111001100011|011 0x71523731B
04 011101100110|1101110|10011110001111|011 0x766DD3C7B
BX = 111 Event : 24
00 011000011100|1011100|10010111010100|010 0x61CB92EA2
01 011010111110|0010001|10110001100010|110 0x6BE236316
02 011110001111|1011100|10001000001101|110 0x78FB9106E
03 011110001010|1101110|10110011010000|100 0x78ADD6684
04 011101100100|1101110|10111001000111|100 0x764DD723C
05 100000000001|0010001|10110001110111|110 0x8012363BE
06 011111001101|0100011|10110011101010|110 0x7CD476756
BX = 000 Event : 25
00 011000000000|1101110|10001110010100|100 0x600DD1CA4
01 011000000000|1101110|10001110011111|101 0x600DD1CFD
02 011001111101|1011100|10111101111001|000 0x67DB97BC8
03 011000011001|1011100|10101111011100|100 0x619B95EE4
04 011000011001|1011100|10010011010010|001 0x619B92691
05 010111111010|1011100|10101101110011|001 0x5FAB95B99
06 011100100101|0100011|10001100000110|100 0x725471834
07 011010100111|0100011|10000001011001|111 0x6A74702CF
BX = 001 Event : 26
00 011000000001|1011100|10110111011010|001 0x601B96ED1
01 011011110010|0100011|10101010111111|000 0x6F24755F8
02 011011001110|0010001|10101111011001|110 0x6CE235ECE
03 011101001110|1011100|10000100011010|001 0x74EB908D1
04 100000110111|0010001|10101110111011|011 0x837235DDB
05 011111110010|0100011|10111101010011|000 0x7F2477A98
BX = 010 Event : 27
00 011000100110|1101110|10001000010001|010 0x626DD108A
01 011001001000|1011100|10010000011111|101 0x648B920FD
02 011100110110|1011100|10001100011101|101 0x736B918ED
03 011101110010|1101110|10110100010100|101 0x772DD68A5
04 011101000001|1101110|10111001111000|001 0x741DD73C1
05 100001000010|0100011|10111110111000|110 0x842477DC6
BX = 011 Event : 28
00 011001001101|1011100|10010000000010|110 0x64DB92016
01 011000011001|1011100|10111110011010|010 0x619B97CD2
02 011011000110|0100011|10001010000101|010 0x6C647142A
03 011010110110|0010001|10111101111111|010 0x6B6237BFA
04 011101111101|1011100|10010010110111|101 0x77DB925BD
05 011110000010|1101110|10111000010100|110 0x782DD70A6
06 100000111000|0100011|10111011000010|011 0x838477613
07 100000011111|0100011|10111100011111|001 0x81F4778F9
BX = 100 Event : 29
00 011000101000|1011100|10110000000100|100 0x628B96024
01 011000100010|1011100|10101010111100|100 0x622B955E4
02 011100010111|0100011|10001000000001|011 0x71747100B
03 011100001111|0100011|10011000100011|010 0x70F47311A
04 011011011000|0100011|10011000001001|000 0x6D8473048
05 011110010101|1011100|10001111101100|001 0x795B91F61
06 011101000000|1011100|10001110101010|110 0x740B91D56
07 011100011000|1011100|10010000001100|000 0x718B92060
08 011100010011|1011100|10010000000110|101 0x713B92035
09 011100111111|1101110|10101111001000|011 0x73FDD5E43
0a 100000110100|0100011|10000100111100|011 0x8344709E3
BX = 101 Event : 30
00 011000101111|1101110|10000110111110|000 0x62FDD0DF0
01 011010010101|1011100|10010110101011|010 0x695B92D5A
02 011001101101|1011100|10101101100011|100 0x66DB95B1C
03 011001100111|1011100|10011001010000|001 0x667B93281
04 011001010001|1011100|10110011111100|010 0x651B967E2
05 011011001001|0100011|10010011001111|011 0x6C947267B
06 011011001001|0100011|10000011000011|011 0x6C947061B
07 011100011110|1011100|10010011000011|001 0x71EB92619
08 011100011001|1011100|10010011001001|010 0x719B9264A
09 011110100000|1101110|10111010000111|110 0x7A0DD743E
0a 011101100100|1101110|10111001101101|000 0x764DD7368
0b 011111001010|0100011|10000000000110|100 0x7CA470034
0c 100000101110|0010001|10100001111111|100 0x82E2343FC
BX = 110 Event : 31
00 011001101011|1011100|10010000101001|000 0x66BB92148
01 011000011101|1011100|10010101001110|110 0x61DB92A76
02 011100000000|0100011|10010111100100|011 0x700472F23
03 011101010011|1011100|10000011101101|011 0x753B9076B
04 011100010111|1011100|10000100001011|010 0x717B9085A
05 011110010000|1101110|10101000000101|001 0x790DD5029
06 011101110111|1101110|10100111100110|101 0x777DD4F35
07 100000001010|0010001|10101111010101|110 0x80A235EAE
08 011111101010|0100011|10110101001101|000 0x7EA476A68
BX = 111 Event : 32
00 011010000111|1101110|10000000101111|100 0x687DD017C
01 011001010000|1011100|10110000101011|101 0x650B9615D
02 011000111110|1011100|10010001000101|100 0x63EB9222C
03 011011100101|0100011|10000111100000|110 0x6E5470F06
04 011010101110|0100011|10100100111000|000 0x6AE4749C0
05 011100101110|0010001|10101101111010|100 0x72E235BD4
06 011100010101|0010001|10111011001010|010 0x715237652
07 011101101010|1101110|10011111111100|010 0x76ADD3FE2
08 011101001010|1101110|10101000100010|011 0x74ADD5113
09 011100110010|1101110|10111010001010|010 0x732DD7452
0a 011111110010|0010001|10100101110000|101 0x7F2234B85
0b 011111011001|0010001|10100011010001|000 0x7D9234688
0c 011111110101|0100011|10110011010010|010 0x7F5476692
0d 011110111100|0100011|10110111001110|110 0x7BC476E76
BX = 000 Event : 33
00 011001011000|1011100|10111001111010|101 0x658B973D5
01 011011111000|0100011|10001011100000|101 0x6F8471705
02 011011110001|0100011|10101000101101|010 0x6F147516A
03 011100010001|0010001|10101100111100|000 0x7112359E0
04 011110011111|1011100|10000001111011|010 0x79FB903DA
05 011110010100|1101110|10110000000111|110 0x794DD603E
06 011111001001|0010001|10011010001101|101 0x7C923346D
07 011111001010|0010001|10110000110001|110 0x7CA23618E
BX = 001 Event : 34
00 011001110100|1101110|10000010100100|010 0x674DD0522
01 011001110000|1101110|10010000101011|010 0x670DD215A
02 011000010101|1101110|10001110111010|010 0x615DD1DD2
03 011001001011|1011100|10111110011101|010 0x64BB97CEA
04 011000001000|1011100|10001110101010|000 0x608B91D50
05 011100101011|0100011|10101100100111|000 0x72B475938
06 011100101111|0010001|10101100010000|100 0x72F235884
07 011100001011|0010001|10111010000011|000 0x70B237418
08 011011111100|0010001|10111110011001|011 0x6FC237CCB
09 011101010101|1011100|10010000111000|010 0x755B921C2
0a 011100111111|1101110|10101011100010|011 0x73FDD5713
0b 011100111111|1101110|10101100100111|101 0x73FDD593D
0c 100001000111|0010001|10100101101100|110 0x847234B66
0d 100000100001|0010001|10101011000110|000 0x821235630
BX = 010 Event : 35
00 011010011011|1101110|10001011110110|101 0x69BDD17B5
01 011001001111|1101110|10001011001011|101 0x64FDD165D
02 011000100101|1101110|10010000101010|100 0x625DD2154
03 011010011000|1011100|10110111000101|100 0x698B96E2C
04 011000111001|1011100|10110111111001|100 0x639B96FCC
05 011000110001|1011100|10101001110010|101 0x631B95395
06 011000101101|1011100|10100010101111|001 0x62DB94579
07 011000101001|1011100|10011100011010|110 0x629B938D6
08 011000100000|1011100|10010000111001|110 0x620B921CE
09 011000001010|1011100|10110001011001|000 0x60AB962C8
0a 011011101110|0100011|10100000010101|101 0x6EE4740AD
0b 011100010000|0010001|10111011001100|110 0x710237666
0c 011011011111|0010001|10110110101011|100 0x6DF236D5C
0d 011101110110|1101110|10101011010000|101 0x776DD5685
0e 100000101110|0010001|10010111111011|010 0x82E232FDA
0f 011111000101|0010001|10010111000111|001 0x7C5232E39
BX = 011 Event : 36
00 011010001110|1101110|10000110001100|101 0x68EDD0C65
01 011001111010|1101110|10000101010011|000 0x67ADD0A98
02 011001101010|1011100|10011101111000|001 0x66AB93BC1
03 011100101010|0100011|10000000100101|110 0x72A47012E
04 011100011010|0100011|10101001100010|001 0x71A475311
05 011011101001|0100011|10100001100000|100 0x6E9474304
06 011010110101|0100011|10011001011111|011 0x6B54732FB
07 011011111001|0010001|10110011100111|011 0x6F923673B
08 011011000010|0010001|10110011000001|011 0x6C223660B
09 011100100001|1011100|10001100100111|100 0x721B9193C
0a 011110010011|1101110|10011110111010|000 0x793DD3DD0
0b 100000111101|0010001|10011001110001|100 0x83D23338C
0c 100000101101|0010001|10100000101101|010 0x82D23416A
BX = 100 Event : 37
00 011001011011|1011100|10010010000000|010 0x65BB92402
01 011000011110|1011100|10110010010010|010 0x61EB96492
02 011100001111|0100011|10010100011001|000 0x70F4728C8
03 011011100010|0100011|10011000000101|010 0x6E247302A
04 011010100010|0100011|10011100000101|011 0x6A247382B
05 011011011110|0010001|10111001010111|010 0x6DE2372BA
06 011011000100|0010001|10110000000101|010 0x6C423602A
07 011101111001|1011100|10010100001101|101 0x779B9286D
08 100000011010|0010001|10001011001100|010 0x81A231662
09 011111011101|0010001|10101111001110|101 0x7DD235E75
0a 011111101000|0100011|10101111000010|101 0x7E8475E15
BX = 101 Event : 38
00 011001100101|1011100|10110100101001|010 0x665B9694A
01 011000101111|1011100|10010000110011|000 0x62FB92198
02 011100110011|0100011|10101010001010|010 0x733475452
03 011100000000|0100011|10010101101000|011 0x700472B43
04 011011110111|0010001|10111101110110|001 0x6F7237BB1
05 011010111100|0010001|10101100011101|010 0x6BC2358EA
06 011101111100|1101110|10110011101101|010 0x77CDD676A
07 011101110001|1101110|10011101001000|010 0x771DD3A42
08 100000110010|0010001|10011101011010|011 0x832233AD3
09 011111101100|0010001|10100000000100|001 0x7EC234021
0a 011111001111|0010001|10100110010100|110 0x7CF234CA6
BX = 110 Event : 39
00 011010001010|1101110|10001001100011|001 0x68ADD1319
01 011000101001|1101110|10000010101101|000 0x629DD0568
02 011000100100|1101110|10000010110001|100 0x624DD058C
03 011000111100|1011100|10100011000111|010 0x63CB9463A
04 011100000000|0010001|10110000001111|110 0x70023607E
05 011010110101|0010001|10111110100110|001 0x6B5237D31
06 100001010011|0010001|10101011010100|010 0x8532356A2
BX = 111 Event : 40
00 011000110001|1011100|10100101010010|100 0x631B94A94
01 011100010110|0100011|10000001000101|001 0x716470229
02 011011110110|0100011|10000011010101|111 0x6F64706AF
03 011011110001|0100011|10010110110110|101 0x6F1472DB5
04 011011011010|0100011|10001011011011|001 0x6DA4716D9
05 011011001001|0100011|10010111011101|000 0x6C9472EE8
06 011100010111|0010001|10110101101001|110 0x717236B4E
07 011011000000|0010001|10111101000111|011 0x6C0237A3B
08 011101100010|1101110|10110000010110|100 0x762DD60B4
09 100001001010|0100011|10110011010100|101 0x84A4766A5
BX = 000 Event : 41
00 011000101000|1011100|10100001011101|100 0x628B942EC
01 011101100110|1011100|10010110000010|110 0x766B92C16
02 100000010001|0010001|10010101001111|001 0x811232A79
BX = 001 Event : 42
00 011010000010|1101110|10000000001010|010 0x682DD0052
01 011000011000|1101110|10001100011110|010 0x618DD18F2
02 011000001110|1101110|10001100101110|000 0x60EDD1970
03 011001111000|1011100|10100100000000|000 0x678B94800
04 011001000010|1011100|10010010010101|101 0x642B924AD
05 011000000110|1011100|10110101001011|010 0x606B96A5A
06 011100001011|0100011|10000001011100|011 0x70B4702E3
07 011011100101|0100011|10001001001000|110 0x6E5471246
08 011111010010|0100011|10110011010010|110 0x7D2476696
09 011111001101|0100011|10110011000111|000 0x7CD476638
BX = 010 Event : 43
00 011000001000|1101110|10001000101111|001 0x608DD1179
01 011010001100|1011100|10100101011111|001 0x68CB94AF9
02 011000100111|1011100|10010101010000|100 0x627B92A84
03 011000100000|1011100|10011011000010|000 0x620B93610
04 011100111010|0100011|10100010101100|100 0x73A474564
05 011100000110|0100011|10011101010010|100 0x706473A94
06 011010100110|0010001|10111111101110|110 0x6A6237F76
07 011101111000|1101110|10100011111111|101 0x778DD47FD
08 011101011101|1101110|10110000100011|110 0x75DDD611E
09 011100110111|1101110|10100011011101|100 0x737DD46EC
0a 011100100011|1101110|10100011011001|101 0x723DD46CD
0b 011111000101|0100011|10101111010101|000 0x7C5475EA8
BX = 011 Event : 44
00 011010010010|1101110|10000011001100|010 0x692DD0662
01 011001101010|1011100|10011111001100|000 0x66AB93E60
02 011100110011|0100011|10011100000001|010 0x73347380A
03 011011010011|0100011|10101000000010|001 0x6D3475011
04 011100101011|0010001|10110101101111|001 0x72B236B79
05 011011111111|0010001|10110010111111|100 0x6FF2365FC
06 011101010100|1011100|10000000111001|110 0x754B901CE
07 011100100001|1011100|10000000111011|001 0x721B901D9
08 011100011000|1011100|10011011000001|010 0x718B9360A
09 011100011100|1101110|10011011010001|001 0x71CDD3689
0a 011111001010|0010001|10001010011100|000 0x7CA2314E0
BX = 100 Event : 45
00 011000111111|1011100|10010111100111|010 0x63FB92F3A
01 011000001110|1011100|10101001010110|010 0x60EB952B2
02 011011010001|0010001|10000001000010|110 0x6D1230216
03 011100010100|0100011|10000100101001|111 0x71447094F
04 011011010001|0100011|10000111010000|001 0x6D1470E81
05 011010111000|0100011|10101110001011|101 0x6B8475C5D
06 011010110011|0100011|10101101110010|101 0x6B3475B95
07 011011111100|0010001|10101110101110|010 0x6FC235D72
08 011010110000|0010001|10101110011111|101 0x6B0235CFD
09 011110000110|1011100|10000001101010|110 0x786B90356
0a 011110000001|1101110|10011010010000|100 0x781DD3484
0b 011111010000|0010001|10101001001000|110 0x7D0235246
BX = 101 Event : 46
00 011000011001|1101110|10000000110100|010 0x619DD01A2
01 011000001011|1101110|10000010100011|101 0x60BDD051D
02 011010010010|1011100|10110110010000|101 0x692B96C85
03 011001111000|1011100|10010100001100|001 0x678B92861
04 011001010110|1011100|10011111000111|010 0x656B93E3A
05 011000110110|1011100|10101010110100|101 0x636B955A5
06 011100001110|0010001|10110011001011|100 0x70E23665C
07 011100010000|0010001|10101101111001|010 0x710235BCA
08 011101111111|1101110|10011110100111|000 0x77FDD3D38
09 011101000001|1101110|10100001101000|101 0x741DD4345
0a 011111111011|0100011|10110000111101|101 0x7FB4761ED
BX = 110 Event : 47
00 011000000010|1011100|10110111100100|100 0x602B96F24
01 011100101110|0100011|10010010000011|101 0x72E47241D
02 011011010000|0100011|10100000110101|010 0x6D04741AA
03 011100110100|0010001|10101100011000|001 0x7342358C1
04 011011111101|0010001|10110110001001|010 0x6FD236C4A
05 011010111111|0010001|10111111101101|110 0x6BF237F6E
06 011100001111|1011100|10010010110000|100 0x70FB92584
07 011100111011|1101110|10011001010011|000 0x73BDD3298
08 011100100110|1101110|10101100000001|001 0x726DD5809
09 100000100000|0100011|10001101101010|010 0x820471B52
0a 011111011110|0010001|10100011110100|011 0x7DE2347A3
0b 011111010011|0010001|10100001101000|101 0x7D3234345
0c 011111001010|0010001|10100011101000|110 0x7CA234746
0d 011111001111|0100011|10111100100110|110 0x7CF477936
BX = 111 Event : 48
00 010111111101|1101110|10000111010000|101 0x5FDDD0E85
01 011001011101|1011100|10111010101011|100 0x65DB9755C
02 011001001110|1011100|10111010111110|010 0x64EB975F2
03 011011010000|0100011|10011111111111|010 0x6D0473FFA
04 011011011111|0010001|10110110101110|101 0x6DF236D75
05 011011011000|0010001|10111110100111|001 0x6D8237D39
06 100000000011|0100011|10110100100111|110 0x80347693E
07 011111000101|0100011|10111101101001|010 0x7C5477B4A
BX = 000 Event : 49
00 011000110010|1101110|10000001011111|101 0x632DD02FD
01 011000010001|1101110|10000110010001|010 0x611DD0C8A
02 011001110011|1011100|10100010001011|010 0x673B9445A
03 011000010100|1011100|10110000000110|010 0x614B96032
04 011100001111|0100011|10100111101001|001 0x70F474F49
05 011100000101|0100011|10010110111001|101 0x705472DCD
06 011011111011|0100011|10010111011001|101 0x6FB472ECD
07 011011000100|0100011|10010100110001|011 0x6C447298B
08 011010111111|0100011|10010100110100|010 0x6BF4729A2
09 011110101001|1011100|10001111101110|001 0x7A9B91F71
0a 011100111110|1011100|10010110111000|000 0x73EB92DC0
0b 011110011011|1101110|10111001011100|010 0x79BDD72E2
0c 011110001000|1101110|10011111110011|010 0x788DD3F9A
0d 011110000001|1101110|10110110110000|100 0x781DD6D84
0e 011101111001|1101110|10100000010101|010 0x779DD40AA
0f 011111011010|0100011|10110110101101|000 0x7DA476D68
BX = 001 Event : 50
00 011000101100|1101110|10001010100100|010 0x62CDD1522
01 011010011100|1011100|10010010110000|010 0x69CB92582
02 011010000111|1011100|10111111000010|101 0x687B97E15
03 011001100100|1011100|10110010110011|100 0x664B9659C
04 011000011000|1011100|10101101101110|101 0x618B95B75
05 011100101101|0100011|10000100100110|111 0x72D470937
06 011100101001|0100011|10010001111110|011 0x7294723F3
07 011100011010|0100011|10010001111111|010 0x71A4723FA
08 011010110101|0100011|10010100011010|011 0x6B54728D3
09 011101000000|1011100|10001111011000|000 0x740B91EC0
0a 100001010110|0010001|10100001001001|011 0x85623424B
0b 011111000100|0100011|10110001001111|010 0x7C447627A
BX = 010 Event : 51
00 011010001100|1011100|10100000111001|100 0x68CB941CC
01 011001111101|1011100|10110001101011|001 0x67DB96359
02 011001111000|1011100|10110001101101|001 0x678B96369
03 011000111011|1011100|10100100101100|010 0x63BB94962
04 011000000001|1011100|10011100101000|000 0x601B93940
05 011100110011|0100011|10000010110010|010 0x733470592
06 011100110011|0100011|10000010111110|101 0x7334705F5
07 011100100100|0100011|10011100101001|011 0x72447394B
08 011100100100|0100011|10101001111100|000 0x7244753E0
09 011100011101|0100011|10000101111011|101 0x71D470BDD
0a 011011110100|0100011|10000111101100|101 0x6F4470F65
0b 011010110110|0100011|10011011010000|110 0x6B6473686
0c 011010101101|0100011|10100010100111|110 0x6AD47453E
0d 011011010010|0010001|10110001001011|011 0x6D223625B
0e 011011001101|0010001|10110001000010|001 0x6CD236211
0f 011100010111|1011100|10000011101111|101 0x717B9077D
10 011110011010|1101110|10110100001011|100 0x79ADD685C
11 011101001001|1101110|10110000010010|000 0x749DD6090
12 011100010010|1101110|10011011100011|010 0x712DD371A
13 100000011110|0010001|10011100011100|110 0x81E2338E6
14 011111000110|0010001|10101010010001|101 0x7C623548D
BX = 011 Event : 52
00 010111111110|1101110|10001000110001|100 0x5FEDD118C
01 011001111111|1011100|10110111111100|000 0x67FB96FE0
02 011011000101|0100011|10101001111100|110 0x6C54753E6
03 011011100001|0010001|10110001001000|010 0x6E1236242
04 011011001100|0010001|10110100000110|010 0x6CC236832
05 011011010001|0010001|10101010100100|111 0x6D1235527
06 011100011111|1011100|10010110010001|101 0x71FB92C8D
07 011101000111|1101110|10111011101010|000 0x747DD7750
08 011101000011|1101110|10111110100100|110 0x743DD7D26
09 100000100100|0010001|10001010101100|101 0x824231565
0a 011111110001|0010001|10011011010110|101 0x7F12336B5
0b 011111001111|0100011|10111001110000|011 0x7CF477383
BX = 100 Event : 53
00 011001111001|1011100|10011100100100|000 0x679B93920
01 011011110001|0100011|10010011011001|101 0x6F14726CD
02 011011100010|0100011|10101001000001|000 0x6E2475208
03 011011100011|0010001|10111010010001|011 0x6E323748B
04 011100101011|1101110|10101111111000|000 0x72BDD5FC0
05 011111111011|0010001|10011010110110|000 0x7FB2335B0
BX = 101 Event : 54
00 011001000110|1011100|10100011111010|000 0x646B947D0
01 010111111101|1011100|10011001100000|001 0x5FDB93301
02 011011011111|0100011|10100001010110|011 0x6DF4742B3
03 011010110100|0100011|10000101111001|101 0x6B4470BCD
04 011011011110|0010001|10111100000111|101 0x6DE23783D
05 011011011000|0010001|10111111111001|100 0x6D8237FCC
06 011100101100|1011100|10011010101000|001 0x72CB93541
07 011100110110|1101110|10011010101111|000 0x736DD3578
08 100000110010|0010001|10011011100111|101 0x83223373D
09 011111110010|0010001|10010101110011|001 0x7F2232B99
BX = 110 Event : 55
00 011010010110|1011100|10101111000110|101 0x696B95E35
01 011001011001|1011100|10111101001001|110 0x659B97A4E
02 011100111101|0100011|10001111110111|000 0x73D471FB8
03 011100111000|0100011|10001111010010|011 0x738471E93
04 011100001011|0100011|10001110100011|110 0x70B471D1E
05 011011100011|0100011|10001101011001|001 0x6E3471AC9
06 011011001101|0100011|10000110101011|010 0x6CD470D5A
07 011100111001|0010001|10111000111101|010 0x7392371EA
08 011110011110|1011100|10001000000001|100 0x79EB9100C
09 011100011101|1011100|10001101111101|011 0x71DB91BEB
0a 011100110001|1101110|10100100100001|101 0x731DD490D
0b 100001000110|0100011|10001010100100|110 0x846471526
0c 011110111101|0100011|10000111011001|100 0x7BD470ECC
0d 100000100000|0010001|10010011111010|001 0x8202327D1
0e 011111000111|0010001|10101011001011|100 0x7C723565C
BX = 111 Event : 56
00 011000111010|1101110|10010001101001|110 0x63ADD234E
01 011001110111|1011100|10010110011101|100 0x677B92CEC
02 011000110011|1011100|10010010000100|110 0x633B92426
03 011000100001|1011100|10010110111100|010 0x621B92DE2
04 011100111000|0100011|10011010010101|001 0x7384734A9
05 011100110011|0100011|10011011100000|000 0x733473700
06 011100000100|0100011|10100101001111|011 0x704474A7B
07 011011001001|0100011|10010101011110|110 0x6C9472AF6
08 011100011010|0010001|10111110101010|001 0x71A237D51
09 011011011010|0010001|10110110000011|011 0x6DA236C1B
0a 011010101001|0010001|10110100101011|101 0x6A923695D
0b 011110000111|1011100|10010000101111|010 0x787B9217A
0c 011101010110|1011100|10010100101100|011 0x756B92963
0d 011101010110|1011100|10010100100000|100 0x756B92904
0e 011100110001|1011100|10001110010110|110 0x731B91CB6
0f 011100010011|1011100|10011011010010|001 0x713B93691
10 011101011011|1101110|10011111010100|101 0x75BDD3EA5
11 011100011100|1101110|10011011010100|000 0x71CDD36A0
12 011100010110|1101110|10011110001110|010 0x716DD3C72
13 011100010001|1101110|10111110011100|100 0x711DD7CE4
BX = 000 Event : 57
00 011000000100|1011100|10100101110101|100 0x604B94BAC
01 011100110011|0100011|10010011011100|110 0x7334726E6
02 011100101110|0100011|10000010110001|101 0x72E47058D
03 011100010000|0100011|10011100001001|000 0x710473848
04 011011011001|0100011|10010010001110|011 0x6D9472473
05 011010111110|0100011|10100110110110|100 0x6BE474DB4
06 011010101101|0100011|10101011111111|101 0x6AD4757FD
07 011011001000|0010001|10110010101000|010 0x6C8236542
08 011100010010|1011100|10000011100000|101 0x712B90705
09 011100010000|1011100|10010101000000|110 0x710B92A06
0a 011101101100|1101110|10011101001000|001 0x76CDD3A41
0b 011101000111|1101110|10111011111000|011 0x747DD77C3
0c 011100111101|1101110|10011111011101|011 0x73DDD3EEB
0d 011100100100|1101110|10011111100010|110 0x724DD3F16
0e 100001010001|0100011|10001011100010|100 0x851471714
0f 011111001111|0100011|10001101101111|010 0x7CF471B7A
10 100000110010|0010001|10101111010000|110 0x832235E86
11 011111011000|0010001|10011111011100|101 0x7D8233EE5
BX = 001 Event : 58
00 011010000010|1101110|10000000011000|001 0x682DD00C1
01 011000010111|1101110|10010010000111|101 0x617DD243D
02 011000000001|1101110|10001111100000|001 0x601DD1F01
03 011010000001|1011100|10101001000010|101 0x681B95215
04 011000010000|1011100|10010010011101|101 0x610B924ED
05 011100001011|0010001|10111010110010|011 0x70B237593
06 011011001101|0010001|10110001110101|001 0x6CD2363A9
07 011101101100|1011100|10000101110101|010 0x76CB90BAA
08 011101011101|1101110|10101100011101|101 0x75DDD58ED
09 011101001111|1101110|10011010010001|101 0x74FDD348D
0a 011100110010|1101110|10100011011111|110 0x732DD46FE
BX = 010 Event : 59
00 011010111100|0010001|10000000101010|111 0x6BC230157
01 011100100101|0100011|10000001001010|000 0x725470250
02 011011110010|0100011|10010001010000|010 0x6F2472282
03 011011110011|0100011|10011111001101|101 0x6F3473E6D
04 011110100001|1011100|10010011010001|010 0x7A1B9268A
05 100000101000|0010001|10011100011111|011 0x8282338FB
BX = 011 Event : 60
00 011001011011|1101110|10000011101111|001 0x65BDD0779
01 011001001100|1101110|10000010100110|000 0x64CDD0530
02 011000000001|1101110|10001111011000|110 0x601DD1EC6
03 011011111100|0010001|10111011011101|101 0x6FC2376ED
04 011101100011|1011100|10001100111001|010 0x763B919CA
05 011100100111|1101110|10100110110110|101 0x727DD4DB5
06 011100100011|1101110|10100001100110|010 0x723DD4332
07 011111101111|0100011|10000110011101|000 0x7EF470CE8
08 011111011010|0100011|10001110001010|000 0x7DA471C50
09 100000111101|0010001|10100001100011|100 0x83D23431C
0a 100000111101|0010001|10110000010100|010 0x83D2360A2
0b 100000110101|0010001|10010001101110|011 0x835232373
0c 100000101101|0010001|10100000111000|101 0x82D2341C5
0d 100000000000|0010001|10100000100111|100 0x80023413C
0e 100001000111|0100011|10110000100011|001 0x847476119
0f 100000011001|0100011|10110001100101|011 0x81947632B
BX = 100 Event : 61
00 011000111001|1011100|10111000101101|000 0x639B97168
01 011000101100|1011100|10101100110010|001 0x62CB95991
02 011000010100|1011100|10011110111010|010 0x614B93DD2
03 011101001010|1011100|10001100011001|110 0x74AB918CE
04 011100111010|1101110|10101100100110|010 0x73ADD5932
05 100000100000|0100011|10000101010101|011 0x820470AAB
06 011111010100|0010001|10110001101010|101 0x7D4236355
BX = 101 Event : 62
00 011001011111|1101110|10001101101100|001 0x65FDD1B61
01 011000011110|1101110|10001100110010|110 0x61EDD1996
02 011000111000|1011100|10010010010001|010 0x638B9248A
03 011000101000|1011100|10110010100000|010 0x628B96502
04 011100110111|0100011|10100111010000|010 0x737474E82
05 011100101010|0100011|10001100001110|000 0x72A471870
06 011011110110|0100011|10101000000101|101 0x6F647502D
07 011011101110|0100011|10100000111100|000 0x6EE4741E0
08 011011100100|0100011|10100001001001|110 0x6E447424E
09 011011001100|0100011|10100011001010|100 0x6CC474654
0a 011010100110|0100011|10011000111111|111 0x6A64731FF
0b 011100000111|0010001|10101100100010|001 0x707235911
0c 011101011010|1011100|10010011001111|110 0x75AB9267E
0d 011101110011|1101110|10100011000000|011 0x773DD4603
0e 011100011101|1101110|10100110101001|001 0x71DDD4D49
0f 100000000011|0010001|10101100000110|101 0x803235835
10 011111111001|0100011|10110101111000|001 0x7F9476BC1
BX = 110 Event : 63
00 011010001010|1101110|10001001100011|100 0x68ADD131C
01 011000110011|1101110|10000101010011|000 0x633DD0A98
02 011000011101|1011100|10101010110010|100 0x61DB95594
03 011011001001|0100011|10010100000101|100 0x6C947282C
04 100000101001|0100011|10101111100101|101 0x829475F2D
BX = 111 Event : 64
00 011001111000|1101110|10001101000011|010 0x678DD1A1A
01 011001101111|1101110|10000011011100|010 0x66FDD06E2
02 011000110001|1011100|10111101111110|110 0x631B97BF6
03 011000000000|1011100|10110011001100|101 0x600B96665
04 011100101001|0100011|10000010111101|000 0x7294705E8
05 011010110010|0100011|10100000100100|101 0x6B2474125
06 011010101000|0100011|10100000111000|001 0x6A84741C1
07 011100111000|0010001|10111101110111|011 0x738237BBB
08 011011000000|0010001|10111100110111|110 0x6C02379BE
09 011101110110|1011100|10011000101110|110 0x776B93176
0a 011101011010|1011100|10011100101000|101 0x75AB93945
0b 011101100010|1101110|10011100011111|101 0x762DD38FD
0c 011100101101|1101110|10100011000101|001 0x72DDD4629
0d 011100101001|1101110|10111101000110|011 0x729DD7A33
BX = 000 Event : 65
00 011001101111|1011100|10010010000010|001 0x66FB92411
01 011100011001|0100011|10010011111110|100 0x7194727F4
02 011100010100|0100011|10010101000111|011 0x714472A3B
03 011100001010|0100011|10010100011001|000 0x70A4728C8
04 011100101001|0010001|10101101101111|001 0x729235B79
05 011100011100|1101110|10110001001011|101 0x71CDD625D
06 011100010111|1101110|10101101011000|001 0x717DD5AC1
07 011111100010|0100011|10110001101001|010 0x7E247634A
BX = 001 Event : 66
00 011010001011|1011100|10101010010000|100 0x68BB95484
01 010111111111|1011100|10101000110010|010 0x5FFB95192
02 011011100011|0100011|10011011100100|110 0x6E3473726
03 011100010010|0010001|10110100110001|111 0x71223698F
04 011011001110|0010001|10111110110111|001 0x6CE237DB9
05 011110011001|1011100|10000011001001|001 0x799B90649
06 011101010011|1011100|10000100000001|110 0x753B9080E
07 011101001110|1011100|10001000100100|000 0x74EB91120
08 011101000111|1011100|10010011111011|010 0x747B927DA
09 100001010010|0100011|10000010010010|010 0x852470492
0a 100000011111|0010001|10100001111001|101 0x81F2343CD
BX = 010 Event : 67
00 011010010001|1011100|10100010010100|101 0x691B944A5
01 011001000111|1011100|10011101100010|101 0x647B93B15
02 011000110000|1011100|10011000001101|001 0x630B93069
03 011100001011|0100011|10000010010011|001 0x70B470499
04 011011100001|0100011|10100110100001|101 0x6E1474D0D
05 011011010011|0100011|10101000111011|100 0x6D34751DC
06 011010101101|0100011|10100001000110|101 0x6AD474235
07 011110001011|1101110|10110100011011|010 0x78BDD68DA
08 011110000110|1101110|10110100011100|010 0x786DD68E2
09 011110000010|1101110|10100100100010|001 0x782DD4911
0a 100000000000|0100011|10001011011011|001 0x8004716D9
BX = 011 Event : 68
00 011000000110|1101110|10000010101011|101 0x606DD055D
01 011000001101|1011100|10010111111011|101 0x60DB92FDD
02 011100000100|0100011|10100110000011|110 0x704474C1E
03 011101000001|1101110|10111001100000|101 0x741DD7305
04 100000011111|0100011|10111110111011|101 0x81F477DDD
05 011111001101|0100011|10110011101011|010 0x7CD47675A
BX = 100 Event : 69
00 011001010110|1101110|10000010001111|100 0x656DD047C
01 011000110010|1101110|10000000101110|000 0x632DD0170
02 011000101101|1101110|10000000110101|101 0x62DDD01AD
03 011000101001|1101110|10010000000010|101 0x629DD2015
04 011001100011|1011100|10111100000111|001 0x663B97839
05 011000101111|1011100|10010000101100|001 0x62FB92161
06 011000100011|1011100|10110010101100|101 0x623B96565
07 011000011110|1011100|10111111011010|100 0x61EB97ED4
08 011000000110|1011100|10110111000101|001 0x606B96E29
09 011100110100|0100011|10001010001101|101 0x73447146D
0a 011100101111|0100011|10101011001001|001 0x72F475649
0b 011100000111|0100011|10101011100001|100 0x70747570C
0c 011101011101|1011100|10001010111101|000 0x75DB915E8
0d 011110010100|1101110|10101100101100|110 0x794DD5966
0e 011101101101|1101110|10110110101100|000 0x76DDD6D60
0f 011101000000|1101110|10101000100110|001 0x740DD5131
10 100000001011|0100011|10000010011011|010 0x80B4704DA
11 011111001110|0010001|10011010101111|100 0x7CE23357C
BX = 101 Event : 70
00 011010010111|1101110|10001110100111|110 0x697DD1D3E
01 011011110010|0100011|10001111011101|101 0x6F2471EED
02 011011000010|0100011|10101101101111|000 0x6C2475B78
03 011010100111|0100011|10001101011111|110 0x6A7471AFE
04 011010111011|0010001|10101101101000|000 0x6BB235B40
05 011101100010|1011100|10001001111001|110 0x762B913CE
06 011101011101|1011100|10001001111010|110 0x75DB913D6
07 011101011011|1011100|10010100111110|011 0x75BB929F3
08 011111111100|0100011|10000010000011|010 0x7FC47041A
09 100000110011|0100011|10111101011011|001 0x833477AD9
0a 100000011000|0100011|10110010100010|100 0x818476514
BX = 110 Event : 71
00 011100111011|0100011|10000111010101|110 0x73B470EAE
01 011100101000|0100011|10010110001101|011 0x728472C6B
02 011100001100|0100011|10001001111011|001 0x70C4713D9
03 011100000111|0100011|10001001111101|100 0x7074713EC
04 011011111011|0100011|10010111100111|101 0x6FB472F3D
05 011100110001|0010001|10110010000111|001 0x731236439
06 011011101101|0010001|10111011011100|100 0x6ED2376E4
07 011110001111|1011100|10001001101001|000 0x78FB91348
08 011110000101|1011100|10001010010011|001 0x785B91499
09 011100100000|1011100|10010111101000|100 0x720B92F44
0a 011100100110|1101110|10110001100101|010 0x726DD632A
0b 011100010100|1101110|10010111110000|001 0x714DD2F81
0c 100000001001|0010001|10001111011100|110 0x809231EE6
BX = 111 Event : 72
00 011001101001|1011100|10010011011011|100 0x669B926DC
01 011001000000|1011100|10010110000011|100 0x640B92C1C
02 011000101100|1011100|10100111011111|000 0x62CB94EF8
03 011000011101|1011100|10100111011010|100 0x61DB94ED4
04 011100100100|0100011|10010001001101|111 0x72447226F
05 011100011111|0100011|10010010101010|010 0x71F472552
06 011010111110|0100011|10000101111000|011 0x6BE470BC3
07 011110100000|1101110|10100011100010|010 0x7A0DD4712
08 011100011010|1101110|10111100111110|101 0x71ADD79F5
BX = 000 Event : 73
00 011010001100|1101110|10000000111010|101 0x68CDD01D5
01 011001111101|1101110|10001101000010|001 0x67DDD1A11
02 011000101110|1101110|10000100001001|101 0x62EDD084D
03 011001010001|1011100|10110101010100|010 0x651B96AA2
04 011011111011|0100011|10010111100111|000 0x6FB472F38
05 011011111011|0100011|10010111101101|101 0x6FB472F6D
06 011011110110|0100011|10010111101000|000 0x6F6472F40
07 011011000010|0100011|10100011111010|010 0x6C24747D2
08 011011101011|0010001|10110011000010|010 0x6EB236612
09 011101111101|1011100|10011011101110|010 0x77DB93772
0a 011101101101|1011100|10011010010011|010 0x76DB9349A
0b 011101011110|1011100|10011010011100|011 0x75EB934E3
0c 011110000101|1101110|10011100000000|010 0x785DD3802
0d 100000010101|0010001|10011001100101|101 0x81523332D
0e 011111111100|0010001|10100011110001|001 0x7FC234789
0f 011110111100|0010001|10101001001010|010 0x7BC235252
BX = 001 Event : 74
00 011001011111|1011100|10100100011110|010 0x65FB948F2
01 011000001110|1011100|10100101110000|010 0x60EB94B82
02 011100101111|0100011|10011111011001|100 0x72F473ECC
03 011100101111|0100011|10011111101010|001 0x72F473F51
04 011100100101|0100011|10001101001100|000 0x725471A60
05 011100010000|0100011|10011100011110|110 0x7104738F6
06 011110010101|1011100|10000001011111|001 0x795B902F9
07 011100110101|1011100|10000101010010|011 0x735B90A93
08 011100110001|1011100|10001100110110|000 0x731B919B0
09 011101010010|1101110|10011101111010|110 0x752DD3BD6
0a 011100010101|1101110|10011111100000|100 0x715DD3F04
BX = 010 Event : 75
00 011000100010|1101110|10001011011000|101 0x622DD16C5
01 011001111101|1011100|10101110111011|100 0x67DB95DDC
02 011001010000|1011100|10110000101110|101 0x650B96175
03 011000110101|1011100|10010111001011|001 0x635B92E59
04 011100011010|0100011|10000010001010|011 0x71A470453
05 011100010111|0100011|10100100011010|011 0x7174748D3
06 011010111110|0100011|10100110101010|100 0x6BE474D54
07 011100100010|0010001|10110001100011|111 0x72223631F
08 011100110110|1011100|10001101101100|110 0x736B91B66
09 011110000000|1101110|10101111111011|101 0x780DD5FDD
0a 011100011000|1101110|10100100101000|011 0x718DD4943
0b 011100010111|1101110|10110010010101|110 0x717DD64AE
0c 011111110100|0100011|10000110100001|000 0x7F4470D08
0d 100000010000|0100011|10111110110000|011 0x810477D83
BX = 011 Event : 76
00 011010000111|1011100|10110001001101|000 0x687B96268
01 011001010110|1011100|10110110000010|001 0x656B96C11
02 011001010101|1011100|10110000011001|010 0x655B960CA
03 011001010000|1011100|10110000101011|001 0x650B96159
04 011100100111|0100011|10100110100110|101 0x727474D35
05 011011100100|0100011|10001010100011|011 0x6E447151B
06 011011000111|0100011|10100100001110|100 0x6C7474874
07 011011001001|0100011|10101000010110|001 0x6C94750B1
08 011010110111|0100011|10001001111001|010 0x6B74713CA
09 011010111000|0010001|10110011011111|011 0x6B82366FB
0a 100000000001|0100011|10001101101010|001 0x801471B51
0b 011111111101|0010001|10010011110011|010 0x7FD23279A
0c 011111111011|0010001|10001101100010|001 0x7FB231B11
0d 011111011111|0010001|10010100100100|001 0x7DF232921
0e 100000100000|0100011|10110111110000|110 0x820476F86
BX = 100 Event : 77
00 011010011001|1011100|10011000100100|100 0x699B93124
01 011001101000|1011100|10111101011001|000 0x668B97AC8
02 011011111011|0100011|10010111000101|101 0x6FB472E2D
03 011010111111|0100011|10011000110111|011 0x6BF4731BB
04 011101000111|1101110|10111011111110|000 0x747DD77F0
05 011101000010|1101110|10111100000001|000 0x742DD7808
06 011100110011|1101110|10111100001001|100 0x733DD784C
07 100001001010|0100011|10001001101000|001 0x84A471341
08 100001000100|0100011|10000101111000|100 0x844470BC4
09 100000111111|0100011|10000101111010|100 0x83F470BD4
0a 011111110111|0010001|10110001100111|001 0x7F7236339
0b 100000111000|0100011|10111010110000|000 0x838477580
BX = 101 Event : 78
00 011100011110|0100011|10010111010101|110 0x71E472EAE
01 011011111011|0100011|10010100011000|010 0x6FB4728C2
02 011010101111|0100011|10100111010011|001 0x6AF474E99
03 011110000010|1011100|10010000101011|100 0x782B9215C
BX = 110 Event : 79
00 011001000100|1101110|10001000101010|101 0x644DD1155
01 011001100011|1011100|10101010101100|010 0x663B95562
02 011001001011|1011100|10100011011001|001 0x64BB946C9
03 010111111100|1011100|10011100100010|010 0x5FCB93912
04 011100111010|1011100|10000011001100|010 0x73AB90662
05 011100100010|1011100|10011011101101|101 0x722B9376D
06 011111100110|0100011|10001001011110|011 0x7E64712F3
07 011111011110|0100011|10000001000111|001 0x7DE470239
BX = 111 Event : 80
00 011000011101|1101110|10001011001110|000 0x61DDD1670
01 011011101001|0100011|10100010000010|110 0x6E9474416
02 011010100110|0100011|10010001110010|111 0x6A6472397
03 011101011101|1011100|10000101001000|011 0x75DB90A43
04 011101000110|1011100|10010000110100|000 0x746B921A0
05 011111100001|0100011|10001000111101|101 0x7E14711ED
06 100000001000|0010001|10101011111001|101 0x8082357CD
07 011111011101|0010001|10011101101110|010 0x7DD233B72
BX = 000 Event : 81
00 011010010000|1011100|10010110100100|110 0x690B92D26
01 011000011010|1011100|10011110101010|100 0x61AB93D54
02 011100101110|0100011|10010010000100|101 0x72E472425
03 011100100100|0100011|10010001111010|001 0x7244723D1
04 011010101011|0100011|10010101000111|110 0x6AB472A3E
05 011100010100|1011100|10010010111101|100 0x714B925EC
06 100000110100|0100011|10000011000000|010 0x834470602
BX = 001 Event : 82
00 011001111001|1011100|10010010100010|010 0x679B92512
BX = 010 Event : 83
00 011001000000|1011100|10010101011010|010 0x640B92AD2
01 010111111111|1011100|10101010111110|000 0x5FFB955F0
02 011100111110|0100011|10101010110010|101 0x73E475595
03 011011001010|0100011|10001100111000|101 0x6CA4719C5
04 011011110010|0010001|10101110011010|110 0x6F2235CD6
05 011101011000|1101110|10101100110001|101 0x758DD598D
06 011100100110|1101110|10101011011010|101 0x726DD56D5
07 100000111001|0010001|10010101101001|101 0x839232B4D
08 100000001011|0100011|10111010000101|010 0x80B47742A
BX = 011 Event : 84
00 011001110011|1011100|10111101100101|101 0x673B97B2D
01 010111111111|1011100|10100100110110|101 0x5FFB949B5
02 011011110010|0100011|10011101010100|100 0x6F2473AA4
03 011011110010|0100011|10011101101101|011 0x6F2473B6B
04 011100110101|1011100|10000111101011|000 0x735B90F58
05 011100100110|1011100|10000111000001|101 0x726B90E0D
06 011110100100|1101110|10100111100010|010 0x7A4DD4F12
07 100000011000|0100011|10001000001001|100 0x81847104C
08 100000100011|0010001|10001101000101|100 0x823231A2C
09 011111101100|0010001|10011111010011|000 0x7EC233E98
0a 011111100111|0010001|10011111010011|000 0x7E7233E98
BX = 100 Event : 85
00 011001011010|1101110|10001100100010|100 0x65ADD1914
01 011000011111|1101110|10001110100110|010 0x61FDD1D32
02 011000110111|1011100|10100011110010|101 0x637B94795
03 011000011001|1011100|10110001111011|000 0x619B963D8
04 011011111000|0100011|10100000010110|010 0x6F84740B2
05 011011011000|0100011|10010011101011|000 0x6D8472758
06 011101110110|1011100|10000101010101|001 0x776B90AA9
07 011101010011|1011100|10011001101100|010 0x753B93362
08 011111100011|0100011|10000010011000|110 0x7E34704C6
09 011111000000|0100011|10001101000100|101 0x7C0471A25
0a 100000011001|0010001|10011101111100|101 0x819233BE5
BX = 101 Event : 86
00 011001000010|1101110|10001111001000|100 0x642DD1E44
01 011000110111|1011100|10101111101101|100 0x637B95F6C
02 011011000000|0100011|10011010111110|101 0x6C04735F5
03 011010111010|0100011|10000011101100|001 0x6BA470761
04 011110011111|1101110|10110111101001|100 0x79FDD6F4C
05 011110001001|1101110|10111110111101|001 0x789DD7DE9
06 011101010111|1101110|10111110111100|000 0x757DD7DE0
07 011100011010|1101110|10100000010011|110 0x71ADD409E
08 011111110111|0010001|10010111010111|101 0x7F7232EBD
BX = 110 Event : 87
00 011001101001|1011100|10100011011101|101 0x669B946ED
01 011000110111|1011100|10010011110000|001 0x637B92781
02 011110010001|1101110|10111010101100|100 0x791DD7564
03 011101010100|1101110|10101000010110|010 0x754DD50B2
04 011100111110|1101110|10111110000110|110 0x73EDD7C36
05 100001000100|0010001|10101010111100|100 0x8442355E4
06 011111010101|0100011|10110110100000|110 0x7D5476D06
BX = 111 Event : 88
00 011010010111|1011100|10011111111001|110 0x697B93FCE
01 011000111011|1011100|10100100111010|101 0x63BB949D5
02 011000111010|1011100|10111011011010|100 0x63AB976D4
03 011000100011|1011100|10011111010010|010 0x623B93E92
04 011000000000|1011100|10110000010100|010 0x600B960A2
05 011100101011|0100011|10001001111010|001 0x72B4713D1
06 011011000000|0100011|10011010011000|110 0x6C04734C6
07 011100011110|0010001|10110000011000|000 0x71E2360C0
08 011100011000|0010001|10110001100110|010 0x718236332
09 011100000100|0010001|10110001001000|101 0x704236245
0a 011100001101|1011100|10001001001111|001 0x70DB91279
0b 011110101000|1101110|10101111011001|000 0x7A8DD5EC8
0c 011110000000|1101110|10101111011101|100 0x780DD5EEC
0d 011100100001|1101110|10110010101100|100 0x721DD6564
0e 011111100111|0010001|10001011111100|101 0x7E72317E5
BX = 000 Event : 89
00 011001000011|1101110|10010000101011|001 0x643DD2159
01 011001011110|1011100|10111100111011|110 0x65EB979DE
02 011001000101|1011100|10101011101010|101 0x645B95755
03 011000111110|1011100|10010000011100|010 0x63EB920E2
04 011010110111|0100011|10100010110101|110 0x6B74745AE
05 011011111001|0010001|10110100111111|100 0x6F92369FC
06 011101110011|1011100|10010010010000|101 0x773B92485
07 011100101111|1101110|10111110100000|110 0x72FDD7D06
08 011111101101|0010001|10100011111111|110 0x7ED2347FE
09 011110111111|0010001|10011111001010|000 0x7BF233E50
0a 100000101001|0100011|10111100000111|010 0x82947783A
0b 011111110111|0100011|10111101001001|001 0x7F7477A49
BX = 001 Event : 90
00 011000101100|1011100|10101000000010|001 0x62CB95011
01 011000101001|1011100|10110110010010|010 0x629B96C92
02 011000100101|1011100|10011001111000|101 0x625B933C5
03 011000001011|1011100|10011011100110|110 0x60BB93736
04 010111111101|1011100|10011001100111|001 0x5FDB93339
05 011100101011|0100011|10001001010110|010 0x72B4712B2
06 011100001000|0100011|10001001010011|101 0x70847129D
07 011100101101|1011100|10010001101010|001 0x72DB92351
08 011110011001|1101110|10101100111010|100 0x799DD59D4
09 100000000110|0010001|10110001110100|101 0x8062363A5
0a 011111111101|0010001|10110010000101|010 0x7FD23642A
0b 100001000111|0100011|10111100001100|010 0x847477862
0c 100000101110|0100011|10111010000011|011 0x82E47741B
BX = 010 Event : 91
00 011000111000|1011100|10110100111110|110 0x638B969F6
01 011011001010|0100011|10001111100011|100 0x6CA471F1C
02 011011000101|0100011|10000010000110|110 0x6C5470436
03 011010101100|0100011|10000001101111|100 0x6AC47037C
04 011011110110|0010001|10110000100001|110 0x6F623610E
05 011011010111|0010001|10110010101010|001 0x6D7236551
06 011110100101|1011100|10010000101011|100 0x7A5B9215C
07 011110010101|1101110|10100110001100|000 0x795DD4C60
08 011110000111|1101110|10100100011110|110 0x787DD48F6
09 011110000001|1101110|10100101010000|100 0x781DD4A84
0a 011100011100|1101110|10110001100001|100 0x71CDD630C
BX = 011 Event : 92
00 011010010111|1011100|10011111111000|110 0x697B93FC6
01 011000111011|1011100|10100100111010|101 0x63BB949D5
02 011000111010|1011100|10111011011010|100 0x63AB976D4
03 011000000000|1011100|10110000010100|010 0x600B960A2
04 011100101011|0100011|10001001111010|001 0x72B4713D1
05 011011000000|0100011|10011010011000|110 0x6C04734C6
06 011100011110|0010001|10110000011000|000 0x71E2360C0
07 011100011000|0010001|10110001100110|010 0x718236332
08 011100000100|0010001|10110001001000|101 0x704236245
09 011100001101|1011100|10001001001111|001 0x70DB91279
0a 011110101000|1101110|10101111011001|000 0x7A8DD5EC8
0b 011110100100|1101110|10100101101011|100 0x7A4DD4B5C
0c 011110000110|1101110|10100101001001|001 0x786DD4A49
0d 011110000000|1101110|10101111011101|100 0x780DD5EEC
0e 011100100001|1101110|10110010101100|100 0x721DD6564
0f 011111100111|0010001|10001011111100|101 0x7E72317E5
BX = 100 Event : 93
00 011001010010|1101110|10010001001111|000 0x652DD2278
01 011000001010|1101110|10001101111101|010 0x60ADD1BEA
02 011000011100|1011100|10010111111011|000 0x61CB92FD8
03 011100001101|0100011|10100010011110|101 0x70D4744F5
04 011011001110|0100011|10011001100010|110 0x6CE473316
05 011100010000|0010001|10111100000011|010 0x71023781A
06 011011001000|0010001|10110001101110|011 0x6C8236373
07 011110001010|1011100|10001000000010|010 0x78AB91012
08 011101111010|1011100|10010111010100|010 0x77AB92EA2
09 011110000000|1101110|10111111111100|010 0x780DD7FE2
0a 011100100111|1101110|10111000011110|000 0x727DD70F0
0b 100001010110|0010001|10011010011011|011 0x8562334DB
0c 100001001011|0010001|10001101001101|100 0x84B231A6C
0d 100001000110|0010001|10001101001010|100 0x846231A54
0e 100000001111|0100011|10111111001101|101 0x80F477E6D
0f 011111000100|0100011|10111111000000|010 0x7C4477E02
BX = 101 Event : 94
00 011000000101|1101110|10001110000101|000 0x605DD1C28
01 011000101100|1011100|10101000000010|001 0x62CB95011
02 011000101001|1011100|10110110010010|010 0x629B96C92
03 011000100101|1011100|10011001111000|101 0x625B933C5
04 011000001011|1011100|10011011100110|110 0x60BB93736
05 010111111101|1011100|10011001100111|001 0x5FDB93339
06 011100101011|0100011|10001001010110|010 0x72B4712B2
07 011100001000|0100011|10001001010011|101 0x70847129D
08 011100101101|1011100|10010001101010|001 0x72DB92351
09 011110011001|1101110|10101100111010|100 0x799DD59D4
0a 100000000110|0010001|10110001110100|101 0x8062363A5
0b 011111111101|0010001|10110010000101|010 0x7FD23642A
0c 100001000111|0100011|10111100001100|010 0x847477862
BX = 110 Event : 95
00 011010010011|1101110|10001111101001|110 0x693DD1F4E
01 011010000111|1011100|10110001001101|000 0x687B96268
02 011001010101|1011100|10110000011001|010 0x655B960CA
03 011001010000|1011100|10110000101011|001 0x650B96159
04 011100100111|0100011|10100110100110|101 0x727474D35
05 011011100100|0100011|10001010100011|011 0x6E447151B
06 011011000111|0100011|10100100001110|100 0x6C7474874
07 011011001001|0100011|10101000010110|001 0x6C94750B1
08 011010110111|0100011|10001001111001|010 0x6B74713CA
09 011010100111|0100011|10001110110100|110 0x6A7471DA6
0a 011011111010|0010001|10110010111110|101 0x6FA2365F5
0b 011010111000|0010001|10110011011111|011 0x6B82366FB
0c 011101011001|1101110|10100111110001|001 0x759DD4F89
0d 011100100110|1101110|10101101101011|100 0x726DD5B5C
0e 100000000001|0100011|10001101101010|001 0x801471B51
0f 011111111011|0010001|10001101100010|001 0x7FB231B11
10 100000100000|0100011|10110111110000|110 0x820476F86
BX = 111 Event : 96
00 011010000110|1101110|10001010101001|100 0x686DD154C
01 011000001001|1011100|10101100000010|001 0x609B95811
02 011010101100|0010001|10111100001100|101 0x6AC237865
03 011111100111|0100011|10110001011000|110 0x7E74762C6
BX = 000 Event : 97
00 011100111101|0100011|10011101001101|101 0x73D473A6D
01 011100011110|0100011|10010111010101|110 0x71E472EAE
02 011100011001|0100011|10010110100110|000 0x719472D30
03 011011111011|0100011|10010100011000|010 0x6FB4728C2
04 011010111100|0100011|10001011001001|001 0x6BC471649
05 011010101111|0100011|10100111010011|001 0x6AF474E99
06 011110000010|1011100|10010000101011|100 0x782B9215C
07 011101100010|1011100|10000111101101|110 0x762B90F6E
08 011100101111|1011100|10010110110101|101 0x72FB92DAD
09 011101001000|1101110|10011101100101|100 0x748DD3B2C
0a 011111101110|0100011|10110111010111|101 0x7EE476EBD
BX = 001 Event : 98
00 011011110001|0100011|10010110011101|100 0x6F1472CEC
01 011011001001|0100011|10000010110110|010 0x6C94705B2
02 011100111101|0010001|10111110101011|001 0x73D237D59
03 011110000110|1011100|10011010100100|001 0x786B93521
04 011110000001|1011100|10011010100110|001 0x781B93531
05 011100101111|1101110|10111110010100|001 0x72FDD7CA1
06 100000100111|0100011|10001000010111|100 0x8274710BC
07 100000001101|0100011|10000111011111|110 0x80D470EFE
08 011111101011|0100011|10110010111110|011 0x7EB4765F3
09 011111100110|0100011|10110010000111|101 0x7E647643D
BX = 010 Event : 99
00 011011111100|0100011|10011111000101|101 0x6FC473E2D
01 011010101011|0100011|10011000111010|010 0x6AB4731D2
02 011010100110|0100011|10010001110010|111 0x6A6472397
03 011101011101|1011100|10000101001000|011 0x75DB90A43
04 011101000100|1101110|10110011011111|001 0x744DD66F9
05 011100111111|1101110|10110011100000|001 0x73FDD6701
06 011111100001|0100011|10001000111101|101 0x7E14711ED
07 100000001000|0010001|10101011111001|101 0x8082357CD
08 011111011101|0010001|10011101101110|010 0x7DD233B72
09 011111001010|0010001|10011001100001|110 0x7CA23330E
BX = 011 Event : 100
00 011010110110|0100011|10001111001011|011 0x6B6471E5B
01 011100110111|1011100|10011100110000|000 0x737B93980
02 011100011100|1011100|10001001111011|011 0x71CB913DB
03 100001000010|0010001|10110000010101|010 0x8422360AA
04 100000100111|0100011|10110010011010|000 0x8274764D0
