BX = 000 Event : 1
00 0000001|0100110|01110100101111|0110|0011 0x0299D2F63
01 0000000|0100110|01100010000101|1111|1001 0x0099885F9
02 0000000|0100110|01101110111101|0011|0010 0x0099BBD32
03 0000000|0100110|01110011011101|0101|1010 0x0099CDD5A
04 0000001|0010000|01111110111000|1110|1001 0x0241FB8E9
05 0000001|0010000|01111110101101|1101|0011 0x0241FADD3
06 0000000|0010000|01111000111100|1011|0011 0x0041E3CB3
07 0000010|1110001|01000100011100|0000|1011 0x05C511C0B
08 0000010|1011011|01011110001110|0000|0001 0x056D78E01
09 0000101|0100110|01000011101111|0110|1001 0x0A990EF69
0a 0000101|0010000|01011000000110|0011|0000 0x0A4160630
0b 0000101|0100110|01101000111100|1111|1000 0x0A99A3CF8
0c 0000101|0100110|01101101010100|0001|1010 0x0A99B541A
0d 0000100|0100110|01101011010111|0000|1000 0x0899AD708
0e 0000100|0100110|01110101011111|0101|0001 0x0899D5F51
0f 0000110|1110001|01010101001100|0100|1000 0x0DC554C48
10 0000111|1011011|01011111010111|1101|1011 0x0F6D7D7DB
11 0000110|1011011|01101010101011|0011|1011 0x0D6DAAB3B
12 0000110|1110001|01110011010001|1011|0010 0x0DC5CD1B2
13 0001001|0100110|01110010101001|0010|1010 0x1299CA92A
BX = 001 Event : 2
00 0000000|0010000|01001101101110|0010|0010 0x004136E22
01 0000001|0100110|01100001101110|1110|0001 0x029986EE1
02 0000001|0100110|01100101010000|0000|1001 0x029995009
03 0000000|0100110|01010110110000|1010|0010 0x00995B0A2
04 0000101|0010000|01011110100111|0111|0011 0x0A417A773
05 0000101|0010000|01010000110011|0000|0011 0x0A4143303
06 0000100|0010000|01010001011010|0000|0000 0x084145A00
07 0000101|0100110|01011110100001|1001|0010 0x0A997A192
08 0000101|0010000|01111101000011|1100|1010 0x0A41F43CA
09 0001001|0010000|01010110000001|1110|1010 0x1241581EA
0a 0001001|0010000|01010001000001|1010|1000 0x1241441A8
0b 0001000|0100110|01101100010011|1111|1001 0x1099B13F9
BX = 010 Event : 3
00 0000001|0010000|01001011100101|0001|1010 0x02412E51A
01 0000000|0010000|01001010011010|0001|0011 0x004129A13
02 0000011|1011011|01011011110101|1111|0001 0x076D6F5F1
03 0000100|0010000|01011101000000|0110|0010 0x084174062
04 0000100|0010000|01011000001100|0011|1010 0x084160C3A
05 0000110|1011011|01000001101111|0111|0000 0x0D6D06F70
06 0000111|1110001|01000110100010|1100|1010 0x0FC51A2CA
07 0000110|1110001|01000001011011|1001|0001 0x0DC505B91
08 0000110|1011011|01011011001011|1010|0011 0x0D6D6CBA3
09 0001001|0100110|01000000011100|1101|0000 0x129901CD0
0a 0001001|0010000|01011110011111|0011|1010 0x124179F3A
0b 0001000|0100110|01110110111001|0101|0010 0x1099DB952
BX = 011 Event : 4
00 0000000|0010000|01010101011010|0101|0001 0x004155A51
01 0000000|0010000|01010100100011|0101|0010 0x004152352
02 0000000|0010000|01001000101110|0000|1010 0x004122E0A
03 0000001|0100110|01011110011011|1101|0011 0x029979BD3
04 0000000|0100110|01010100100001|1001|1010 0x00995219A
05 0000000|0100110|01010100101110|1001|0011 0x009952E93
06 0000000|0100110|01011110101111|1101|0001 0x00997AFD1
07 0000000|0100110|01100011111010|1111|1000 0x00998FAF8
08 0000000|0100110|01100100011010|0000|1010 0x009991A0A
09 0000000|0100110|01100100100110|0000|0010 0x009992602
0a 0000011|1110001|01000110110110|0010|1010 0x07C51B62A
0b 0000010|1011011|01011110101001|0000|0011 0x056D7A903
0c 0000011|1110001|01101110100010|1001|1011 0x07C5BA29B
0d 0000011|1110001|01110111100100|1110|0100 0x07C5DE4E4
0e 0000100|0010000|01110111011011|1001|0010 0x0841DDB92
0f 0000111|1011011|01100110110111|0001|1010 0x0F6D9B71A
10 0000110|1011011|01011111001100|1101|1000 0x0D6D7CCD8
11 0000111|1110001|01110000100000|1001|0100 0x0FC5C2094
12 0000110|1110001|01111110000000|0001|1001 0x0DC5F8019
BX = 100 Event : 5
00 0000010|1011011|01011000111100|1110|0010 0x056D63CE2
01 0000011|1110001|01111111000100|0010|0000 0x07C5FC420
02 0000100|0010000|01010101101101|0001|1010 0x084156D1A
03 0000101|0100110|01110011111010|0101|1010 0x0A99CFA5A
04 0000100|0100110|01100110011111|1110|0001 0x089999FE1
05 0000100|0010000|01111010010010|1011|0010 0x0841E92B2
06 0000110|1011011|01000000111000|0111|0001 0x0D6D03871
07 0000111|1110001|01110100001111|1011|0011 0x0FC5D0FB3
08 0000110|1110001|01111011101000|0000|0001 0x0DC5EE801
09 0001001|0100110|01110110011011|0101|0000 0x1299D9B50
0a 0001000|0100110|01110010011000|0010|1001 0x1099C9829
BX = 101 Event : 6
00 0000001|0100110|01011101000000|1100|1010 0x0299740CA
01 0000000|0100110|01101000100011|0000|0001 0x0099A2301
02 0000010|1110001|01000000111010|0000|0100 0x05C503A04
03 0000100|0100110|01000111011010|0111|0010 0x08991DA72
04 0000100|0010000|01001001110110|1100|1010 0x0841276CA
05 0000100|0010000|01000111100010|1010|0001 0x08411E2A1
06 0000101|0100110|01100010100001|1011|0001 0x0A998A1B1
07 0000101|0100110|01101100010110|0000|0011 0x0A99B1603
08 0000111|1011011|01011000111000|1001|1001 0x0F6D63899
09 0001001|0010000|01100010101000|0110|0011 0x12418A863
BX = 110 Event : 7
00 0000000|0010000|01001010110001|0001|1000 0x00412B118
01 0000000|0010000|01000110010101|0000|1001 0x004119509
02 0000000|0010000|01000000111010|1101|0010 0x004103AD2
03 0000101|0100110|01110111010000|0111|1010 0x0A99DD07A
04 0000100|0100110|01101001001111|1111|0010 0x0899A4FF2
05 0000100|0100110|01101001101010|0000|0011 0x0899A6A03
06 0000111|1110001|01011000011011|0111|0000 0x0FC561B70
07 0000111|1110001|01011000110011|0111|1000 0x0FC563378
08 0000111|1011011|01101000000000|0010|0100 0x0F6DA0024
09 0000110|1011011|01011000011101|1001|0000 0x0D6D61D90
0a 0001000|0010000|01011000111011|0000|1001 0x104163B09
BX = 111 Event : 8
00 0000001|0010000|01001111110011|0011|1001 0x02413F339
01 0000000|0010000|01000101111101|0000|0011 0x004117D03
02 0000000|0100110|01100100101001|0000|1010 0x00999290A
03 0000000|0100110|01101010101011|0001|0010 0x0099AAB12
04 0000000|0100110|01101101011011|0011|0000 0x0099B5B30
05 0000000|0010000|01111101011000|1101|0010 0x0041F58D2
06 0000010|1011011|01101010000011|0101|0000 0x056DA8350
07 0000100|0100110|01000100110100|0110|1000 0x089913468
08 0000101|0010000|01010001100001|0000|1010 0x0A414610A
09 0000101|0010000|01001000000101|1010|0011 0x0A41205A3
0a 0000100|0010000|01011100010001|0101|0000 0x084171150
0b 0000100|0010000|01011001111000|0100|1001 0x084167849
0c 0000101|0100110|01110111011111|0111|0010 0x0A99DDF72
0d 0000100|0100110|01101011100100|0000|1001 0x0899AE409
0e 0000101|0010000|01111000011001|1001|0001 0x0A41E1991
0f 0000111|1110001|01000001100101|1001|0100 0x0FC506594
10 0000111|1110001|01000010111100|1010|0010 0x0FC50BCA2
11 0000110|1011011|01011100000101|1011|1001 0x0D6D705B9
12 0000110|1011011|01011011111110|1011|0011 0x0D6D6FEB3
13 0001001|0010000|01100011011010|0111|1010 0x12418DA7A
14 0001000|0010000|01011100000111|0001|1010 0x10417071A
15 0001000|0010000|01011000010111|0000|0011 0x104161703
16 0001000|0100110|01110001011101|0001|1001 0x1099C5D19
17 0001000|0100110|01110111011000|0110|0011 0x1099DD863
18 0001001|0010000|01111111100000|1110|0010 0x1241FE0E2
BX = 000 Event : 9
00 0000011|1011011|01100000011110|0000|1010 0x076D81E0A
01 0000010|1110001|01101111101001|1011|0011 0x05C5BE9B3
02 0000010|1110001|01111100101010|0000|0010 0x05C5F2A02
03 0000101|0010000|01001001111011|1011|0000 0x0A4127BB0
04 0000110|1011011|01101000100100|0010|1011 0x0D6DA242B
05 0000111|1110001|01110110011101|1101|0001 0x0FC5D9DD1
06 0000111|1110001|01111011011010|0000|0000 0x0FC5EDA00
07 0001001|0010000|01010011011001|1100|0001 0x12414D9C1
BX = 001 Event : 10
00 0000000|0010000|01001101100011|0010|0001 0x004136321
01 0000000|0010000|01000000100101|1101|0011 0x0041025D3
02 0000001|0100110|01011101111100|1100|0000 0x029977CC0
03 0000000|0100110|01011110011011|1101|1011 0x009979BDB
04 0000000|0100110|01110011001000|0101|0010 0x0099CC852
05 0000010|1011011|01101011100110|0110|0011 0x056DAE663
06 0000011|1110001|01111110100101|0001|0001 0x07C5FA511
07 0000100|0100110|01000011011001|0101|0000 0x08990D950
08 0000100|0010000|01011100011000|0101|0011 0x084171853
09 0000100|0010000|01110111100001|1001|1001 0x0841DE199
BX = 010 Event : 11
00 0000000|0100110|01101101100011|0011|1010 0x0099B633A
01 0000000|0100110|01111000011100|0111|1011 0x0099E1C7B
02 0000010|1110001|01000100110000|0001|0100 0x05C513014
03 0000011|1011011|01100100001111|0010|0100 0x076D90F24
04 0000101|0010000|01011101100100|0110|1010 0x0A417646A
05 0000101|0010000|01001110101010|1110|1001 0x0A413AAE9
06 0000101|0100110|01011110001000|1001|1011 0x0A997889B
07 0000110|1110001|01110100110010|1100|0000 0x0DC5D32C0
08 0001001|0100110|01101011011001|1110|1011 0x1299AD9EB
09 0001001|0100110|01101100100000|1111|1010 0x1299B20FA
BX = 011 Event : 12
00 0000001|0100110|01010111110011|1001|1010 0x02995F39A
01 0000001|0100110|01011110100110|1101|0000 0x02997A6D0
02 0000000|0100110|01101000011100|0000|0001 0x0099A1C01
03 0000000|0010000|01111011101111|1100|0001 0x0041EEFC1
04 0000000|0010000|01111001111000|1100|1000 0x0041E78C8
05 0000010|1110001|01001001011010|0011|0010 0x05C525A32
06 0000010|1011011|01100110011111|0011|1001 0x056D99F39
07 0000010|1011011|01010111010111|1101|0010 0x056D5D7D2
08 0000100|0010000|01001100010011|1101|0011 0x0841313D3
09 0000100|0100110|01011111010010|1010|0011 0x08997D2A3
0a 0000111|1110001|01000100010100|1010|1000 0x0FC5114A8
0b 0000111|1110001|01000100101010|1011|0000 0x0FC512AB0
0c 0000110|1011011|01011101100111|1100|1010 0x0D6D767CA
0d 0000110|1011011|01011101011110|1100|0011 0x0D6D75EC3
0e 0000110|1011011|01011100011011|1011|0100 0x0D6D71BB4
0f 0000110|1110001|01110001110101|1010|1001 0x0DC5C75A9
BX = 100 Event : 13
00 0000000|0010000|01111010110010|1100|0011 0x0041EB2C3
01 0000011|1110001|01000110000100|0001|0100 0x07C518414
02 0000100|0100110|01000101001100|0110|0010 0x089914C62
03 0000100|0010000|01011001000011|0011|1010 0x08416433A
04 0000100|0010000|01000101011000|1001|0011 0x084115893
05 0000101|0010000|01111100010011|1100|0011 0x0A41F13C3
06 0000101|0010000|01111010100111|1011|1000 0x0A41EA7B8
07 0000110|1110001|01001011010010|1111|1001 0x0DC52D2F9
BX = 101 Event : 14
00 0000000|0100110|01011111000100|1101|0001 0x00997C4D1
01 0000001|0010000|01110101111110|1001|0011 0x0241D7E93
02 0000010|1110001|01110101111010|1110|1001 0x05C5D7AE9
03 0000010|1110001|01110110000110|1110|1001 0x05C5D86E9
04 0000100|0010000|01000111010110|1010|1010 0x08411D6AA
05 0000101|0100110|01101110100110|0001|1010 0x0A99BA61A
06 0000100|0100110|01110001001111|0011|0010 0x0899C4F32
07 0000100|0100110|01110011001111|0100|0011 0x0899CCF43
08 0000100|0100110|01110100010100|0101|0000 0x0899D1450
09 0000101|0010000|01111101101011|1101|1000 0x0A41F6BD8
0a 0000101|0010000|01111010000011|1010|1001 0x0A41E83A9
0b 0000111|1110001|01010001101010|0010|0000 0x0FC546A20
0c 0000111|1011011|01101000110111|0010|1000 0x0F6DA3728
0d 0000111|1011011|01100100101010|0000|0100 0x0F6D92A04
0e 0000111|1011011|01100011100010|0000|1000 0x0F6D8E208
0f 0000110|1011011|01101111011110|0110|0010 0x0D6DBDE62
10 0000110|1011011|01101101001100|0101|0010 0x0D6DB4C52
11 0000110|1011011|01101101000111|0101|0000 0x0D6DB4750
12 0000110|1011011|01101100011011|0100|0001 0x0D6DB1B41
13 0000110|1110001|01101111101000|1001|0001 0x0DC5BE891
14 0000110|1110001|01111000111010|1110|0011 0x0DC5E3AE3
15 0001000|0010000|01010001010000|1011|0010 0x1041450B2
BX = 110 Event : 15
00 0000001|0010000|01010100001111|0101|1000 0x024150F58
01 0000000|0100110|01011110000111|1101|1010 0x0099787DA
02 0000000|0100110|01101001001101|0001|0011 0x0099A4D13
03 0000001|0010000|01111001001111|1011|0000 0x0241E4FB0
04 0000011|1011011|01011111111111|0000|0000 0x076D7FF00
05 0000010|1110001|01101100101110|1001|0010 0x05C5B2E92
06 0000101|0010000|01001100111000|1101|0011 0x0A41338D3
07 0000101|0100110|01101110110101|0010|1000 0x0A99BB528
08 0000100|0100110|01110011011010|0100|1001 0x0899CDA49
09 0000110|1110001|01010101011110|0101|1011 0x0DC555E5B
0a 0000110|1011011|01101110101100|0110|1010 0x0D6DBAC6A
0b 0000110|1011011|01100010010111|1111|0000 0x0D6D897F0
0c 0000110|1110001|01111011011110|0000|0011 0x0DC5EDE03
0d 0001000|0100110|01110101111000|0100|0000 0x1099D7840
BX = 111 Event : 16
00 0000001|0100110|01101000011100|0000|1001 0x0299A1C09
01 0000011|1011011|01011110101000|0000|1000 0x076D7A808
02 0000011|1011011|01010100101000|1011|0011 0x076D528B3
03 0000010|1011011|01101010000100|0101|0000 0x056DA8450
04 0000010|1110001|01101100100000|1001|0000 0x05C5B2090
05 0000100|0100110|01000011010000|0101|1001 0x08990D059
06 0000101|0010000|01000111000100|1010|0011 0x0A411C4A3
07 0000100|0010000|01010111001000|0010|0001 0x08415C821
08 0000101|0100110|01100010010010|1011|0001 0x0A99892B1
09 0000111|1110001|01001000100110|1101|0010 0x0FC5226D2
0a 0000111|1011011|01100100110000|0000|0100 0x0F6D93004
0b 0000110|1110001|01111101010111|0000|1001 0x0DC5F5709
BX = 000 Event : 17
00 0000000|0010000|01010100010110|0101|0010 0x004151652
01 0000001|0100110|01100110000101|0000|1010 0x02999850A
02 0000000|0100110|01011000100001|1010|0000 0x0099621A0
03 0000011|1011011|01100101000100|0011|0000 0x076D94430
04 0000010|1011011|01010101100000|1100|1000 0x056D560C8
05 0000100|0100110|01000001111000|0100|1001 0x089907849
06 0000101|0010000|01011111010010|0111|0010 0x0A417D272
07 0000101|0100110|01011111010001|1001|0001 0x0A997D191
08 0000111|1110001|01010101110011|0101|1010 0x0FC55735A
09 0000110|1110001|01000111010111|1101|0001 0x0DC51D7D1
0a 0000111|1011011|01011010110010|1010|1011 0x0F6D6B2AB
0b 0001000|0010000|01010101100001|1110|0011 0x1041561E3
0c 0001000|0100110|01110011000100|0011|1000 0x1099CC438
BX = 001 Event : 18
00 0000001|0010000|01000000110000|1101|0011 0x0241030D3
01 0000000|0010000|01001001101010|0000|0001 0x004126A01
02 0000001|0100110|01100101001100|0000|1000 0x029994C08
03 0000011|1110001|01000000000110|1111|0010 0x07C5006F2
04 0000100|0010000|01011101110111|0110|1001 0x084177769
05 0000100|0010000|01010110010110|0010|1001 0x084159629
06 0000100|0010000|01111111011011|1110|1000 0x0841FDBE8
07 0000100|0010000|01111111010100|1110|0000 0x0841FD4E0
08 0000100|0010000|01111000110111|1010|1010 0x0841E37AA
09 0000110|1011011|01000001011111|0111|0100 0x0D6D05F74
0a 0000111|1110001|01111000001101|1110|0011 0x0FC5E0DE3
0b 0000110|1110001|01110010111000|1011|0010 0x0DC5CB8B2
0c 0001000|0100110|01000000110001|1110|1010 0x1099031EA
0d 0001000|0100110|01001011111001|0100|0000 0x10992F940
0e 0001001|0010000|01100000111011|0101|0001 0x124183B51
BX = 010 Event : 19
00 0000001|0010000|01001010110010|0001|0011 0x02412B213
01 0000000|0010000|01010100100101|0101|1000 0x004152558
02 0000001|0100110|01100000011100|1110|0011 0x029981CE3
03 0000000|0100110|01101101000110|0010|0010 0x0099B4622
04 0000000|0100110|01101101011001|0011|0011 0x0099B5933
05 0000010|1110001|01010000110111|0111|0001 0x05C543771
06 0000010|1011011|01100001111000|0001|0100 0x056D87814
07 0000010|1011011|01010001000010|1001|0001 0x056D44291
08 0000101|0010000|01001111110001|1111|1010 0x0A413F1FA
09 0000100|0010000|01010100000100|0000|1011 0x08415040B
0a 0000101|0100110|01101101101101|0001|0010 0x0A99B6D12
0b 0000100|0100110|01100010101110|1100|1000 0x08998AEC8
0c 0000100|0100110|01100101111111|1101|0011 0x089997FD3
0d 0000100|0100110|01110010000001|0011|1000 0x0899C8138
0e 0000110|1110001|01001000000111|1101|0000 0x0DC5207D0
0f 0000111|1110001|01110101001111|1100|0011 0x0FC5D4FC3
10 0001000|0100110|01001111101001|0111|1000 0x10993E978
11 0001000|0010000|01001111100010|1010|1001 0x10413E2A9
12 0001001|0100110|01111001001100|0111|0001 0x1299E4C71
13 0001001|0010000|01111010010001|1010|0011 0x1241E91A3
14 0001001|0010000|01111001101100|1001|1000 0x1241E6C98
BX = 011 Event : 20
00 0000001|0010000|01001010111111|0001|1000 0x02412BF18
01 0000001|0010000|01111101110110|1101|0010 0x0241F76D2
02 0000011|1011011|01100111101100|0100|1000 0x076D9EC48
03 0000011|1110001|01110011111110|1100|1010 0x07C5CFECA
04 0000010|1110001|01110000010101|1011|1010 0x05C5C15BA
05 0000010|1110001|01111101100111|0001|1001 0x05C5F6719
06 0000101|0010000|01111100011111|1100|1011 0x0A41F1FCB
07 0000110|1110001|01001101011010|0000|0011 0x0DC535A03
08 0000111|1110001|01111000101111|1110|0011 0x0FC5E2FE3
09 0000111|1110001|01111110110000|0001|1010 0x0FC5FB01A
0a 0001000|0010000|01111000111001|1001|0001 0x1041E3991
BX = 100 Event : 21
00 0000001|0010000|01010101101001|0110|1011 0x02415696B
01 0000000|0100110|01110010111101|0101|1001 0x0099CBD59
02 0000011|1011011|01100111110110|0100|0010 0x076D9F642
03 0000010|1011011|01011111111010|0000|0011 0x056D7FA03
04 0000010|1011011|01010111000111|1101|0000 0x056D5C7D0
05 0000100|0010000|01000110100010|1010|0000 0x08411A2A0
06 0000101|0100110|01110000111001|0011|0010 0x0A99C3932
07 0000100|0100110|01100111110110|1111|0010 0x08999F6F2
08 0000100|0100110|01101000010110|1111|1001 0x0899A16F9
09 0000101|0010000|01111010101011|1011|0011 0x0A41EABB3
0a 0000100|0010000|01110110001101|1001|0000 0x0841D8D90
0b 0000110|1110001|01001001010111|1110|0100 0x0DC5257E4
0c 0001001|0010000|01010000010101|1010|1010 0x1241415AA
BX = 101 Event : 22
00 0000001|0010000|01000110100110|0000|1001 0x02411A609
01 0000001|0010000|01000010010011|1110|0011 0x0241093E3
02 0000000|0010000|01001110000000|0010|1001 0x004138029
03 0000010|1110001|01000000001001|1111|1001 0x05C5009F9
04 0000010|1110001|01111010110010|0000|0010 0x05C5EB202
05 0000100|0100110|01000000100101|0011|0010 0x089902532
06 0000100|0010000|01000110100000|1010|1010 0x08411A0AA
07 0000111|1011011|01101110111101|0110|1011 0x0F6DBBD6B
BX = 110 Event : 23
00 0000001|0010000|01111110001011|1101|1001 0x0241F8BD9
01 0000001|0010000|01111000000011|1010|0010 0x0241E03A2
02 0000010|1011011|01010001011100|1010|0011 0x056D45CA3
03 0000100|0100110|01000001011100|0100|0011 0x089905C43
04 0000101|0010000|01001100100001|1101|0010 0x0A41321D2
05 0000100|0010000|01001000011001|1011|0011 0x0841219B3
06 0000101|0100110|01100111110010|1110|1010 0x0A999F2EA
07 0000100|0100110|01101010011011|0000|0011 0x0899A9B03
08 0000110|1110001|01001100010100|0000|1011 0x0DC53140B
09 0001001|0010000|01010110001011|1110|1010 0x124158BEA
0a 0001000|0010000|01001110011110|1001|1010 0x104139E9A
BX = 111 Event : 24
00 0000010|1110001|01001101110101|0101|1010 0x05C53755A
01 0000010|1110001|01111001100111|0000|1011 0x05C5E670B
02 0000101|0100110|01000100001011|0110|1011 0x0A9910B6B
03 0000101|0010000|01011101101010|0110|0011 0x0A4176A63
04 0000101|0010000|01001011111101|1101|1011 0x0A412FDDB
05 0000101|0100110|01100000000010|1010|0000 0x0A99802A0
06 0000111|1011011|01101001011010|0011|0010 0x0F6DA5A32
07 0000111|1011011|01100100100011|0000|1011 0x0F6D9230B
BX = 000 Event : 25
00 0000000|0010000|01000111011111|0000|0010 0x00411DF02
01 0000001|0010000|01111110011110|1101|0001 0x0241F9ED1
02 0000011|1011011|01011011010110|1111|0100 0x076D6D6F4
03 0000011|1011011|01010101010110|1011|0100 0x076D556B4
04 0000100|0010000|01011000011001|0011|1001 0x084161939
05 0000100|0010000|01011000010001|0011|0011 0x084161133
06 0000101|0100110|01100101101001|1101|0010 0x0A99969D2
07 0000100|0010000|01111011101110|1100|0011 0x0841EEEC3
08 0000111|1110001|01010010101011|0011|1001 0x0FC54AB39
09 0000111|1110001|01010010110100|0011|0100 0x0FC54B434
0a 0000111|1011011|01101000111110|0010|1010 0x0F6DA3E2A
0b 0000111|1011011|01100101000111|0000|1010 0x0F6D9470A
0c 0000110|1011011|01011010111111|1010|1011 0x0D6D6BFAB
0d 0000110|1110001|01110100000110|1011|0001 0x0DC5D06B1
0e 0000110|1110001|01111100111001|0000|0001 0x0DC5F3901
0f 0000110|1110001|01111100111100|0000|1000 0x0DC5F3C08
BX = 001 Event : 26
00 0000001|0100110|01101000000111|0000|0011 0x0299A0703
01 0000000|0010000|01111100000010|1101|1000 0x0041F02D8
02 0000011|1011011|01010111101111|1101|0011 0x076D5EFD3
03 0000010|1011011|01011010000011|1110|0011 0x056D683E3
04 0000101|0100110|01000001111010|0100|1000 0x0A9907A48
05 0000101|0100110|01000101010111|0111|0011 0x0A9915773
06 0000101|0010000|01000101101101|1001|0010 0x0A4116D92
07 0000101|0010000|01111011100111|1011|1010 0x0A41EE7BA
08 0000111|1011011|01100111110000|0010|0011 0x0F6D9F023
09 0000110|1011011|01101011101111|0100|0010 0x0D6DAEF42
0a 0000110|1011011|01100010000000|1111|1011 0x0D6D880FB
0b 0001001|0010000|01001111101110|1001|1000 0x12413EE98
0c 0001000|0100110|01100110000001|1011|0011 0x1099981B3
BX = 010 Event : 27
00 0000000|0010000|01011001100110|0111|1010 0x00416667A
01 0000000|0010000|01010001110010|0100|1000 0x004147248
02 0000000|0100110|01010100100001|1001|1010 0x00995219A
03 0000000|0100110|01010110111110|1010|0010 0x00995BEA2
04 0000000|0100110|01110111010110|0111|0011 0x0099DD673
05 0000000|0010000|01111000010101|1011|0011 0x0041E15B3
06 0000101|0010000|01011110100010|0111|0011 0x0A417A273
07 0000101|0010000|01011101100010|0110|0010 0x0A4176262
08 0000101|0010000|01001010100011|1100|0001 0x0A412A3C1
09 0000101|0010000|01001010010111|1100|0011 0x0A41297C3
0a 0000101|0100110|01011110011100|1001|0011 0x0A9979C93
0b 0000101|0100110|01100010110101|1011|1011 0x0A998B5BB
0c 0000100|0100110|01111001010100|0111|0011 0x0899E5473
0d 0000100|0010000|01111001100111|1011|1000 0x0841E67B8
0e 0000111|1011011|01101111011010|0111|0000 0x0F6DBDA70
0f 0000111|1110001|01110100000000|1011|1011 0x0FC5D00BB
10 0000110|1110001|01110110100001|1101|1000 0x0DC5DA1D8
11 0000110|1110001|01110110100100|1101|0001 0x0DC5DA4D1
12 0001001|0010000|01011100100010|0010|1010 0x12417222A
BX = 011 Event : 28
00 0000000|0010000|01010011100111|0101|1000 0x00414E758
01 0000000|0010000|01010000101101|0011|1001 0x004142D39
02 0000000|0010000|01001100010111|0010|1000 0x004131728
03 0000000|0100110|01010110001110|1001|1000 0x009958E98
04 0000101|0100110|01000011111000|0110|0010 0x0A990F862
05 0000100|0100110|01000101001001|0110|1010 0x08991496A
06 0000101|0010000|01011100011000|0110|1010 0x0A417186A
07 0000100|0010000|01111011100110|1100|1010 0x0841EE6CA
08 0001000|0100110|01001000010111|0010|1010 0x10992172A
BX = 100 Event : 29
00 0000001|0010000|01111000100001|1011|1001 0x0241E21B9
01 0000010|1110001|01110001000010|1011|0000 0x05C5C42B0
02 0000101|0100110|01000001000001|0100|1001 0x0A9904149
03 0000110|1011011|01101111001001|0110|0000 0x0D6DBC960
04 0001000|0010000|01100011001001|0110|0000 0x10418C960
05 0001000|0010000|01011011111001|0001|1010 0x10416F91A
BX = 101 Event : 30
00 0000000|0010000|01000010010000|1110|1001 0x0041090E9
01 0000001|0100110|01100100011101|1111|0011 0x029991DF3
02 0000011|1110001|01001011100000|0100|1000 0x07C52E048
03 0000011|1110001|01001011111101|0101|1011 0x07C52FD5B
04 0000010|1011011|01011000100111|1101|1000 0x056D627D8
05 0000100|0100110|01100101101100|1101|1011 0x089996CDB
06 0000101|0010000|01111110001010|1101|1010 0x0A41F8ADA
07 0000101|0010000|01111101110010|1101|1001 0x0A41F72D9
08 0000100|0010000|01111111101101|1110|1010 0x0841FEDEA
09 0000110|1110001|01010000000000|0001|0000 0x0DC540010
0a 0000111|1110001|01111001000100|1110|1001 0x0FC5E44E9
0b 0000111|1110001|01111011101010|0000|0011 0x0FC5EEA03
0c 0000110|1110001|01111000000110|1110|1000 0x0DC5E06E8
0d 0001000|0100110|01110111101111|0110|0010 0x1099DEF62
0e 0001000|0010000|01111010110001|1011|0011 0x1041EB1B3
BX = 110 Event : 31
00 0000000|0010000|01111011010111|1100|0010 0x0041ED7C2
01 0000010|1110001|01000011001100|0000|1011 0x05C50CC0B
02 0000010|1110001|01110000101000|1011|0010 0x05C5C28B2
03 0000010|1110001|01110101111110|1110|0100 0x05C5D7EE4
04 0000101|0010000|01011010111000|0101|1011 0x0A416B85B
05 0000101|0100110|01100001111111|1011|0010 0x0A9987FB2
06 0000100|0100110|01101010101010|0000|1001 0x0899AAA09
07 0000111|1110001|01010001000110|0010|0010 0x0FC544622
08 0000110|1110001|01000100101100|1011|0000 0x0DC512CB0
09 0000110|1011011|01100010011100|1111|1010 0x0D6D89CFA
BX = 111 Event : 32
00 0000000|0100110|01011100000111|1100|1000 0x0099707C8
01 0000011|1011011|01101000101110|0101|1001 0x076DA2E59
02 0000010|1110001|01110001110001|1100|1011 0x05C5C71CB
03 0000010|1110001|01110001111011|1100|0001 0x05C5C7BC1
04 0000010|1110001|01110100000001|1101|0000 0x05C5D01D0
05 0000101|0100110|01110000011101|0011|1001 0x0A99C1D39
06 0000100|0100110|01110000011011|0010|1000 0x0899C1B28
07 0000110|1110001|01000111000000|1100|0011 0x0DC51C0C3
08 0000110|1110001|01001110000000|0000|1001 0x0DC538009
09 0000110|1110001|01010010011010|0011|0010 0x0DC549A32
0a 0000110|1110001|01010111010010|0110|0011 0x0DC55D263
0b 0000110|1011011|01011111111110|1110|1011 0x0D6D7FEEB
BX = 000 Event : 33
00 0000101|0100110|01000001101011|0100|0010 0x0A9906B42
01 0000101|0010000|01010000010010|1111|0010 0x0A41412F2
02 0000111|1110001|01010010111100|0011|1010 0x0FC54BC3A
BX = 001 Event : 34
00 0000001|0010000|01001010101010|0001|1010 0x02412AA1A
01 0000001|0100110|01110011101101|0110|0000 0x0299CED60
02 0000010|1011011|01011010110000|1110|0000 0x056D6B0E0
03 0000010|1011011|01010110000101|1100|0010 0x056D585C2
04 0000011|1110001|01111101100110|0001|1010 0x07C5F661A
05 0000101|0100110|01110000011001|0011|0011 0x0A99C1933
06 0000100|0100110|01100101111110|1101|0011 0x089997ED3
07 0000100|0100110|01101010101101|0000|0000 0x0899AAD00
08 0000100|0100110|01101110001101|0001|0011 0x0899B8D13
09 0000111|1110001|01000100010110|1010|0010 0x0FC5116A2
0a 0000110|1110001|01000011010001|1010|1011 0x0DC50D1AB
0b 0000110|1011011|01101100100100|0101|1000 0x0D6DB2458
0c 0001000|0010000|01010110110111|1111|1010 0x10415B7FA
BX = 010 Event : 35
00 0000001|0010000|01000011001101|1110|0001 0x02410CDE1
01 0000000|0010000|01010101111100|0110|1000 0x004157C68
02 0000000|0010000|01000101011101|1111|0011 0x004115DF3
03 0000000|0100110|01010101100011|1001|1001 0x009956399
04 0000011|1011011|01100001101101|0001|0011 0x076D86D13
05 0000011|1110001|01111010100001|0000|1000 0x07C5EA108
06 0000101|0100110|01000011110000|0110|1001 0x0A990F069
07 0000101|0010000|01011100011000|0110|0011 0x0A4171863
08 0000100|0010000|01010101001000|0001|0000 0x084154810
09 0000101|0100110|01110101111110|0110|0011 0x0A99D7E63
0a 0000100|0100110|01110111010101|0110|1000 0x0899DD568
0b 0000101|0010000|01110111000000|1001|1001 0x0A41DC099
0c 0000100|0010000|01111110110010|1110|0010 0x0841FB2E2
0d 0000100|0010000|01111010101011|1011|0011 0x0841EABB3
0e 0000110|1110001|01111000011001|1110|1011 0x0DC5E19EB
BX = 011 Event : 36
00 0000001|0010000|01110110000111|1001|1000 0x0241D8798
01 0000100|0010000|01010101111000|0001|1010 0x08415781A
02 0000100|0100110|01100001001011|1011|0001 0x089984BB1
03 0000100|0010000|01111101101001|1101|0010 0x0841F69D2
BX = 100 Event : 37
00 0000001|0010000|01010110010001|0110|1000 0x024159168
01 0000001|0010000|01001011000011|0001|0010 0x02412C312
02 0000000|0010000|01011001111001|0111|0000 0x004167970
03 0000000|0010000|01011001110010|0111|0011 0x004167273
04 0000001|0100110|01011111101101|1101|0010 0x02997EDD2
05 0000001|0100110|01011111111010|1101|1000 0x02997FAD8
06 0000001|0100110|01100000001001|1101|1011 0x0299809DB
07 0000000|0100110|01100001010001|1110|1000 0x0099851E8
08 0000000|0010000|01111100010010|1101|0001 0x0041F12D1
09 0000000|0010000|01111000100011|1011|1000 0x0041E23B8
0a 0000011|1011011|01011101000000|0000|0000 0x076D74000
0b 0000010|1011011|01010001100101|1010|1001 0x056D465A9
0c 0000011|1110001|01110001001000|1011|0010 0x07C5C48B2
0d 0000101|0010000|01010110001011|0010|0010 0x0A4158B22
0e 0000101|0010000|01111001011011|1010|1010 0x0A41E5BAA
0f 0000100|0010000|01111001001001|1010|1001 0x0841E49A9
10 0000111|1110001|01010011010011|0011|1001 0x0FC54D339
11 0000110|1110001|01010011111010|0100|1010 0x0DC54FA4A
12 0000111|1110001|01110010111111|1010|1011 0x0FC5CBFAB
13 0001001|0100110|01100101001100|1010|0001 0x129994CA1
BX = 101 Event : 38
00 0000001|0100110|01100000011001|1110|1000 0x0299819E8
01 0000001|0100110|01100001001111|1110|1010 0x029984FEA
02 0000000|0100110|01100110101110|0000|1001 0x00999AE09
03 0000000|0100110|01101001110111|0001|1001 0x0099A7719
04 0000010|1011011|01100111101100|0100|1010 0x056D9EC4A
05 0000010|1011011|01100001100110|0001|0100 0x056D86614
06 0000010|1110001|01111110000001|0001|1001 0x05C5F8119
07 0000100|0100110|01000001101110|0100|1001 0x089906E49
08 0000101|0010000|01001011010010|1100|1010 0x0A412D2CA
BX = 110 Event : 39
00 0000010|1011011|01010011101111|1011|1001 0x056D4EFB9
01 0000010|1110001|01110110000011|1110|1000 0x05C5D83E8
02 0000100|0010000|01011000110011|0011|0001 0x084163331
03 0000111|1011011|01101111000011|0110|0010 0x0F6DBC362
04 0000111|1011011|01101001010000|0011|1000 0x0F6DA5038
05 0000111|1011011|01100010100100|1111|1011 0x0F6D8A4FB
06 0000111|1011011|01011011110000|1011|0010 0x0F6D6F0B2
07 0001001|0100110|01000001100010|1110|1010 0x1299062EA
08 0001000|0100110|01000101001001|0000|0000 0x109914900
09 0001000|0100110|01100110000111|1011|0010 0x1099987B2
BX = 111 Event : 40
00 0000000|0010000|01010010110100|0100|0011 0x00414B443
01 0000000|0010000|01000100011011|1111|0011 0x004111BF3
02 0000000|0100110|01010111110101|1010|0001 0x00995F5A1
03 0000011|1011011|01011010000100|1110|0001 0x076D684E1
04 0000010|1110001|01110010010011|1100|0011 0x05C5C93C3
05 0000010|1110001|01111010010011|0000|0010 0x05C5E9302
06 0000101|0010000|01011101010011|0110|1000 0x0A4175368
07 0000100|0010000|01011010011001|0100|1001 0x084169949
08 0000100|0010000|01001110110000|1110|1010 0x08413B0EA
09 0000100|0010000|01001010110010|1100|0010 0x08412B2C2
0a 0000100|0100110|01111001000001|0111|0000 0x0899E4170
0b 0000101|0010000|01111000111110|1010|1000 0x0A41E3EA8
0c 0000110|1110001|01001001100111|1110|0011 0x0DC5267E3
0d 0000110|1110001|01011000011111|0111|0011 0x0DC561F73
0e 0000111|1011011|01100100000010|0000|0100 0x0F6D90204
0f 0000110|1011011|01011000100111|1001|0010 0x0D6D62792
10 0001000|0100110|01100100101010|1010|0010 0x109992AA2
11 0001000|0100110|01101110011100|0000|0011 0x1099B9C03
BX = 000 Event : 41
00 0000000|0010000|01001000001101|0000|0010 0x004120D02
01 0000001|0100110|01011010101111|1011|0010 0x02996AFB2
02 0000000|0010000|01110111110010|1011|1001 0x0041DF2B9
03 0000000|0010000|01110111000111|1010|1010 0x0041DC7AA
04 0000011|1110001|01001001101010|0011|0001 0x07C526A31
05 0000011|1110001|01001111111100|0111|1011 0x07C53FC7B
06 0000100|0010000|01001001100111|1100|0000 0x0841267C0
07 0000101|0100110|01101011011011|0000|1001 0x0A99ADB09
08 0000101|0100110|01110010001010|0100|1011 0x0A99C8A4B
09 0000100|0100110|01101011111011|0000|1010 0x0899AFB0A
0a 0000100|0100110|01101100000000|0000|0000 0x0899B0000
0b 0000100|0100110|01101111010101|0010|1010 0x0899BD52A
0c 0000100|0100110|01110110010000|0110|0010 0x0899D9062
0d 0000100|0010000|01111000000011|1010|1011 0x0841E03AB
0e 0000100|0010000|01110110100101|1001|0000 0x0841DA590
0f 0000110|1110001|01010100000111|0100|1000 0x0DC550748
10 0000110|1110001|01111010000001|1111|1000 0x0DC5E81F8
11 0000110|1110001|01111011110001|0000|0100 0x0DC5EF104
12 0001001|0100110|01000101110000|0000|0001 0x129917001
13 0001000|0100110|01110101101101|0100|1001 0x1099D6D49
BX = 001 Event : 42
00 0000001|0010000|01000001011110|1101|0000 0x024105ED0
01 0000000|0100110|01101100000010|0010|0001 0x0099B0221
02 0000001|0010000|01111101000011|1101|0000 0x0241F43D0
03 0000011|1110001|01000100011001|0001|1010 0x07C51191A
04 0000010|1110001|01001110010001|0110|1000 0x05C539168
05 0000011|1110001|01111111100101|0010|0100 0x07C5FE524
06 0000100|0010000|01111111001011|1110|0001 0x0841FCBE1
07 0000100|0010000|01111110100100|1101|0001 0x0841FA4D1
08 0000111|1110001|01000011110011|1010|0100 0x0FC50F3A4
09 0000111|1110001|01000110010101|1100|1000 0x0FC5195C8
0a 0000111|1011011|01011111000101|1101|1000 0x0F6D7C5D8
0b 0001001|0100110|01100100101010|1001|0010 0x129992A92
BX = 010 Event : 43
00 0000001|0010000|01001111001111|0011|1010 0x02413CF3A
01 0000001|0100110|01011000010000|1010|0000 0x0299610A0
02 0000000|0100110|01010111011001|1010|1011 0x00995D9AB
03 0000000|0100110|01010111100001|1010|0000 0x00995E1A0
04 0000000|0010000|01110100100000|1001|1011 0x0041D209B
05 0000010|1011011|01011000110100|1101|1000 0x056D634D8
06 0000100|0100110|01111000011100|0111|1010 0x0899E1C7A
07 0000110|1110001|01001000110010|1110|0000 0x0DC5232E0
08 0000111|1011011|01011101001001|1011|0011 0x0F6D749B3
09 0001001|0010000|01010000110010|1010|0011 0x1241432A3
0a 0001001|0100110|01101010010001|1101|0010 0x1299A91D2
BX = 011 Event : 44
00 0000000|0010000|01011001100001|0111|0001 0x004166171
01 0000000|0100110|01011111100000|1101|1000 0x00997E0D8
02 0000000|0100110|01110100010111|0110|0010 0x0099D1762
03 0000010|1110001|01001110111111|0110|1010 0x05C53BF6A
04 0000011|1110001|01101110111001|1010|0001 0x07C5BB9A1
05 0000100|0010000|01001000010010|1011|1001 0x0841212B9
06 0000101|0100110|01110101001011|0101|1011 0x0A99D4B5B
07 0000100|0100110|01101011010011|0000|0011 0x0899AD303
08 0000100|0100110|01101100000011|0000|1010 0x0899B030A
09 0000100|0100110|01110011010101|0100|0001 0x0899CD541
0a 0000110|1110001|01001101101010|0000|0001 0x0DC536A01
0b 0000110|1011011|01100010101101|1111|0100 0x0D6D8ADF4
0c 0000110|1110001|01110011010001|1011|0010 0x0DC5CD1B2
0d 0000110|1110001|01110110010101|1101|0000 0x0DC5D95D0
0e 0000110|1110001|01111010010010|1111|0001 0x0DC5E92F1
0f 0001000|0010000|01011001000011|0000|0000 0x104164300
10 0001000|0010000|01111101010100|1100|1011 0x1041F54CB
BX = 100 Event : 45
00 0000001|0010000|01010000101000|0100|0011 0x024142843
01 0000000|0010000|01000100110110|1111|1001 0x0041136F9
02 0000001|0010000|01111001110111|1011|1001 0x0241E77B9
03 0000010|1110001|01110000011011|1011|1010 0x05C5C1BBA
04 0000100|0100110|01000111011000|0111|1000 0x08991D878
05 0000100|0010000|01000110110000|1010|1001 0x08411B0A9
06 0000101|0100110|01100111010100|1110|1001 0x0A999D4E9
07 0000101|0100110|01110010001111|0100|1000 0x0A99C8F48
08 0000100|0100110|01100100010010|1101|1010 0x0899912DA
09 0000110|1110001|01000100010100|1011|1010 0x0DC5114BA
0a 0000110|1011011|01110000011000|0111|1000 0x0D6DC1878
0b 0000110|1011011|01100011111000|0000|1010 0x0D6D8F80A
0c 0000111|1110001|01110001101111|1010|1001 0x0FC5C6FA9
0d 0000111|1110001|01111111011000|0010|0010 0x0FC5FD822
0e 0001001|0010000|01100000011000|0100|1000 0x124181848
0f 0001000|0100110|01110001110001|0010|1000 0x1099C7128
10 0001000|0010000|01111110110001|1101|0010 0x1041FB1D2
BX = 101 Event : 46
00 0000001|0010000|01010110100000|0110|1010 0x02415A06A
01 0000001|0010000|01010101111110|0110|0001 0x024157E61
02 0000000|0010000|01001110011101|0010|1000 0x004139D28
03 0000000|0010000|01000110010010|0000|0010 0x004119202
04 0000001|0100110|01011111100001|1101|0011 0x02997E1D3
05 0000001|0100110|01100100001111|1111|0010 0x029990FF2
06 0000010|1011011|01100101011110|0011|1001 0x056D95E39
07 0000010|1011011|01100101001000|0011|0011 0x056D94833
08 0000010|1011011|01010100000000|1011|0001 0x056D500B1
09 0000101|0100110|01100010110101|1011|1010 0x0A998B5BA
0a 0000110|1011011|01000001001011|0111|0100 0x0D6D04B74
0b 0000110|1110001|01001100101100|0000|0011 0x0DC532C03
0c 0000110|1110001|01010101010111|0101|0011 0x0DC555753
0d 0000111|1011011|01101110000110|0110|1011 0x0F6DB866B
0e 0000111|1011011|01011010011000|1010|0010 0x0F6D698A2
0f 0000110|1011011|01100000110111|1110|1011 0x0D6D837EB
10 0000111|1110001|01110100111100|1100|1001 0x0FC5D3CC9
11 0001001|0100110|01001101101011|0110|0011 0x129936B63
BX = 110 Event : 47
00 0000001|0010000|01010111000110|0111|1010 0x02415C67A
01 0000001|0100110|01010111001110|1001|1010 0x02995CE9A
02 0000001|0100110|01010111011001|1001|0010 0x02995D992
03 0000001|0100110|01101000000011|0000|0010 0x0299A0302
04 0000000|0100110|01100110011001|0000|0001 0x009999901
05 0000001|0010000|01111001010110|1011|1001 0x0241E56B9
06 0000101|0100110|01100011111010|1100|1011 0x0A998FACB
07 0000101|0010000|01111100100000|1100|1000 0x0A41F20C8
08 0000101|0010000|01111100010111|1100|1000 0x0A41F17C8
09 0000111|1110001|01001101010100|0000|0100 0x0FC535404
0a 0000110|1110001|01001101011010|0000|0001 0x0DC535A01
0b 0000111|1110001|01111101100000|0000|0010 0x0FC5F6002
BX = 111 Event : 48
00 0000001|0100110|01101101110100|0011|0011 0x0299B7433
01 0000000|0100110|01100111000101|0000|1010 0x00999C50A
02 0000011|1011011|01101000111100|0101|0011 0x076DA3C53
03 0000101|0010000|01001010001001|1100|1001 0x0A41289C9
04 0000101|0010000|01000111000001|1010|0000 0x0A411C1A0
05 0000101|0100110|01110010010000|0100|0011 0x0A99C9043
06 0000100|0100110|01101010011000|0000|0001 0x0899A9801
07 0000111|1011011|01101011101100|0100|1010 0x0F6DAEC4A
08 0000110|1110001|01110110100010|1101|1011 0x0DC5DA2DB
09 0001001|0100110|01000000111011|1110|1001 0x129903BE9
BX = 000 Event : 49
00 0000001|0100110|01101100011100|0010|1001 0x0299B1C29
01 0000000|0100110|01011100011001|1100|1011 0x0099719CB
02 0000000|0010000|01111111111100|1110|0011 0x0041FFCE3
03 0000011|1110001|01000100111101|0001|1000 0x07C513D18
04 0000011|1110001|01001010011000|0100|1000 0x07C529848
05 0000011|1011011|01100111100001|0100|0100 0x076D9E144
06 0000011|1011011|01011111010101|0000|0011 0x076D7D503
07 0000010|1011011|01011111001101|0000|1011 0x056D7CD0B
08 0000010|1110001|01101100110100|1001|0000 0x05C5B3490
09 0000100|0100110|01000101000101|0110|0001 0x089914561
0a 0000100|0010000|01010111010001|0010|1011 0x08415D12B
0b 0000101|0010000|01111001101001|1010|1011 0x0A41E69AB
0c 0000110|1110001|01001011001001|1111|0011 0x0DC52C9F3
0d 0000110|1110001|01010000001000|0001|0011 0x0DC540813
0e 0000111|1011011|01101100110100|0101|1001 0x0F6DB3459
0f 0000110|1011011|01101110100010|0110|0010 0x0D6DBA262
10 0000110|1011011|01100110001010|0000|0001 0x0D6D98A01
11 0001000|0010000|01010011110101|1101|1001 0x10414F5D9
12 0001001|0010000|01111100010110|1011|0000 0x1241F16B0
BX = 001 Event : 50
00 0000001|0010000|01001111110000|0011|1010 0x02413F03A
01 0000000|0010000|01000110011011|0000|0001 0x004119B01
02 0000000|0100110|01011111110011|1110|0010 0x00997F3E2
03 0000000|0100110|01100000101000|1110|0010 0x0099828E2
04 0000000|0100110|01110110011001|0110|0011 0x0099D9963
05 0000001|0010000|01111010100101|1100|0001 0x0241EA5C1
06 0000000|0010000|01110101110110|1010|0010 0x0041D76A2
07 0000010|1110001|01000000111110|0000|1000 0x05C503E08
08 0000010|1011011|01011001000100|1110|0001 0x056D644E1
09 0000010|1110001|01110010110101|1100|0010 0x05C5CB5C2
0a 0000010|1110001|01110100011110|1101|0000 0x05C5D1ED0
0b 0000010|1110001|01111000010111|1111|0011 0x05C5E17F3
0c 0000101|0010000|01001111111001|1111|0010 0x0A413F9F2
0d 0000101|0010000|01001000100011|1011|1010 0x0A41223BA
0e 0000101|0010000|01111010100100|1011|0011 0x0A41EA4B3
0f 0000111|1011011|01101101111000|0110|1001 0x0F6DB7869
10 0000111|1011011|01101100111111|0101|0010 0x0F6DB3F52
11 0000111|1011011|01101000101110|0010|0011 0x0F6DA2E23
12 0000110|1110001|01110100110010|1100|0011 0x0DC5D32C3
BX = 010 Event : 51
00 0000010|1110001|01001000001000|0010|1001 0x05C520829
01 0000010|1011011|01100110001100|0011|0100 0x056D98C34
02 0000010|1011011|01010010111010|1010|1001 0x056D4BAA9
03 0000101|0010000|01011011111101|0101|0000 0x0A416FD50
04 0000110|1110001|01110010100000|1010|0010 0x0DC5CA0A2
05 0001001|0100110|01000101111000|0000|0010 0x129917802
06 0001001|0100110|01001011001100|0100|0000 0x12992CC40
BX = 011 Event : 52
00 0000000|0010000|01001110101111|0011|0010 0x00413AF32
01 0000000|0010000|01000101100000|1111|0011 0x0041160F3
02 0000001|0100110|01100110100101|0000|1010 0x02999A50A
03 0000001|0100110|01101101101001|0011|0010 0x0299B6932
04 0000000|0100110|01100010101111|1111|1011 0x00998AFFB
05 0000000|0100110|01100100010010|1111|0000 0x0099912F0
06 0000011|1110001|01001000101100|0011|1011 0x07C522C3B
07 0000010|1110001|01001111001011|0110|1010 0x05C53CB6A
08 0000010|1110001|01110001001110|1011|1001 0x05C5C4EB9
09 0000101|0100110|01000001011101|0100|1011 0x0A9905D4B
0a 0000101|0010000|01011110001001|0111|0011 0x0A4178973
0b 0000100|0010000|01011111000011|0111|1010 0x08417C37A
0c 0000100|0010000|01111110110100|1110|1001 0x0841FB4E9
0d 0000110|1011011|01100001010111|1110|1011 0x0D6D857EB
0e 0001001|0010000|01010011101101|1100|0011 0x12414EDC3
0f 0001001|0010000|01111011010011|1011|1010 0x1241ED3BA
BX = 100 Event : 53
00 0000001|0010000|01010111110100|0111|0011 0x02415F473
01 0000001|0010000|01001101111111|0010|0001 0x024137F21
02 0000001|0100110|01011000000110|1010|0011 0x0299606A3
03 0000001|0100110|01101010110011|0010|1001 0x0299AB329
04 0000000|0010000|01111110101100|1110|0011 0x0041FACE3
05 0000000|0010000|01111100011101|1101|0000 0x0041F1DD0
06 0000010|1110001|01000000111001|0000|1000 0x05C503908
07 0000011|1011011|01101101010001|0111|1010 0x076DB517A
08 0000101|0100110|01100101111100|1101|0001 0x0A9997CD1
09 0000101|0100110|01101101001111|0001|1010 0x0A99B4F1A
0a 0000101|0100110|01101110101001|0001|1000 0x0A99BA918
0b 0000111|1110001|01000100001011|1010|1000 0x0FC510BA8
0c 0000110|1110001|01001001100011|1110|1001 0x0DC5263E9
0d 0000111|1110001|01111100110111|0000|1011 0x0FC5F370B
0e 0001000|0100110|01000100001111|0000|0001 0x109910F01
0f 0001001|0010000|01010001010100|1011|0001 0x1241454B1
10 0001001|0010000|01010001001000|1010|1000 0x1241448A8
11 0001001|0100110|01110001101101|0010|0001 0x1299C6D21
12 0001000|0010000|01111101101110|1101|1010 0x1041F6EDA
BX = 101 Event : 54
00 0000001|0100110|01110000010000|0100|0010 0x0299C1042
01 0000001|0010000|01110101010110|1001|0011 0x0241D5693
02 0000000|0010000|01111111100000|1110|1010 0x0041FE0EA
03 0000011|1110001|01000001110011|0000|0010 0x07C507302
04 0000010|1011011|01011111000011|0000|1010 0x056D7C30A
05 0000011|1110001|01110111101001|1110|1000 0x07C5DE9E8
06 0000011|1110001|01111001001011|1111|0001 0x07C5E4BF1
07 0000011|1110001|01111001010000|1111|0100 0x07C5E50F4
08 0001001|0010000|01100010101111|0110|1010 0x12418AF6A
09 0001001|0100110|01100101000001|1010|0010 0x1299941A2
0a 0001000|0010000|01111110000010|1101|1000 0x1041F82D8
0b 0001000|0010000|01111101101010|1101|1001 0x1041F6AD9
0c 0001000|0010000|01111101010010|1100|1010 0x1041F52CA
BX = 110 Event : 55
00 0000000|0010000|01001011101110|0001|1011 0x00412EE1B
01 0000001|0010000|01111011100100|1100|0001 0x0241EE4C1
02 0000000|0010000|01111010100000|1100|1001 0x0041EA0C9
03 0000010|1110001|01000010100011|0000|0011 0x05C50A303
04 0000011|1011011|01101011111001|0111|1001 0x076DAF979
05 0000011|1110001|01111010100011|0000|0001 0x07C5EA301
06 0000101|0010000|01011010000111|0100|0000 0x0A4168740
07 0000100|0010000|01010010101101|0000|1010 0x08414AD0A
08 0000100|0010000|01111100010011|1100|0000 0x0841F13C0
09 0000100|0010000|01111001001110|1010|1001 0x0841E4EA9
0a 0000111|1011011|01101001111001|0011|0000 0x0F6DA7930
0b 0000111|1011011|01100000111000|1110|0010 0x0F6D838E2
0c 0001000|0010000|01100000111010|0101|1010 0x104183A5A
BX = 111 Event : 56
00 0000001|0100110|01100111111000|0000|1000 0x02999F808
01 0000001|0100110|01101000001001|0000|1001 0x0299A0909
02 0000011|1011011|01101010110111|0110|1010 0x076DAB76A
03 0000010|1011011|01100010110101|0010|0001 0x056D8B521
04 0000010|1110001|01101111011010|1010|0010 0x05C5BDAA2
05 0000010|1110001|01110000001001|1011|0011 0x05C5C09B3
06 0000111|1011011|01000000111011|0111|0001 0x0F6D03B71
07 0000111|1011011|01000000110111|0111|0100 0x0F6D03774
08 0000111|1110001|01000010010110|1001|0011 0x0FC509693
09 0000110|1110001|01111010000010|1111|1011 0x0DC5E82FB
0a 0001001|0010000|01011001000001|0000|0011 0x124164103
BX = 000 Event : 57
00 0000000|0010000|01000100001010|1111|0011 0x004110AF3
01 0000001|0100110|01110001101100|0101|1001 0x0299C6C59
02 0000000|0010000|01111010110111|1100|1001 0x0041EB7C9
03 0000011|1011011|01101100001100|0111|0000 0x076DB0C70
04 0000011|1110001|01101100101100|1001|0000 0x07C5B2C90
05 0000011|1110001|01110101100101|1101|1001 0x07C5D65D9
06 0000110|1011011|01100100000110|0000|1010 0x0D6D9060A
07 0000111|1110001|01111001111010|1111|1000 0x0FC5E7AF8
08 0000110|1110001|01111010110101|0000|1010 0x0DC5EB50A
09 0001000|0100110|01001110010100|0110|1011 0x10993946B
0a 0001001|0010000|01010000100000|1010|0001 0x1241420A1
BX = 001 Event : 58
00 0000000|0010000|01011000001100|0111|0010 0x004160C72
01 0000000|0100110|01100100011000|0000|0011 0x009991803
02 0000000|0100110|01110011001100|0101|0011 0x0099CCC53
03 0000001|0010000|01111101011101|1101|1010 0x0241F5DDA
04 0000000|0010000|01110011101000|1001|0001 0x0041CE891
05 0000000|0010000|01110011100011|1001|0011 0x0041CE393
06 0000011|1011011|01011100100101|1111|0011 0x076D725F3
07 0000010|1011011|01101101110010|0111|0000 0x056DB7270
08 0000101|0010000|01010001110001|0000|1010 0x0A414710A
09 0000101|0100110|01101010011011|0000|0011 0x0A99A9B03
0a 0000100|0100110|01101100110111|0000|1010 0x0899B370A
0b 0000110|1110001|01011000000110|0110|0001 0x0DC560661
BX = 010 Event : 59
00 0000001|0010000|01010011101111|0101|0010 0x02414EF52
01 0000001|0010000|01000010011010|1110|1011 0x024109AEB
02 0000001|0100110|01100001011011|1110|1010 0x029985BEA
03 0000000|0100110|01100000011001|1110|0011 0x0099819E3
04 0000010|1011011|01100000101011|0000|1010 0x056D82B0A
05 0000100|0100110|01000000111010|0100|0010 0x089903A42
06 0000101|0010000|01001011101011|1100|0011 0x0A412EBC3
07 0000100|0010000|01011111101000|0111|0011 0x08417E873
08 0000100|0100110|01011110100010|1001|0011 0x08997A293
09 0000100|0100110|01101011111000|0000|0000 0x0899AF800
0a 0000110|1011011|01000000001101|0110|1001 0x0D6D00D69
0b 0000110|1110001|01001001011001|1110|0011 0x0DC5259E3
0c 0000111|1011011|01110000001011|0111|0001 0x0F6DC0B71
0d 0000111|1011011|01101111110010|0111|0000 0x0F6DBF270
0e 0000111|1011011|01011101000001|1011|1010 0x0F6D741BA
BX = 011 Event : 60
00 0000001|0100110|01011101001001|1100|0010 0x0299749C2
01 0000010|1011011|01010001000111|1010|0011 0x056D447A3
02 0000010|1011011|01001111101011|1001|1001 0x056D3EB99
03 0000010|1110001|01111011111011|0000|1000 0x05C5EFB08
04 0000101|0010000|01001100011101|1101|1000 0x0A4131DD8
05 0000101|0010000|01001100010111|1101|0010 0x0A41317D2
06 0000101|0010000|01001100010011|1101|1000 0x0A41313D8
07 0000101|0100110|01101101100011|0001|0001 0x0A99B6311
08 0000101|0100110|01110001100011|0011|1010 0x0A99C633A
09 0000101|0010000|01111011010011|1011|0000 0x0A41ED3B0
0a 0000111|1110001|01000100110000|1011|1000 0x0FC5130B8
0b 0000111|1110001|01010111100110|0110|0100 0x0FC55E664
0c 0000111|1011011|01101001001111|0011|0011 0x0F6DA4F33
0d 0000111|1110001|01110011111101|1011|0010 0x0FC5CFDB2
BX = 100 Event : 61
00 0000000|0100110|01101100010001|0010|0000 0x0099B1120
01 0000001|0010000|01111000101010|1011|0011 0x0241E2AB3
02 0000000|0010000|01111111110000|1110|0010 0x0041FF0E2
03 0000010|1110001|01001011010110|0100|1000 0x05C52D648
04 0000010|1110001|01001111111100|0110|0000 0x05C53FC60
05 0000010|1011011|01010000100001|1001|0010 0x056D42192
06 0000011|1110001|01110011101000|1100|0001 0x07C5CE8C1
07 0000010|1110001|01110001011001|1011|0010 0x05C5C59B2
08 0000101|0100110|01000000000011|0011|1011 0x0A990033B
09 0000101|0010000|01011011110000|0101|1000 0x0A416F058
0a 0000101|0100110|01110000100010|0011|0011 0x0A99C2233
0b 0000101|0100110|01110110010110|0110|1000 0x0A99D9668
0c 0000100|0100110|01100000111100|1011|0011 0x089983CB3
0d 0000100|0100110|01101001011001|1111|0011 0x0899A59F3
0e 0000100|0010000|01111111110001|1110|0001 0x0841FF1E1
0f 0000111|1110001|01010101001111|0101|1000 0x0FC554F58
10 0000111|1011011|01100101100011|0000|1011 0x0F6D9630B
11 0000111|1011011|01100100100100|0000|1000 0x0F6D92408
12 0000111|1011011|01100001000100|1110|0100 0x0F6D844E4
13 0000111|1110001|01111000101111|1110|1000 0x0FC5E2FE8
14 0001001|0100110|01000101001111|0000|0001 0x129914F01
15 0001000|0010000|01100011011001|0110|0001 0x10418D961
16 0001000|0100110|01100011010110|1001|0001 0x10998D691
BX = 101 Event : 62
00 0000001|0010000|01000100100101|1111|0011 0x0241125F3
01 0000000|0010000|01001001010001|0000|1000 0x004125108
02 0000000|0100110|01100000010001|1110|1011 0x0099811EB
03 0000000|0100110|01101100100001|0010|1000 0x0099B2128
04 0000000|0100110|01101111011000|0011|0001 0x0099BD831
05 0000000|0010000|01110101110110|1010|0011 0x0041D76A3
06 0000010|1110001|01000010111010|0000|1010 0x05C50BA0A
07 0000010|1110001|01000011010010|0000|1010 0x05C50D20A
08 0000011|1011011|01100011111011|0010|1011 0x076D8FB2B
09 0000101|0010000|01010000000100|1111|0011 0x0A41404F3
0a 0000111|1110001|01010001100001|0010|0000 0x0FC546120
0b 0000111|1110001|01010001110000|0010|0001 0x0FC547021
0c 0001000|0100110|01001001100010|0011|1001 0x109926239
BX = 110 Event : 63
00 0000000|0100110|01101100000010|0010|0010 0x0099B0222
01 0000110|1110001|01011001001100|0111|1011 0x0DC564C7B
02 0000110|1011011|01100010100111|1111|1001 0x0D6D8A7F9
03 0000110|1011011|01011000110100|1001|1011 0x0D6D6349B
04 0000111|1110001|01110010111010|1010|1001 0x0FC5CBAA9
05 0000111|1110001|01111010000000|1111|0001 0x0FC5E80F1
06 0000110|1110001|01110100110010|1100|0000 0x0DC5D32C0
07 0001001|0100110|01101011011001|1110|1011 0x1299AD9EB
08 0001001|0100110|01101100100001|1111|1001 0x1299B21F9
09 0001000|0010000|01111001111110|1010|0001 0x1041E7EA1
BX = 111 Event : 64
00 0000001|0100110|01011111000111|1101|0000 0x02997C7D0
01 0000010|1110001|01000010001001|0000|0010 0x05C508902
02 0000010|1110001|01001010000100|0011|0100 0x05C528434
03 0000011|1011011|01010100110000|1011|1010 0x076D530BA
04 0000011|1011011|01010010111010|1010|1011 0x076D4BAAB
05 0000010|1011011|01100101010001|0011|0000 0x056D95130
06 0000010|1110001|01111010000111|0000|0011 0x05C5E8703
07 0000100|0100110|01000010111110|0101|1001 0x08990BE59
08 0000100|0010000|01010101111100|0010|1010 0x084157C2A
09 0000100|0100110|01111001010110|0111|1000 0x0899E5678
0a 0000100|0010000|01111001011100|1010|1001 0x0841E5CA9
0b 0000111|1110001|01001101100100|0000|0001 0x0FC536401
0c 0000110|1110001|01111110100010|0001|1011 0x0DC5FA21B
0d 0001000|0010000|01011011111001|0001|0011 0x10416F913
BX = 000 Event : 65
00 0000001|0010000|01010010101011|0101|0001 0x02414AB51
01 0000010|1110001|01010001111001|0111|0010 0x05C547972
02 0000010|1011011|01010010101101|1010|1010 0x056D4ADAA
03 0000010|1011011|01010010100111|1010|0000 0x056D4A7A0
04 0000101|0100110|01000010110001|0101|1000 0x0A990B158
05 0000101|0010000|01010110010001|0010|0010 0x0A4159122
06 0000101|0010000|01001001011110|1011|0010 0x0A4125EB2
07 0000110|1011011|01011010111000|1010|1010 0x0D6D6B8AA
08 0000110|1110001|01111001011000|1111|0100 0x0DC5E58F4
BX = 001 Event : 66
00 0000000|0010000|01000101110100|0000|1010 0x00411740A
01 0000001|0100110|01100101101010|0000|1000 0x029996A08
02 0000000|0100110|01110101111101|0110|1011 0x0099D7D6B
03 0000001|0010000|01111001000100|1011|0011 0x0241E44B3
04 0000001|0010000|01110101100010|1001|1001 0x0241D6299
05 0000010|1011011|01100110011000|0011|0001 0x056D99831
06 0000010|1011011|01010001010101|1010|0100 0x056D455A4
07 0000010|1110001|01111101011110|0001|0001 0x05C5F5E11
08 0000101|0010000|01011001011001|0100|1000 0x0A4165948
09 0000111|1110001|01001011110101|1111|0000 0x0FC52F5F0
0a 0000111|1110001|01010001001111|0010|0001 0x0FC544F21
BX = 010 Event : 67
00 0000001|0100110|01011100000110|1100|1000 0x0299706C8
01 0000001|0100110|01100000101001|1110|1000 0x0299829E8
02 0000000|0100110|01011110000111|1101|1010 0x0099787DA
03 0000001|0010000|01111111011001|1110|0001 0x0241FD9E1
04 0000000|0010000|01111111100011|1110|0010 0x0041FE3E2
05 0000011|1110001|01110001110011|1011|1000 0x07C5C73B8
06 0000100|0100110|01101111001101|0010|1001 0x0899BCD29
07 0000100|0100110|01110111001100|0110|0000 0x0899DCC60
08 0000100|0100110|01110111111101|0111|1010 0x0899DFD7A
09 0000101|0010000|01111110011100|1101|0010 0x0A41F9CD2
0a 0000111|1110001|01000110101000|1100|0000 0x0FC51A8C0
0b 0000111|1110001|01000110111101|1100|1000 0x0FC51BDC8
0c 0000110|1110001|01010010011010|0011|0010 0x0DC549A32
0d 0000110|1110001|01010111010010|0110|0010 0x0DC55D262
0e 0000111|1011011|01011100111011|1011|1010 0x0F6D73BBA
0f 0000110|1110001|01111111010111|0010|0010 0x0DC5FD722
10 0001001|0100110|01101110001001|0000|1010 0x1299B890A
11 0001001|0100110|01110111101010|0110|1001 0x1299DEA69
BX = 011 Event : 68
00 0000011|1110001|01000011000001|0000|0001 0x07C50C101
01 0000011|1110001|01001010010000|0100|1011 0x07C52904B
02 0000010|1011011|01101000110011|0101|1011 0x056DA335B
03 0000010|1011011|01101000010100|0100|0011 0x056DA1443
04 0000101|0010000|01010111100100|0011|0001 0x0A415E431
05 0000100|0010000|01010001111110|0000|1011 0x084147E0B
06 0000100|0010000|01001011110110|1101|1001 0x08412F6D9
07 0000111|1110001|01000111000111|1100|1011 0x0FC51C7CB
08 0001000|0100110|01001100010111|0101|1001 0x109931759
BX = 100 Event : 69
00 0000000|0010000|01010100100000|0101|1010 0x00415205A
01 0000001|0100110|01011111100011|1101|1001 0x02997E3D9
02 0000000|0100110|01011000100001|1010|0000 0x0099621A0
03 0000011|1110001|01001100000000|0101|0011 0x07C530053
04 0000011|1110001|01001100110000|0101|0001 0x07C533051
05 0000010|1011011|01010101100000|1100|1000 0x056D560C8
06 0000101|0010000|01001100110100|1101|1000 0x0A41334D8
07 0000100|0010000|01010010110100|0000|1010 0x08414B40A
08 0000101|0100110|01101100000011|0000|0000 0x0A99B0300
09 0000111|1110001|01010000100010|0010|1010 0x0FC54222A
BX = 101 Event : 70
00 0000000|0010000|01110110101010|1010|1001 0x0041DAAA9
01 0000000|0010000|01110110011110|1010|0011 0x0041D9EA3
02 0000011|1110001|01110101111011|1110|1000 0x07C5D7BE8
03 0000101|0010000|01010101111010|0010|0001 0x0A4157A21
04 0000100|0010000|01110110011000|1001|0000 0x0841D9890
05 0000111|1110001|01110000101100|1001|0011 0x0FC5C2C93
06 0001001|0100110|01001011111011|0101|1001 0x12992FB59
07 0001000|0010000|01010011111101|1101|0000 0x10414FDD0
BX = 110 Event : 71
00 0000000|0010000|01010011111111|0101|0000 0x00414FF50
01 0000001|0100110|01100000011100|1110|0011 0x029981CE3
02 0000000|0100110|01110001110001|0100|0000 0x0099C7140
03 0000010|1110001|01010000110111|0111|0001 0x05C543771
04 0000010|1011011|01100001111000|0001|0100 0x056D87814
05 0000010|1011011|01010001000010|1001|0001 0x056D44291
06 0000101|0100110|01110100000010|0101|0011 0x0A99D0253
07 0000100|0100110|01100010101110|1100|1000 0x08998AEC8
08 0000111|1011011|01100011110110|0000|1010 0x0F6D8F60A
09 0001000|0100110|01001011100100|0100|1001 0x10992E449
0a 0001000|0010000|01100100100001|0111|1000 0x104192178
0b 0001000|0010000|01010100111110|1101|1011 0x104153EDB
0c 0001000|0100110|01100100100001|1010|0000 0x1099921A0
BX = 111 Event : 72
00 0000000|0010000|01001010110101|0001|1000 0x00412B518
01 0000001|0100110|01100111010110|0000|1010 0x02999D60A
02 0000000|0100110|01010100101011|1001|0011 0x009952B93
03 0000000|0100110|01010101110001|1001|1011 0x00995719B
04 0000000|0100110|01110111011011|0111|1010 0x0099DDB7A
05 0000000|0010000|01111100101011|1101|1001 0x0041F2BD9
06 0000011|1110001|01001111001011|0110|1010 0x07C53CB6A
07 0000010|1110001|01010000000001|0110|1010 0x05C54016A
08 0000101|0100110|01000000111111|0100|1000 0x0A9903F48
09 0000101|0100110|01100110010111|1110|0000 0x0A99997E0
0a 0000110|1011011|01101011000111|0100|0011 0x0D6DAC743
0b 0000110|1110001|01111100110100|0000|1011 0x0DC5F340B
0c 0001001|0010000|01010001000001|1010|0011 0x1241441A3
0d 0001001|0100110|01100101010010|1010|0011 0x1299952A3
0e 0001001|0100110|01110001111011|0010|0000 0x1299C7B20
BX = 000 Event : 73
00 0000001|0010000|01010111001000|0111|1001 0x02415C879
01 0000000|0010000|01001010101100|0001|0001 0x00412AC11
02 0000000|0010000|01001010001100|0001|1010 0x004128C1A
03 0000001|0100110|01011000011001|1010|0000 0x0299619A0
04 0000000|0100110|01010111011001|1010|1001 0x00995D9A9
05 0000000|0100110|01011101000100|1100|1011 0x0099744CB
06 0000001|0010000|01111110111110|1110|1001 0x0241FBEE9
07 0000001|0010000|01111000001000|1010|1001 0x0241E08A9
08 0000010|1110001|01001111001101|0110|0010 0x05C53CD62
09 0000010|1011011|01001111100010|1001|0000 0x056D3E290
0a 0000101|0010000|01111101111100|1101|0000 0x0A41F7CD0
0b 0000110|1110001|01110011101110|1011|0010 0x0DC5CEEB2
BX = 001 Event : 74
00 0000000|0010000|01011000000010|0111|0000 0x004160270
01 0000000|0100110|01010111110111|1010|1011 0x00995F7AB
02 0000000|0100110|01011000111000|1010|1000 0x0099638A8
03 0000000|0010000|01111110011101|1110|0000 0x0041F9DE0
04 0000010|1011011|01101101011101|0111|0010 0x056DB5D72
05 0000010|1110001|01101110001001|1010|1010 0x05C5B89AA
06 0000101|0010000|01001110101010|1110|0000 0x0A413AAE0
07 0000110|1110001|01111110011011|0001|0011 0x0DC5F9B13
08 0001000|0100110|01110011111110|0011|0011 0x1099CFE33
BX = 010 Event : 75
00 0000000|0010000|01000010111111|1110|1011 0x00410BFEB
01 0000000|0100110|01011001011101|1011|1001 0x009965DB9
02 0000101|0010000|01001000010100|1010|1010 0x0A41214AA
03 0000100|0010000|01001110110010|1110|1001 0x08413B2E9
04 0000100|0100110|01110001111010|0011|0011 0x0899C7A33
05 0000100|0100110|01111001001111|0111|0011 0x0899E4F73
06 0000100|0010000|01111010000000|1011|0010 0x0841E80B2
07 0000110|1110001|01001111010111|0001|1011 0x0DC53D71B
08 0000111|1110001|01110110000110|1100|0000 0x0FC5D86C0
09 0000111|1110001|01111000001011|1110|0010 0x0FC5E0BE2
0a 0000110|1110001|01101111111110|1001|1011 0x0DC5BFE9B
0b 0001001|0100110|01110000111101|0001|1010 0x1299C3D1A
0c 0001000|0100110|01110111001101|0101|0010 0x1099DCD52
BX = 011 Event : 76
00 0000000|0010000|01010111111110|0111|0001 0x00415FE71
01 0000001|0100110|01100001111011|1110|1011 0x029987BEB
02 0000000|0100110|01011101111100|1101|0001 0x009977CD1
03 0000000|0010000|01111000111101|1011|1001 0x0041E3DB9
04 0000011|1110001|01000011110111|0000|1000 0x07C50F708
05 0000010|1011011|01010101111101|1100|0000 0x056D57DC0
06 0000010|1110001|01110101100000|1110|1011 0x05C5D60EB
07 0000101|0010000|01011011010111|0101|1001 0x0A416D759
08 0000101|0010000|01010011111101|0000|0001 0x0A414FD01
09 0000100|0100110|01110001000110|0011|1010 0x0899C463A
0a 0000100|0100110|01110011011100|0100|1001 0x0899CDC49
0b 0000100|0100110|01111000010011|0111|1001 0x0899E1379
0c 0000100|0010000|01110111111101|1010|1001 0x0841DFDA9
0d 0000111|1110001|01000110000011|1100|0001 0x0FC5183C1
0e 0000111|1110001|01010000110001|0010|1001 0x0FC543129
0f 0000110|1011011|01100001010100|1110|1010 0x0D6D854EA
10 0001000|0100110|01001110010000|0110|0001 0x109939061
BX = 100 Event : 77
00 0000000|0010000|01010001010110|0100|0010 0x004145642
01 0000000|0100110|01100110100101|0000|1011 0x00999A50B
02 0000001|0010000|01110101101001|1001|0011 0x0241D6993
03 0000001|0010000|01110100011111|1001|0010 0x0241D1F92
04 0000011|1011011|01100111101100|0100|0010 0x076D9EC42
05 0000010|1011011|01010101110110|1100|0100 0x056D576C4
06 0000011|1110001|01110011011110|1100|1001 0x07C5CDEC9
07 0000011|1110001|01111011100011|0000|1001 0x07C5EE309
08 0000101|0100110|01000100011110|0110|1000 0x0A9911E68
09 0000101|0010000|01001010011001|1100|1000 0x0A41299C8
0a 0000101|0010000|01001010001111|1100|1001 0x0A4128FC9
0b 0000100|0010000|01011001101111|0100|0010 0x084166F42
0c 0000100|0100110|01111001000001|0111|1010 0x0899E417A
0d 0000100|0010000|01111101001001|1101|1010 0x0841F49DA
0e 0000111|1011011|01011111110110|1101|1000 0x0F6D7F6D8
0f 0000111|1011011|01011011111111|1011|1001 0x0F6D6FFB9
10 0000110|1011011|01101111000011|0110|1001 0x0D6DBC369
11 0000110|1110001|01101111110101|1001|1010 0x0DC5BF59A
12 0001000|0010000|01011111111000|0100|1000 0x10417F848
13 0001000|0010000|01011100110011|0010|0000 0x104173320
BX = 101 Event : 78
00 0000001|0010000|01010100011001|0101|0010 0x024151952
01 0000000|0100110|01101011001110|0010|0011 0x0099ACE23
02 0000011|1011011|01100101001101|0011|1001 0x076D94D39
03 0000011|1011011|01100101000100|0011|0011 0x076D94433
04 0000011|1011011|01011110010000|0000|1011 0x076D7900B
05 0000010|1011011|01101100011100|0110|1000 0x056DB1C68
06 0000011|1110001|01101101111001|1001|0000 0x07C5B7990
07 0000011|1110001|01101111010110|1010|0000 0x07C5BD6A0
08 0000010|1110001|01101101001010|1001|0010 0x05C5B4A92
09 0000010|1110001|01101110110000|1010|1011 0x05C5BB0AB
0a 0000010|1110001|01110001001101|1011|1011 0x05C5C4DBB
0b 0000101|0100110|01110010010000|0100|0001 0x0A99C9041
0c 0000100|0100110|01101100100001|0000|1001 0x0899B2109
0d 0000100|0100110|01101111011010|0010|1000 0x0899BDA28
0e 0000101|0010000|01111111111000|1110|0010 0x0A41FF8E2
0f 0000101|0010000|01111110111111|1101|0001 0x0A41FBFD1
10 0000100|0010000|01111011101110|1100|0001 0x0841EEEC1
11 0000110|1110001|01000111011100|1101|0001 0x0DC51DCD1
12 0000111|1011011|01011010001110|1001|0001 0x0F6D68E91
13 0000110|1110001|01110101100010|1100|1001 0x0DC5D62C9
14 0001001|0100110|01000001100010|1110|0011 0x1299062E3
BX = 110 Event : 79
00 0000001|0010000|01001010001110|0001|1000 0x024128E18
01 0000000|0010000|01000110011001|0000|0010 0x004119902
02 0000000|0100110|01011111110010|1101|1000 0x00997F2D8
03 0000000|0100110|01101000010011|0000|0010 0x0099A1302
04 0000000|0100110|01110111010010|0111|0010 0x0099DD272
05 0000000|0010000|01110111110111|1011|0010 0x0041DF7B2
06 0000000|0010000|01110101011001|1010|1001 0x0041D59A9
07 0000011|1110001|01000111110001|0010|1000 0x07C51F128
08 0000011|1011011|01011111011010|0000|0011 0x076D7DA03
09 0000101|0010000|01010100011010|0001|0001 0x0A4151A11
0a 0000100|0010000|01111100100111|1100|1000 0x0841F27C8
0b 0000110|1011011|01101110110000|0110|1010 0x0D6DBB06A
0c 0001000|0100110|01001111011101|0111|1011 0x10993DD7B
0d 0001001|0010000|01100000101100|0101|0001 0x124182C51
BX = 111 Event : 80
00 0000000|0010000|01011000110000|0111|0010 0x004163072
01 0000000|0010000|01001100100011|0010|1000 0x004132328
02 0000000|0010000|01001100010101|0001|0011 0x004131513
03 0000000|0100110|01010101010010|1001|0010 0x009955292
04 0000000|0010000|01111111100001|1110|0001 0x0041FE1E1
05 0000000|0010000|01111110000110|1101|0001 0x0041F86D1
06 0000011|1110001|01001101001001|0101|1001 0x07C534959
07 0000011|1011011|01101011001110|0110|0000 0x076DACE60
08 0000011|1011011|01101010101111|0110|1001 0x076DAAF69
09 0000011|1110001|01111101111101|0001|0001 0x07C5F7D11
0a 0000010|1110001|01111100111010|0000|0001 0x05C5F3A01
0b 0000110|1110001|01000011010100|1010|0010 0x0DC50D4A2
0c 0000110|1011011|01110000100110|0111|0000 0x0D6DC2670
0d 0000110|1110001|01110001000011|1001|1000 0x0DC5C4398
0e 0001001|0010000|01100000111110|0101|0011 0x124183E53
0f 0001001|0010000|01100000010001|0100|0010 0x124181142
10 0001000|0100110|01100100110101|1010|1011 0x1099935AB
BX = 000 Event : 81
00 0000001|0010000|01011000000011|0111|0001 0x024160371
01 0000001|0010000|01010100101010|0110|0001 0x024152A61
02 0000100|0010000|01111010001101|1011|1010 0x0841E8DBA
03 0000110|1011011|01100100011011|0000|0100 0x0D6D91B04
BX = 001 Event : 82
00 0000000|0010000|01011001000100|0111|1001 0x004164479
01 0000001|0100110|01011001111110|1010|1010 0x029967EAA
02 0000001|0100110|01011010110000|1011|0010 0x02996B0B2
03 0000101|0010000|01010100011001|0001|0000 0x0A4151910
04 0000110|1110001|01001110100000|0000|0001 0x0DC53A001
05 0000110|1110001|01010011000001|0011|1011 0x0DC54C13B
06 0000110|1011011|01100001111111|1111|1010 0x0D6D87FFA
07 0000110|1110001|01111001100010|1111|0001 0x0DC5E62F1
08 0000110|1110001|01111111101011|0010|0000 0x0DC5FEB20
BX = 010 Event : 83
00 0000010|1110001|01001010111100|0100|1011 0x05C52BC4B
01 0000010|1011011|01011111010000|0000|0001 0x056D7D001
02 0000010|1011011|01010110010101|1100|0100 0x056D595C4
03 0000100|0100110|01110100011111|0101|0001 0x0899D1F51
04 0000110|1110001|01001111110001|0001|0010 0x0DC53F112
05 0000110|1110001|01111101001110|0000|0001 0x0DC5F4E01
06 0001001|0100110|01001111001100|0111|0001 0x12993CC71
07 0001001|0010000|01010011110010|1100|1000 0x12414F2C8
08 0001001|0100110|01101100011111|1111|1010 0x1299B1FFA
BX = 011 Event : 84
00 0000011|1110001|01000100001010|0000|1000 0x07C510A08
01 0000010|1110001|01001100010101|0101|0010 0x05C531552
02 0000100|0100110|01000110010011|0111|0000 0x089919370
03 0000100|0010000|01011100010111|0101|0010 0x084171752
04 0000110|1011011|01000000110001|0110|0010 0x0D6D03162
05 0000110|1110001|01000000111110|1001|0001 0x0DC503E91
06 0000110|1110001|01111010111011|0000|1001 0x0DC5EBB09
BX = 100 Event : 85
00 0000000|0010000|01001010110101|0001|0001 0x00412B511
01 0000000|0100110|01101110100100|0011|1010 0x0099BA43A
02 0000000|0100110|01101111011000|0011|1010 0x0099BD83A
03 0000000|0010000|01111101110010|1101|0011 0x0041F72D3
04 0000010|1011011|01001111110110|1001|1011 0x056D3F69B
05 0000010|1011011|01001111100000|1001|0001 0x056D3E091
06 0000101|0100110|01100100100100|1100|0011 0x0A99924C3
07 0000101|0100110|01101001001100|1111|0001 0x0A99A4CF1
08 0000100|0100110|01110100011011|0101|0010 0x0899D1B52
09 0000111|1110001|01001100011100|0000|1000 0x0FC531C08
0a 0000110|1110001|01001101010100|0000|1000 0x0DC535408
0b 0000111|1011011|01101001100011|0011|1011 0x0F6DA633B
0c 0000111|1011011|01100001001110|1110|1001 0x0F6D84EE9
0d 0000110|1011011|01100111000000|0001|0011 0x0D6D9C013
0e 0001000|0100110|01001100010111|0101|0010 0x109931752
0f 0001000|0010000|01011011100000|0001|0001 0x10416E011
BX = 101 Event : 86
00 0000000|0010000|01000101010010|1111|1000 0x0041152F8
01 0000000|0100110|01110100010000|0110|1010 0x0099D106A
02 0000000|0010000|01110100010011|1001|0011 0x0041D1393
03 0000010|1110001|01110001101110|1100|0001 0x05C5C6EC1
04 0000101|0010000|01011001100011|0100|0011 0x0A4166343
05 0000111|1011011|01101111110000|0111|0100 0x0F6DBF074
06 0000111|1011011|01101111101100|0111|1001 0x0F6DBEC79
07 0000111|1011011|01101011001011|0100|1011 0x0F6DACB4B
08 0000111|1110001|01111011111110|0000|0100 0x0FC5EFE04
09 0000110|1110001|01111010000111|1111|1001 0x0DC5E87F9
0a 0001001|0010000|01100001100100|0101|0000 0x124186450
0b 0001000|0010000|01111011001010|1011|0011 0x1041ECAB3
BX = 110 Event : 87
00 0000001|0010000|01011000011000|0111|1011 0x02416187B
01 0000001|0010000|01010001000010|0100|1010 0x02414424A
02 0000000|0010000|01000011001010|1110|0001 0x00410CAE1
03 0000001|0100110|01011000101011|1010|1010 0x029962BAA
04 0000001|0100110|01101101111000|0011|0000 0x0299B7830
05 0000101|0010000|01010101110000|0010|0010 0x0A4157022
06 0000100|0010000|01011101000001|0110|1011 0x08417416B
07 0000100|0010000|01011000001110|0011|0000 0x084160E30
08 0000101|0100110|01101000100101|1111|1011 0x0A99A25FB
09 0000100|0010000|01111111011011|1110|1000 0x0841FDBE8
0a 0000111|1011011|01100111101100|0010|1001 0x0F6D9EC29
0b 0000110|1011011|01100111001001|0001|1010 0x0D6D9C91A
0c 0000110|1011011|01100101000111|0000|1010 0x0D6D9470A
0d 0001001|0100110|01001011101111|0101|0011 0x12992EF53
0e 0001001|0010000|01010011100110|1100|1010 0x12414E6CA
0f 0001000|0100110|01101000011110|1100|1000 0x1099A1EC8
BX = 111 Event : 88
00 0000001|0010000|01000000011100|1101|0001 0x024101CD1
01 0000000|0010000|01110111111010|1011|1010 0x0041DFABA
02 0000010|1011011|01101011010001|0110|1011 0x056DAD16B
03 0000010|1011011|01101011000111|0110|0001 0x056DAC761
04 0000010|1011011|01101010100111|0110|1010 0x056DAA76A
05 0000101|0100110|01000000001001|0011|0001 0x0A9900931
06 0000101|0010000|01001111110010|1111|1001 0x0A413F2F9
07 0000100|0100110|01100101110010|1101|1010 0x0899972DA
BX = 000 Event : 89
00 0000001|0010000|01001100000101|0010|1000 0x024130528
01 0000000|0010000|01010011010000|0101|1000 0x00414D058
02 0000000|0100110|01100111010010|0000|1001 0x00999D209
03 0000011|1110001|01110110011100|1110|1010 0x07C5D9CEA
04 0000011|1110001|01111111000100|0010|0000 0x07C5FC420
05 0000100|0010000|01011111111001|0111|0010 0x08417F972
06 0000100|0010000|01011101000000|0110|0010 0x084174062
07 0000100|0100110|01100011001001|1100|1010 0x08998C9CA
08 0000100|0100110|01110110111100|0110|1000 0x0899DBC68
09 0000101|0010000|01111111100100|1110|1010 0x0A41FE4EA
0a 0000100|0010000|01110111001001|1001|1000 0x0841DC998
0b 0000111|1110001|01001011101111|1111|0100 0x0FC52EFF4
0c 0000111|1110001|01001110110010|0000|1001 0x0FC53B209
0d 0000111|1110001|01001110111011|0001|0000 0x0FC53BB10
0e 0000110|1110001|01111110000000|0001|1001 0x0DC5F8019
0f 0001001|0010000|01111001100111|1001|0001 0x1241E6791
BX = 001 Event : 90
00 0000000|0010000|01010110101100|0110|1001 0x00415AC69
01 0000000|0100110|01010110010011|1001|1001 0x009959399
02 0000000|0100110|01011100111010|1100|0000 0x009973AC0
03 0000100|0100110|01000010001110|0100|0001 0x089908E41
04 0000101|0010000|01011100011100|0110|1010 0x0A4171C6A
05 0000101|0010000|01000110001110|1001|1011 0x0A4118E9B
06 0000100|0100110|01110101101100|0101|0001 0x0899D6C51
07 0000110|1110001|01111010100110|0000|0100 0x0DC5EA604
08 0001001|0100110|01001010101111|0100|1001 0x12992AF49
09 0001001|0100110|01110010010110|0010|0000 0x1299C9620
BX = 010 Event : 91
00 0000001|0010000|01001110101110|0011|1011 0x02413AE3B
01 0000000|0100110|01110101101011|0110|1011 0x0099D6B6B
02 0000000|0010000|01110100111011|1001|0000 0x0041D3B90
03 0000011|1110001|01001101111011|0110|1010 0x07C537B6A
04 0000010|1110001|01000011101111|0000|1000 0x05C50EF08
05 0000010|1110001|01000110110000|0010|0010 0x05C51B022
06 0000011|1110001|01111111111000|0010|1010 0x07C5FF82A
07 0000101|0100110|01100110110000|1110|0010 0x0A999B0E2
08 0000100|0010000|01110110110111|1001|1000 0x0841DB798
09 0000100|0010000|01110110101101|1001|1001 0x0841DAD99
0a 0000110|1011011|01101000101101|0010|0011 0x0D6DA2D23
0b 0000110|1110001|01111000100001|1110|0010 0x0DC5E21E2
0c 0001001|0100110|01101100010000|1111|0000 0x1299B10F0
0d 0001000|0010000|01111001010110|1010|1001 0x1041E56A9
BX = 011 Event : 92
00 0000001|0010000|01000000011010|1101|0010 0x024101AD2
01 0000000|0010000|01110111111010|1011|1010 0x0041DFABA
02 0000010|1011011|01101011010001|0110|1011 0x056DAD16B
03 0000010|1011011|01101011000111|0110|0001 0x056DAC761
04 0000010|1011011|01101010100111|0110|1010 0x056DAA76A
05 0000101|0100110|01000000001001|0011|0001 0x0A9900931
06 0000101|0010000|01001111110010|1111|1001 0x0A413F2F9
07 0000100|0100110|01100101110010|1101|1010 0x0899972DA
BX = 100 Event : 93
00 0000000|0010000|01000101011001|1111|0010 0x0041159F2
01 0000001|0100110|01110001000011|0100|0010 0x0299C4342
02 0000000|0100110|01110111001111|0111|0000 0x0099DCF70
03 0000000|0010000|01110100110000|1001|1011 0x0041D309B
04 0000011|1011011|01100101011010|0011|1001 0x076D95A39
05 0000100|0010000|01001001111111|1100|0010 0x084127FC2
06 0000101|0100110|01100011011111|1100|1001 0x0A998DFC9
07 0000101|0100110|01101010001000|0000|0000 0x0A99A8800
08 0000100|0100110|01101001100110|0000|1011 0x0899A660B
09 0000100|0100110|01101001101011|0000|1000 0x0899A6B08
0a 0000100|0100110|01101010010100|0000|1001 0x0899A9409
BX = 101 Event : 94
00 0000001|0010000|01010000110110|0100|0010 0x024143642
01 0000001|0010000|01001101110001|0010|1000 0x024137128
02 0000000|0010000|01010110101100|0110|1001 0x00415AC69
03 0000000|0100110|01010110010011|1001|1001 0x009959399
04 0000000|0100110|01011100111010|1100|0000 0x009973AC0
05 0000100|0100110|01000010001110|0100|0001 0x089908E41
06 0000101|0010000|01011100011100|0110|1010 0x0A4171C6A
07 0000100|0100110|01110101101100|0101|0001 0x0899D6C51
08 0000110|1110001|01111010100110|0000|0100 0x0DC5EA604
09 0001001|0100110|01110010010110|0010|0000 0x1299C9620
BX = 110 Event : 95
00 0000000|0010000|01001011000011|0001|0011 0x00412C313
01 0000001|0100110|01011110011010|1101|0011 0x029979AD3
02 0000001|0100110|01101000010001|0000|1010 0x0299A110A
03 0000011|1110001|01000011110111|0000|1000 0x07C50F708
04 0000011|1011011|01011010011010|1110|1011 0x076D69AEB
05 0000010|1011011|01010101111101|1100|0000 0x056D57DC0
06 0000101|0010000|01011011010111|0101|1001 0x0A416D759
07 0000101|0010000|01010011111101|0000|0001 0x0A414FD01
08 0000100|0100110|01110011011100|0100|1001 0x0899CDC49
09 0000100|0100110|01111000010100|0111|1001 0x0899E1479
0a 0000101|0010000|01111000011001|1001|0000 0x0A41E1990
0b 0000100|0010000|01110111111101|1010|1001 0x0841DFDA9
0c 0000111|1110001|01000110000011|1100|0001 0x0FC5183C1
0d 0000111|1110001|01010000110001|0010|1001 0x0FC543129
0e 0001000|0100110|01001110010000|0110|0001 0x109939061
BX = 111 Event : 96
00 0000000|0010000|01110100101010|1001|0011 0x0041D2A93
01 0000011|1011011|01101001101001|0101|1010 0x076DA695A
02 0000010|1011011|01010101100000|1100|0011 0x056D560C3
03 0000100|0010000|01011101001011|0110|1010 0x084174B6A
04 0000100|0100110|01111000000101|0111|1001 0x0899E0579
05 0000110|1110001|01010011000001|0011|1011 0x0DC54C13B
06 0000110|1011011|01011001111110|1010|1010 0x0D6D67EAA
07 0000110|1011011|01011001000000|1001|0100 0x0D6D64094
08 0000110|1110001|01111111110100|0010|1010 0x0DC5FF42A
BX = 000 Event : 97
00 0000001|0010000|01010100011001|0101|0011 0x024151953
01 0000001|0100110|01110100101101|0110|0000 0x0299D2D60
02 0000000|0100110|01101011001110|0010|0011 0x0099ACE23
03 0000001|0010000|01110100111111|1001|0000 0x0241D3F90
04 0000011|1011011|01100101001101|0011|1001 0x076D94D39
05 0000011|1011011|01100101000100|0011|0011 0x076D94433
06 0000011|1011011|01011110010000|0000|1011 0x076D7900B
07 0000011|1110001|01101101111001|1001|0000 0x07C5B7990
08 0000011|1110001|01101110100010|1010|0100 0x07C5BA2A4
09 0000011|1110001|01101111010101|1010|0000 0x07C5BD5A0
0a 0000101|0100110|01100111111010|1110|1001 0x0A999FAE9
0b 0000100|0100110|01101100100001|0000|1001 0x0899B2109
0c 0000100|0100110|01101111011010|0010|1000 0x0899BDA28
0d 0000101|0010000|01111111111000|1110|0010 0x0A41FF8E2
0e 0000100|0010000|01111011101110|1100|0001 0x0841EEEC1
0f 0000111|1110001|01001100000011|0000|1000 0x0FC530308
10 0000111|1011011|01100011110011|0000|0010 0x0F6D8F302
11 0000111|1011011|01100011110000|0000|1000 0x0F6D8F008
12 0000111|1011011|01011010001110|1001|0001 0x0F6D68E91
13 0000110|1011011|01100110110000|0001|1001 0x0D6D9B019
BX = 001 Event : 98
00 0000000|0010000|01000000011110|1101|0001 0x004101ED1
01 0000000|0010000|01000000011010|1101|0011 0x004101AD3
02 0000011|1011011|01101010000000|0110|0001 0x076DA8061
03 0000100|0010000|01011000111100|0011|0010 0x084163C32
04 0000101|0100110|01110110100101|0110|1001 0x0A99DA569
05 0000110|1011011|01000000110001|0110|0010 0x0D6D03162
06 0000110|1110001|01000000111110|1001|0001 0x0DC503E91
07 0000111|1011011|01101110111000|0110|1011 0x0F6DBB86B
08 0000110|1011011|01011010111000|1010|0100 0x0D6D6B8A4
09 0000111|1110001|01111011101100|0000|1001 0x0FC5EEC09
0a 0000110|1110001|01110110000110|1101|0010 0x0DC5D86D2
0b 0001001|0010000|01010111100001|1111|1011 0x12415E1FB
0c 0001001|0100110|01100111011000|1011|1000 0x12999D8B8
0d 0001001|0100110|01110000101010|0001|1001 0x1299C2A19
BX = 010 Event : 99
00 0000001|0010000|01000010111001|1110|0000 0x02410B9E0
01 0000000|0010000|01011001000011|0111|1010 0x00416437A
02 0000000|0010000|01011000110000|0111|0010 0x004163072
03 0000001|0100110|01101110010001|0011|1010 0x0299B913A
04 0000000|0010000|01111110000110|1101|0001 0x0041F86D1
05 0000011|1110001|01001101001001|0101|0010 0x07C534952
06 0000011|1011011|01101011001110|0110|0000 0x076DACE60
07 0000010|1110001|01111001100001|0000|0000 0x05C5E6100
08 0000010|1110001|01111010100100|0000|1010 0x05C5EA40A
09 0000101|0010000|01001011011111|1100|1010 0x0A412DFCA
0a 0000100|0010000|01010110001000|0010|0000 0x084158820
0b 0000100|0010000|01010010001010|0000|0000 0x084148A00
0c 0000100|0100110|01110001100110|0011|0001 0x0899C6631
0d 0001001|0010000|01010001011101|1011|0000 0x124145DB0
0e 0001000|0010000|01011001100010|0000|1001 0x104166209
0f 0001001|0100110|01110110000010|0101|0000 0x1299D8250
10 0001000|0100110|01100100110101|1010|1011 0x1099935AB
BX = 011 Event : 100
00 0000000|0010000|01001100001000|0001|1011 0x00413081B
01 0000000|0100110|01101010000101|0001|0011 0x0099A8513
02 0000011|1011011|01010110111010|1100|0100 0x076D5BAC4
03 0000111|1110001|01010000010110|0010|1001 0x0FC541629
04 0000110|1011011|01100100111011|0000|1010 0x0D6D93B0A
05 0000110|1011011|01011010110100|1010|1011 0x0D6D6B4AB
06 0001001|0010000|01011110101000|0011|0011 0x12417A833
07 0001000|0100110|01101011010110|1110|1000 0x1099AD6E8
08 0001000|0100110|01110010000011|0010|1001 0x1099C8329
