BX = 000 Event : 1
00 0011001|10111001|00100111011100001|1010 0x33724EE1A
01 0011001|11111000|00100000111001100|0110 0x33F041CC6
02 0011001|11111000|00100000101001100|1101 0x33F0414CD
BX = 001 Event : 2
00 0011110|10011111|00101100111010111|0100 0x3D3E59D74
BX = 010 Event : 3
00 0011010|10101010|00011011101100001|0011 0x355437613
01 0011010|10101010|00011010110011110|1100 0x3554359EC
02 0011110|10101110|00011011111000111|0000 0x3D5C37C70
BX = 011 Event : 4
00 0011001|10010110|00011110010010110|1110 0x332C3C96E
01 0011110|10011010|00011110001000101|1011 0x3D343C45B
BX = 100 Event : 5
00 0011001|10010000|00100010110011000|1110 0x33204598E
BX = 101 Event : 6
00 0011001|10111111|00100110101100010|0000 0x337E4D620
01 0011101|11011000|00100100111010000|1011 0x3BB049D0B
02 0011110|11011000|00101011110000110|1101 0x3DB05786D
03 0011110|11011110|00101010101111111|1010 0x3DBC557FA
04 0011001|11100011|00101001011001000|1010 0x33C652C8A
05 0011001|11101000|00101001010101000|1011 0x33D052A8B
06 0011101|11110011|00101001011001101|1000 0x3BE652CD8
07 0011001|11111000|00100001010100110|1000 0x33F042A68
08 0011001|11111110|00101001011001000|1011 0x33FC52C8B
BX = 110 Event : 7
00 0011001|10100101|00101100011111101|1000 0x334A58FD8
01 0011010|11111000|00011011101110110|1010 0x35F03776A
02 0011010|11111110|00101110100001110|1011 0x35FC5D0EB
03 0011010|11111110|00011011011110001|1000 0x35FC36F18
04 0011010|11111110|00011010110101110|0011 0x35FC35AE3
BX = 111 Event : 8
00 0011010|10010000|00011011101011100|0000 0x3520375C0
01 0011110|10011111|00011011100011000|0011 0x3D3E37183
02 0011101|10101110|00100000110100001|1101 0x3B5C41A1D
03 0011110|10110100|00011011110100010|0011 0x3D6837A23
04 0011001|10111111|00011111011111110|1110 0x337E3EFEE
05 0011111|11000011|00011011000100101|0001 0x3F8636251
06 0011110|11001001|00011101001001101|1001 0x3D923A4D9
07 0011110|11011000|00011100111111110|1001 0x3DB039FE9
08 0011000|11101000|00100110010001101|0101 0x31D04C8D5
BX = 000 Event : 9
00 0011110|10110100|00101101011110000|0000 0x3D685AF00
01 0011111|11011000|00011010110111011|0111 0x3FB035BB7
02 0011111|11011000|00011011001001010|1001 0x3FB0364A9
03 0011110|11011000|00011100001000001|1100 0x3DB03841C
04 0011110|11011000|00011100001101011|0010 0x3DB0386B2
05 0011110|11011000|00011100101111111|0010 0x3DB0397F2
06 0011111|11011110|00011011000111111|0010 0x3FBC363F2
07 0011110|11011110|00011100110101001|0000 0x3DBC39A90
08 0011110|11011110|00011100111010011|1001 0x3DBC39D39
09 0011010|11101000|00011100100101111|0011 0x35D0392F3
BX = 001 Event : 10
00 0011110|10101110|00011110011100100|0011 0x3D5C3CE43
01 0011110|10101110|00011110100111000|1100 0x3D5C3D38C
02 0011001|10111001|00101010000111100|0010 0x3372543C2
03 0011101|11000011|00100010110000001|0100 0x3B8645814
04 0011101|11000011|00100011011111111|0011 0x3B8646FF3
05 0011101|11000011|00100011110111110|0010 0x3B8647BE2
06 0011101|11000011|00100100100010001|0100 0x3B8649114
07 0011101|11000011|00100101000101111|0000 0x3B864A2F0
08 0011110|11000011|00101011000110011|0001 0x3D8656331
09 0011110|11000011|00101100000101010|1010 0x3D86582AA
0a 0011110|11000011|00101100010101111|1001 0x3D8658AF9
0b 0011110|11000011|00101100110011000|1011 0x3D865998B
0c 0011110|11000011|00101101000010111|1101 0x3D865A17D
0d 0011101|11001001|00100000011010011|0111 0x3B9240D37
0e 0011001|11001110|00011101101010010|0010 0x339C3B522
0f 0011010|11001110|00011100111010011|0010 0x359C39D32
10 0011010|11010011|00011100000110101|0010 0x35A638352
11 0011110|11011110|00011011101101101|0110 0x3DBC376D6
12 0011000|11100011|00100100010001011|0001 0x31C6488B1
13 0011001|11100011|00100011100000111|0011 0x33C647073
14 0011010|11100011|00011100001100000|0100 0x35C638604
15 0011010|11100011|00011010110101110|0011 0x35C635AE3
BX = 010 Event : 11
00 0011110|11110011|00101110111100000|0010 0x3DE65DE02
BX = 011 Event : 12
00 0011101|10011010|00100101010101001|0000 0x3B344AA90
01 0011110|10110100|00101011000111000|1001 0x3D6856389
02 0011110|10110100|00101100101100011|0011 0x3D6859633
03 0011001|10111111|00011111110000011|1110 0x337E3F83E
04 0011110|11001001|00101100110001101|0101 0x3D92598D5
05 0011001|11001110|00100000110100001|1100 0x339C41A1C
06 0011001|11010011|00011110101011010|0010 0x33A63D5A2
07 0011110|11011000|00011110101100011|0000 0x3DB03D630
08 0011110|11101110|00101010101010100|0011 0x3DDC55543
09 0011001|11111110|00101000100000100|0001 0x33FC51041
0a 0011001|11111110|00101000000111010|1000 0x33FC503A8
0b 0011001|11111110|00101000000000101|1101 0x33FC5005D
0c 0011001|11111110|00011111010101110|0001 0x33FC3EAE1
BX = 100 Event : 13
00 0011101|10001011|00101000001100110|0001 0x3B1650661
BX = 101 Event : 14
00 0011010|11111000|00101111001000001|1100 0x35F05E41C
01 0011001|11111110|00101010110100101|1110 0x33FC55A5E
BX = 110 Event : 15
00 0011111|10011010|00101111011011111|0011 0x3F345EDF3
01 0011001|11001110|00011110100000101|0110 0x339C3D056
BX = 111 Event : 16
00 0011010|10101010|00011100001001011|0101 0x3554384B5
01 0011110|10110100|00011100000011100|1100 0x3D68381CC
02 0011110|10110100|00011100001111011|1010 0x3D68387BA
03 0011110|10110100|00011101110011011|0001 0x3D683B9B1
04 0011001|10111001|00011110001110001|0010 0x33723C712
05 0011001|10111111|00100111101101011|0101 0x337E4F6B5
06 0011001|10111111|00100111101000000|0001 0x337E4F401
07 0011001|10111111|00100111100011011|1010 0x337E4F1BA
08 0011000|10111111|00100101101111110|0100 0x317E4B7E4
09 0011001|10111111|00011111100011001|0110 0x337E3F196
0a 0011110|11000011|00011111111110100|0010 0x3D863FF42
0b 0011001|11101000|00101011101010100|1010 0x33D05754A
0c 0011001|11101000|00101011100101001|1101 0x33D05729D
BX = 000 Event : 17
00 0011001|11100011|00100110100000111|1001 0x33C64D079
01 0011101|11110011|00100110000111100|1110 0x3BE64C3CE
BX = 001 Event : 18
00 0011110|10110100|00101101111010100|1101 0x3D685BD4D
01 0011101|11000011|00100101001110100|0100 0x3B864A744
BX = 010 Event : 19
00 0011001|10010110|00100011001101000|1110 0x332C4668E
BX = 011 Event : 20
BX = 100 Event : 21
00 0011001|10111111|00100011100111100|0010 0x337E473C2
01 0011101|11011110|00101000100110000|1000 0x3BBC51308
02 0011101|11101110|00101001010011110|0000 0x3BDC529E0
03 0011001|11111110|00101001100111101|1101 0x33FC533DD
04 0011001|11111110|00100111110111011|0111 0x33FC4FBB7
BX = 101 Event : 22
00 0011101|10011111|00101001001001001|0010 0x3B3E52492
01 0011010|11010011|00011011110001011|1010 0x35A6378BA
02 0011010|11010011|00011011101100001|1110 0x35A63761E
03 0011010|11010011|00011010110001001|1010 0x35A63589A
04 0011010|11100011|00101111000000111|1000 0x35C65E078
05 0011010|11100011|00101110111110010|0000 0x35C65DF20
06 0011010|11100011|00101110111010111|1010 0x35C65DD7A
BX = 110 Event : 23
BX = 111 Event : 24
00 0011110|10101110|00011110111010010|0000 0x3D5C3DD20
01 0011101|10101110|00100100111100101|1110 0x3B5C49E5E
02 0011110|10110100|00011110010011001|0010 0x3D683C992
03 0011001|11010011|00100111010101011|0111 0x33A64EAB7
04 0011110|11101110|00011101011010010|1010 0x3DDC3AD2A
05 0011101|11110011|00101010000010110|0100 0x3BE654164
BX = 000 Event : 25
BX = 001 Event : 26
00 0011010|10010110|00101110110001000|0011 0x352C5D883
01 0011101|11011000|00100000111000111|0010 0x3BB041C72
02 0011010|11101000|00011010111101101|0011 0x35D035ED3
03 0011111|11110011|00011011011011001|0101 0x3FE636D95
BX = 010 Event : 27
00 0011111|11101110|00011011011001110|0101 0x3FDC36CE5
01 0011001|11111000|00101011000101111|0111 0x33F0562F7
BX = 011 Event : 28
00 0011110|11011000|00101100000111111|1011 0x3DB0583FB
01 0011001|11100011|00101100010001101|0001 0x33C6588D1
BX = 100 Event : 29
00 0011000|11111000|00100101011101001|1110 0x31F04AE9E
BX = 101 Event : 30
00 0011110|10011111|00011011101100010|1000 0x3D3E37628
01 0011101|10011111|00101010100011111|1001 0x3B3E551F9
02 0011000|10111111|00100110000000011|0100 0x317E4C034
BX = 110 Event : 31
00 0011110|10000101|00011111111001010|0101 0x3D0A3FCA5
BX = 111 Event : 32
00 0011001|10111001|00100000010001101|1000 0x3372408D8
01 0011001|11111000|00100010001001001|1100 0x33F04449C
02 0011001|11111000|00011111101010011|1100 0x33F03F53C
03 0011001|11111000|00011111011100100|1101 0x33F03EE4D
BX = 000 Event : 33
00 0011110|11011110|00101110110010001|1101 0x3DBC5D91D
BX = 001 Event : 34
00 0011101|11000011|00100010010101101|0111 0x3B8644AD7
01 0011110|11011110|00011011101001000|0111 0x3DBC37487
02 0011001|11101000|00100000011000010|0101 0x33D040C25
BX = 010 Event : 35
00 0011101|11011000|00100110111000000|0110 0x3BB04DC06
BX = 011 Event : 36
00 0011110|11101110|00101100100001001|1100 0x3DDC5909C
01 0011101|11110011|00100000000111110|0100 0x3BE6403E4
BX = 100 Event : 37
00 0011001|10010000|00101010110010101|0111 0x332055957
01 0011111|10110100|00011011000100101|0001 0x3F6836251
02 0011110|10110100|00011100001110110|0011 0x3D6838763
03 0011110|10110100|00011100101111111|0011 0x3D68397F3
04 0011110|10110100|00011101010100111|0100 0x3D683AA74
05 0011101|10110100|00101010011101010|1011 0x3B6854EAB
06 0011110|10110100|00101011000110011|1011 0x3D685633B
07 0011110|10110100|00101011101100001|1010 0x3D685761A
08 0011010|10111001|00101101101111111|0000 0x35725B7F0
09 0011001|10111001|00101100001111000|1000 0x337258788
0a 0011001|10111001|00101001100110010|1001 0x337253329
0b 0011001|10111001|00101000111010011|0010 0x337251D32
0c 0011001|10111001|00100000110101100|1010 0x337241ACA
0d 0011001|10111001|00100000010101101|1000 0x337240AD8
0e 0011001|10111111|00100111110100000|0011 0x337E4FA03
0f 0011001|10111111|00100111100001011|0010 0x337E4F0B2
10 0011001|10111111|00100010111001000|1001 0x337E45C89
11 0011001|10111111|00100001111101010|1011 0x337E43EAB
12 0011101|11000011|00100100000100010|0100 0x3B8648224
13 0011101|11000011|00100100010000111|1001 0x3B8648879
14 0011101|11000011|00100100011000001|1001 0x3B8648C19
15 0011101|11000011|00100111000110100|0011 0x3B864E343
16 0011101|11000011|00100111011001110|0000 0x3B864ECE0
17 0011110|11000011|00101101101010000|1000 0x3D865B508
18 0011101|11001001|00100101010011111|0010 0x3B924A9F2
19 0011101|11001001|00100111000101010|1100 0x3B924E2AC
1a 0011101|11001001|00100111100100011|1010 0x3B924F23A
1b 0011110|11001001|00101110010001000|0001 0x3D925C881
1c 0011001|11101000|00101100001101101|1100 0x33D0586DC
1d 0011110|11101110|00011011100001000|1000 0x3DDC37088
1e 0011110|11101110|00011011110110111|1011 0x3DDC37B7B
1f 0011110|11101110|00011100000010001|1011 0x3DDC3811B
BX = 101 Event : 38
00 0011001|10111001|00100010011101001|0000 0x337244E90
BX = 110 Event : 39
00 0011110|10000101|00011100010000000|0101 0x3D0A38805
01 0011101|10000101|00100110101101011|1000 0x3B0A4D6B8
02 0011001|10010000|00100110100000010|0101 0x33204D025
03 0011010|10010110|00101110000001111|1100 0x352C5C0FC
04 0011001|10010110|00100010000111001|1100 0x332C4439C
05 0011001|10100101|00100011111100110|0110 0x334A47E66
06 0011101|11011000|00100010110100001|0101 0x3BB045A15
07 0011110|11011110|00011100111011110|0010 0x3DBC39DE2
BX = 111 Event : 40
00 0011010|10010000|00011100010001010|0101 0x3520388A5
01 0011101|10110100|00100001011000000|1110 0x3B6842C0E
02 0011001|10111111|00101101011010000|1101 0x337E5AD0D
BX = 000 Event : 41
00 0011110|10011111|00011101110010000|0110 0x3D3E3B906
01 0011110|11110011|00011100111001001|0111 0x3DE639C97
02 0011110|11110011|00101011111010101|1000 0x3DE657D58
BX = 001 Event : 42
00 0011110|11110011|00011110011000100|0110 0x3DE63CC46
BX = 010 Event : 43
00 0011101|11101110|00101001001001110|1110 0x3BDC524EE
BX = 011 Event : 44
00 0011101|10011111|00100101111000010|1010 0x3B3E4BC2A
01 0011101|10011111|00100110100110110|0011 0x3B3E4D363
02 0011101|10101110|00100011101101001|0100 0x3B5C47694
03 0011101|10101110|00100100010100111|0000 0x3B5C48A70
04 0011101|10101110|00100111000111111|0000 0x3B5C4E3F0
05 0011101|10101110|00101000000001100|0001 0x3B5C500C1
06 0011101|10101110|00101000001001100|1100 0x3B5C504CC
07 0011001|10111001|00100111110011011|1101 0x33724F9BD
08 0011001|10111001|00100010011010100|0110 0x337244D46
09 0011001|10111111|00101001110101100|1100 0x337E53ACC
0a 0011001|10111111|00100010000011111|0110 0x337E441F6
0b 0011110|11001001|00101101010111011|1101 0x3D925ABBD
0c 0011001|11001110|00100011011010010|0100 0x339C46D24
0d 0011110|11011110|00101110010101000|0010 0x3DBC5CA82
BX = 100 Event : 45
00 0011101|10000101|00100100001100111|1101 0x3B0A4867D
01 0011110|10001011|00011101110100110|0111 0x3D163BA67
02 0011110|10001011|00011101111000000|0100 0x3D163BC04
03 0011110|10001011|00011111000100010|0101 0x3D163E225
04 0011110|10001011|00011111001101100|0000 0x3D163E6C0
05 0011101|10001011|00100000100100010|0011 0x3B1641223
06 0011101|10001011|00100011110100011|1000 0x3B1647A38
07 0011001|10010110|00100011010111101|0001 0x332C46BD1
BX = 101 Event : 46
00 0011101|10001011|00101010010010000|1101 0x3B165490D
01 0011101|10011010|00100000101110010|1011 0x3B344172B
02 0011101|10011010|00100101000101010|1000 0x3B344A2A8
03 0011101|10011010|00100101110001101|0100 0x3B344B8D4
04 0011101|10011111|00100101101101110|0001 0x3B3E4B6E1
05 0011101|10011111|00100101110001000|1000 0x3B3E4B888
06 0011101|10011111|00101001000101110|1001 0x3B3E522E9
07 0011001|10100101|00100000111000110|1010 0x334A41C6A
08 0011110|11011000|00011110101001110|0110 0x3DB03D4E6
BX = 110 Event : 47
00 0011001|10111001|00011101110010111|1100 0x33723B97C
01 0011001|10111001|00011101011011101|1001 0x33723ADD9
02 0011001|10111001|00011101000110011|1000 0x33723A338
03 0011110|11110011|00101110100111100|1001 0x3DE65D3C9
BX = 111 Event : 48
BX = 000 Event : 49
00 0011110|10001011|00011101001011000|1000 0x3D163A588
01 0011000|10010110|00100110001100011|0000 0x312C4C630
02 0011010|10010110|00011100011101010|1000 0x352C38EA8
03 0011110|10011010|00011100110011001|0110 0x3D3439996
04 0011110|10011010|00011100110111001|0011 0x3D3439B93
05 0011101|10011010|00100110000110111|1011 0x3B344C37B
06 0011110|10011010|00101010110011001|1000 0x3D3455998
07 0011110|10011010|00101011010001000|0001 0x3D3456881
08 0011110|10011010|00101011110110000|0001 0x3D3457B01
09 0011110|10011010|00101100100101110|1000 0x3D34592E8
0a 0011110|10011010|00101101100010000|1000 0x3D345B108
0b 0011101|10011111|00100111010101001|1110 0x3B3E4EA9E
0c 0011110|10011111|00101101010001100|1001 0x3D3E5A8C9
0d 0011110|10011111|00101110110111011|0010 0x3D3E5DBB2
0e 0011010|10100101|00011100001010101|0011 0x354A38553
0f 0011001|10101010|00101000100000100|1011 0x33545104B
10 0011001|10101010|00100011100111100|1001 0x3354473C9
11 0011110|10101110|00101101110111111|1110 0x3D5C5BBFE
12 0011101|10110100|00100101001100100|0111 0x3B684A647
13 0011101|11011110|00100000111010001|0111 0x3BBC41D17
BX = 001 Event : 50
00 0011001|10010110|00101000111101001|0101 0x332C51E95
01 0011001|10100101|00101001110010111|0101 0x334A53975
02 0011010|10101010|00101111101100000|1000 0x35545F608
03 0011001|10101010|00101011011011001|0001 0x335456D91
04 0011110|10110100|00011100000110001|0011 0x3D6838313
05 0011110|10110100|00011100001010110|1000 0x3D6838568
06 0011110|10110100|00011100010010000|1101 0x3D683890D
07 0011110|10110100|00011101100001100|1001 0x3D683B0C9
08 0011110|10110100|00011101100111100|1101 0x3D683B3CD
09 0011001|10111001|00101011100000100|1001 0x337257049
0a 0011001|10111001|00101001011111000|1010 0x337252F8A
0b 0011001|10111001|00101001010111000|1001 0x337252B89
0c 0011001|10111001|00101000010100100|0001 0x337250A41
0d 0011001|10111001|00101000001111010|1010 0x3372507AA
0e 0011001|10111001|00101000001010101|1000 0x337250558
0f 0011001|10111001|00100111110010101|0001 0x33724F951
10 0011001|10111001|00100111101101011|1010 0x33724F6BA
11 0011001|10111001|00100111100110110|0000 0x33724F360
12 0011001|10111001|00100110011101101|0000 0x33724CED0
13 0011000|10111001|00100101111111110|1011 0x31724BFEB
14 0011001|10111001|00011110010011011|0000 0x33723C9B0
15 0011001|10111001|00011110010000001|1001 0x33723C819
16 0011001|10111001|00011110001001100|1110 0x33723C4CE
17 0011001|10111001|00011101011101000|0101 0x33723AE85
18 0011010|10111001|00011011011000111|0011 0x357236C73
19 0011010|10111111|00101110101110010|0110 0x357E5D726
1a 0011110|11000011|00101011100000111|1110 0x3D865707E
1b 0011110|11000011|00101011110100000|0010 0x3D8657A02
1c 0011110|11000011|00101101100110101|1000 0x3D865B358
1d 0011110|11001001|00101100101000011|0010 0x3D9259432
1e 0011110|11001001|00101100110101101|0101 0x3D9259AD5
BX = 010 Event : 51
00 0011001|10010110|00100001111100100|1011 0x332C43E4B
01 0011010|11111000|00011011110001011|0001 0x35F0378B1
BX = 011 Event : 52
00 0011101|10011111|00101000100000000|0000 0x3B3E51000
01 0011101|10011111|00101001001000011|0000 0x3B3E52430
02 0011110|10101110|00011110111001101|0110 0x3D5C3DCD6
BX = 100 Event : 53
00 0011101|11001001|00101000001000001|0000 0x3B9250410
01 0011101|11001001|00101000101000101|1101 0x3B925145D
02 0011110|11001001|00101011000111101|0100 0x3D92563D4
03 0011110|11001001|00101100111110111|1010 0x3D9259F7A
04 0011010|11001110|00101101110000101|0010 0x359C5B852
05 0011001|11001110|00101101000010110|0011 0x339C5A163
06 0011001|11001110|00100111000111100|1101 0x339C4E3CD
07 0011001|11001110|00100110101001101|1010 0x339C4D4DA
08 0011010|11010011|00101111011100001|0001 0x35A65EE11
09 0011010|11010011|00101110001001001|1000 0x35A65C498
0a 0011001|11010011|00100110100110111|0000 0x33A64D370
0b 0011000|11010011|00100101011111001|1001 0x31A64AF99
0c 0011000|11010011|00100100111111010|1001 0x31A649FA9
0d 0011101|11011000|00100000111010001|0010 0x3BB041D12
0e 0011101|11011000|00100100101010001|0000 0x3BB049510
BX = 101 Event : 54
00 0011001|11100011|00100010101011110|0000 0x33C6455E0
BX = 110 Event : 55
00 0011101|11110011|00100111101110010|1100 0x3BE64F72C
01 0011101|11110011|00100111110011101|0101 0x3BE64F9D5
02 0011101|11110011|00100111111111100|0011 0x3BE64FFC3
03 0011101|11110011|00101000000101100|1000 0x3BE6502C8
04 0011101|11110011|00101000001100001|1101 0x3BE65061D
05 0011101|11110011|00101000100011011|0010 0x3BE6511B2
06 0011101|11110011|00101000100110000|0000 0x3BE651300
07 0011101|11110011|00101000101101010|1000 0x3BE6516A8
BX = 111 Event : 56
BX = 000 Event : 57
00 0011110|10101110|00101111000101010|1001 0x3D5C5E2A9
01 0011101|10110100|00100101111110111|0010 0x3B684BF72
02 0011111|10110100|00101111010100100|0011 0x3F685EA43
03 0011001|10111001|00101000000001010|0100 0x3372500A4
04 0011010|10111001|00011011001000010|1000 0x357236428
05 0011010|10111111|00011011110010001|0001 0x357E37911
06 0011101|11001001|00100100110110101|1110 0x3B9249B5E
07 0011010|11010011|00011011101100001|1000 0x35A637618
08 0011001|11100011|00011101101000111|1101 0x33C63B47D
BX = 001 Event : 58
00 0011010|11100011|00101111011011011|0110 0x35C65EDB6
01 0011010|11100011|00101111001100001|0001 0x35C65E611
BX = 010 Event : 59
00 0011001|10111001|00101010001111100|0101 0x3372547C5
01 0011001|11111000|00011101101111100|0111 0x33F03B7C7
02 0011001|11111000|00011101101100111|0101 0x33F03B675
03 0011001|11111000|00011101011101101|0011 0x33F03AED3
BX = 011 Event : 60
00 0011101|11011110|00100100110001011|1110 0x3BBC498BE
BX = 100 Event : 61
00 0011101|10110100|00101000011000000|1101 0x3B6850C0D
01 0011110|11001001|00011110111100010|0010 0x3D923DE22
02 0011110|11001001|00101111000000000|0011 0x3D925E003
03 0011110|11011110|00011100100100101|1110 0x3DBC3925E
04 0011010|11100011|00101110000101001|1110 0x35C65C29E
05 0011001|11100011|00101011111011000|0011 0x33C657D83
06 0011001|11100011|00101011110111110|0001 0x33C657BE1
07 0011001|11100011|00101010111111010|0010 0x33C655FA2
08 0011001|11100011|00101010111000101|1010 0x33C655C5A
09 0011001|11100011|00101010110100101|0001 0x33C655A51
0a 0011001|11100011|00101001101010010|1011 0x33C65352B
0b 0011101|11101110|00101001010110011|1010 0x3BDC52B3A
BX = 101 Event : 62
00 0011001|11111110|00100010011000100|1001 0x33FC44C49
01 0011001|11111110|00011111011111001|0001 0x33FC3EF91
BX = 110 Event : 63
00 0011110|11110011|00101110111100000|0010 0x3DE65DE02
BX = 111 Event : 64
00 0011001|11001110|00100011011000111|1001 0x339C46C79
01 0011001|11001110|00100011000000011|0011 0x339C46033
02 0011001|11001110|00100010111001000|1010 0x339C45C8A
03 0011010|11010011|00011100001110101|0110 0x35A638756
04 0011010|11010011|00011100001010000|0011 0x35A638503
05 0011010|11010011|00011100000001011|1011 0x35A6380BB
06 0011010|11010011|00011011010100010|0100 0x35A636A24
07 0011001|11100011|00101011000001010|1000 0x33C6560A8
08 0011110|11101110|00101011011100010|0001 0x3DDC56E21
09 0011101|11110011|00100000011001101|1011 0x3BE640CDB
BX = 000 Event : 65
00 0011001|11001110|00100000001010010|1100 0x339C4052C
BX = 001 Event : 66
00 0011110|10001011|00011110001000101|1000 0x3D163C458
01 0011110|10011010|00011110000111010|0010 0x3D343C3A2
02 0011001|10101010|00011101011001000|0101 0x33543AC85
03 0011110|10101110|00101011000101101|1100 0x3D5C562DC
04 0011001|10111001|00011101101000111|0111 0x33723B477
05 0011110|11001001|00011111100000000|0101 0x3D923F005
BX = 010 Event : 67
00 0011110|10000101|00011100110011110|0010 0x3D0A399E2
01 0011101|10101110|00101001110010001|1110 0x3B5C5391E
02 0011001|10111001|00100000010001101|1000 0x3372408D8
03 0011001|11001110|00011110100000101|0110 0x339C3D056
04 0011010|11010011|00011100000100000|0011 0x35A638203
05 0011110|11101110|00011011100001110|1001 0x3DDC370E9
06 0011110|11101110|00011011101011000|1011 0x3DDC3758B
07 0011110|11101110|00011011111100111|1001 0x3DDC37E79
08 0011110|11101110|00011100100101111|1001 0x3DDC392F9
09 0011110|11101110|00011101100100110|1011 0x3DDC3B26B
0a 0011110|11101110|00011101110110000|0000 0x3DDC3BB00
0b 0011110|11101110|00011110010111110|0001 0x3DDC3CBE1
0c 0011110|11101110|00011111000010010|0010 0x3DDC3E122
0d 0011101|11101110|00100000001010011|0010 0x3BDC40532
0e 0011110|11101110|00101111000110000|0100 0x3DDC5E304
0f 0011111|11101110|00101111010000100|1011 0x3FDC5E84B
10 0011101|11110011|00100001111001110|0101 0x3BE643CE5
11 0011110|11110011|00101110010101101|1100 0x3DE65CADC
12 0011001|11111000|00101010111110000|0001 0x33F055F01
13 0011001|11111000|00101001101111101|1010 0x33F0537DA
14 0011001|11111000|00101001100111000|1001 0x33F053389
15 0011001|11111000|00101001000110011|0001 0x33F052331
16 0011001|11111000|00101001000001110|1010 0x33F0520EA
17 0011001|11111000|00101000010111111|0000 0x33F050BF0
18 0011000|11111000|00100100010000110|1011 0x31F04886B
19 0011001|11111000|00100010110010011|1000 0x33F045938
1a 0011001|11111000|00100010001001001|1100 0x33F04449C
1b 0011001|11111000|00011111101010011|1100 0x33F03F53C
1c 0011001|11111000|00011111011100100|1100 0x33F03EE4C
1d 0011001|11111110|00101010010100001|0101 0x33FC54A15
1e 0011001|11111110|00101010001010001|0001 0x33FC54511
1f 0011001|11111110|00101010000010001|1100 0x33FC5411C
20 0011001|11111110|00101001101111101|1100 0x33FC537DC
21 0011001|11111110|00101001100111000|0000 0x33FC53380
BX = 011 Event : 68
BX = 100 Event : 69
00 0011001|11010011|00101101001100001|0101 0x33A65A615
01 0011001|11010011|00101100010101000|0101 0x33A658A85
02 0011001|11010011|00101100001010011|1010 0x33A65853A
03 0011001|11010011|00101011000111010|0000 0x33A6563A0
04 0011001|11010011|00101011000010000|1011 0x33A65610B
05 0011000|11010011|00100101011111110|1110 0x31A64AFEE
06 0011110|11011000|00101110101100111|0001 0x3DB05D671
07 0011110|11011000|00101110111101011|0000 0x3DB05DEB0
08 0011110|11011000|00101111000011011|1100 0x3DB05E1BC
09 0011101|11011110|00101001001101001|0011 0x3BBC52693
0a 0011101|11011110|00101001110110001|1101 0x3BBC53B1D
0b 0011110|11011110|00101111000100101|1011 0x3DBC5E25B
0c 0011111|11011110|00101111010010100|0010 0x3FBC5E942
0d 0011001|11100011|00101011110000011|0001 0x33C657831
0e 0011001|11100011|00101000111110011|0000 0x33C651F30
BX = 101 Event : 70
00 0011110|10000101|00101101111110100|0111 0x3D0A5BF47
01 0011010|10010000|00101111101011011|0101 0x35205F5B5
02 0011001|10111111|00101011000100101|1100 0x337E5625C
BX = 110 Event : 71
00 0011111|11101110|00101111011111110|1011 0x3FDC5EFEB
BX = 111 Event : 72
00 0011101|10011010|00100000010101110|0100 0x3B3440AE4
01 0011101|10011010|00100001011001010|0000 0x3B3442CA0
02 0011101|10011010|00100001100111111|0100 0x3B34433F4
03 0011110|10011111|00011110110000011|1000 0x3D3E3D838
04 0011101|10011111|00100010011110111|0000 0x3B3E44F70
05 0011010|11111110|00101111010011100|0000 0x35FC5E9C0
BX = 000 Event : 73
00 0011110|11001001|00101101001111100|1001 0x3D925A7C9
01 0011010|11001110|00101110111010010|0011 0x359C5DD23
02 0011001|11001110|00101100111101100|1010 0x339C59ECA
03 0011001|11001110|00101100101000010|0100 0x339C59424
04 0011001|11001110|00101100001001101|0110 0x339C584D6
05 0011001|11001110|00101011111011110|0000 0x339C57DE0
06 0011001|11010011|00101011101000100|0110 0x33A657446
07 0011101|11110011|00100111100100011|1011 0x3BE64F23B
BX = 001 Event : 74
BX = 010 Event : 75
00 0011111|11000011|00011011000101111|0100 0x3F86362F4
01 0011001|11111110|00101101010010110|0000 0x33FC5A960
BX = 011 Event : 76
00 0011010|11010011|00011011000101101|1001 0x35A6362D9
BX = 100 Event : 77
00 0011111|10001011|00011011010000100|0001 0x3F1636841
01 0011010|10010110|00011010111001000|1000 0x352C35C88
02 0011110|10110100|00101110010001000|0101 0x3D685C885
03 0011111|11110011|00011011001011010|1000 0x3FE6365A8
BX = 101 Event : 78
00 0011001|10010110|00101000011001111|1100 0x332C50CFC
01 0011000|10100101|00100101100001110|0001 0x314A4B0E1
02 0011001|10101010|00101001010100011|1100 0x335452A3C
03 0011101|10101110|00101001000111110|1110 0x3B5C523EE
BX = 110 Event : 79
00 0011001|10111001|00101101100101010|0110 0x33725B2A6
01 0011001|10111001|00101011101011110|1011 0x3372575EB
BX = 111 Event : 80
00 0011101|10000101|00101000110100100|0101 0x3B0A51A45
01 0011110|10011010|00011101010110010|1011 0x3D343AB2B
02 0011001|10101010|00100001000000001|0100 0x335442014
BX = 000 Event : 81
00 0011101|10000101|00100010101000001|1011 0x3B0A4541B
01 0011101|11001001|00100111011101110|1100 0x3B924EEEC
BX = 001 Event : 82
BX = 010 Event : 83
BX = 011 Event : 84
00 0011110|11001001|00011100100000000|0100 0x3D9239004
01 0011001|11101000|00011101010011101|0100 0x33D03A9D4
BX = 100 Event : 85
00 0011110|10011010|00011100111001001|1110 0x3D3439C9E
01 0011110|10011111|00101110001011000|0011 0x3D3E5C583
02 0011001|11010011|00101010110010000|0000 0x33A655900
03 0011001|11010011|00101010001111100|0001 0x33A6547C1
04 0011001|11010011|00101001100111101|0010 0x33A6533D2
05 0011001|11010011|00101001001010011|1000 0x33A652538
06 0011101|11011000|00101000011110000|0010 0x3BB050F02
07 0011101|11011000|00101001001011001|0100 0x3BB052594
08 0011101|11011110|00100001100000101|1000 0x3BBC43058
09 0011101|11011110|00100001100111111|0010 0x3BBC433F2
0a 0011001|11101000|00011111110000011|0111 0x33D03F837
BX = 101 Event : 86
00 0011001|10010110|00101011000110101|1101 0x332C5635D
01 0011101|11011110|00100001100100100|1011 0x3BBC4324B
02 0011001|11111000|00101001110010010|0111 0x33F053927
BX = 110 Event : 87
00 0011110|10000101|00101110001001110|1010 0x3D0A5C4EA
01 0011101|10001011|00101010000000110|1101 0x3B165406D
02 0011101|10101110|00100011010010101|0110 0x3B5C46956
03 0011101|11001001|00101000000110111|0111 0x3B9250377
04 0011010|11001110|00011011000111000|0010 0x359C36382
05 0011101|11011000|00101010000100001|0100 0x3BB054214
06 0011110|11011000|00101010110011110|0001 0x3DB0559E1
07 0011110|11011110|00011111001011100|0010 0x3DBC3E5C2
08 0011110|11011110|00011111110111111|0110 0x3DBC3FBF6
09 0011101|11011110|00100110010100001|1011 0x3BBC4CA1B
0a 0011101|11011110|00100110100011011|1110 0x3BBC4D1BE
0b 0011110|11011110|00101011011000111|0011 0x3DBC56C73
0c 0011110|11011110|00101011100011100|1100 0x3DBC571CC
0d 0011001|11100011|00101100000000011|0100 0x33C658034
0e 0011010|11101000|00101110000111110|0000 0x35D05C3E0
0f 0011001|11111000|00100111110110101|1001 0x33F04FB59
BX = 111 Event : 88
00 0011110|10001011|00101011011100010|1010 0x3D1656E2A
01 0011110|10011010|00101010110001001|1000 0x3D3455898
02 0011010|11010011|00011011101000110|1011 0x35A63746B
BX = 000 Event : 89
00 0011010|10010110|00101110101001000|1101 0x352C5D48D
BX = 001 Event : 90
00 0011101|10011111|00101010011000101|0100 0x3B3E54C54
01 0011010|10100101|00011011001110111|1100 0x354A3677C
02 0011001|10101010|00101101000000001|0100 0x33545A014
03 0011110|10101110|00101101000101100|0001 0x3D5C5A2C1
04 0011110|11001001|00011111010000001|0010 0x3D923E812
05 0011101|11101110|00100100110000000|1010 0x3BDC4980A
BX = 010 Event : 91
BX = 011 Event : 92
00 0011110|10001011|00101011011100010|1010 0x3D1656E2A
01 0011110|10011010|00101010110001001|1001 0x3D3455899
02 0011010|11010011|00011011101000110|1011 0x35A63746B
BX = 100 Event : 93
00 0011010|11001110|00011011010101100|0101 0x359C36AC5
01 0011001|11111000|00100011000101000|0011 0x33F046283
BX = 101 Event : 94
00 0011101|10011111|00100110001101100|0000 0x3B3E4C6C0
01 0011101|10011111|00101010011000101|0100 0x3B3E54C54
02 0011010|10100101|00011011001110111|1100 0x354A3677C
03 0011001|10101010|00101101000000001|0100 0x33545A014
04 0011110|10101110|00101101000101100|0010 0x3D5C5A2C2
05 0011010|11100011|00011011101010110|0101 0x35C637565
06 0011101|11101110|00100100110000110|1010 0x3BDC4986A
BX = 110 Event : 95
00 0011001|11001110|00011110100010101|1101 0x339C3D15D
01 0011010|11010011|00011011000101000|1001 0x35A636289
BX = 111 Event : 96
BX = 000 Event : 97
00 0011001|10010110|00101000011001111|1100 0x332C50CFC
01 0011000|10100101|00100101100010100|0000 0x314A4B140
02 0011001|10101010|00101001010100011|1100 0x335452A3C
03 0011101|10101110|00101001001000011|1110 0x3B5C5243E
BX = 001 Event : 98
00 0011101|10011111|00100000111110001|1001 0x3B3E41F19
01 0011110|11001001|00011101110110000|0100 0x3D923BB04
02 0011101|11001001|00100101000011010|1000 0x3B924A1A8
03 0011000|11001110|00100101010011001|0100 0x319C4A994
04 0011001|11001110|00011101010110011|1011 0x339C3AB3B
05 0011000|11010011|00100101101100011|0100 0x31A64B634
06 0011001|11010011|00011101001011110|1101 0x33A63A5ED
07 0011110|11011000|00011011110110111|0100 0x3DB037B74
08 0011101|11011000|00100101101101000|1100 0x3BB04B68C
09 0011001|11100011|00100111101101011|0010 0x33C64F6B2
BX = 010 Event : 99
00 0011101|10000101|00101000110100100|0101 0x3B0A51A45
01 0011110|10011010|00011101010110010|1011 0x3D343AB2B
02 0011110|11110011|00011111101000000|1100 0x3DE63F40C
BX = 011 Event : 100
00 0011010|10010000|00101111100010110|1110 0x35205F16E
01 0011110|10011010|00011100101000100|0001 0x3D3439441
02 0011101|10011010|00100000101010010|0111 0x3B3441527
03 0011111|10011111|00011011010101110|0111 0x3F3E36AE7
04 0011001|10100101|00100001111111111|1001 0x334A43FF9
05 0011001|10101010|00100011000001000|1010 0x33544608A
06 0011000|10111111|00100101101000100|0101 0x317E4B445
07 0011101|11000011|00100110001000010|0010 0x3B864C422
08 0011000|11100011|00100101000001111|1101 0x31C64A0FD
