BX = 000 Event : 1
00 010011101111|0100100|11000010111010|000 0x4EF4985D0
01 010011010101|0100100|11100000001010|100 0x4D549C054
02 010101001111|1011101|11111111100010|001 0x54FBBFF11
03 010101001011|1011101|11110001000100|010 0x54BBBE222
04 011000100100|0100100|11000010101011|011 0x62449855B
05 011000010001|0100100|11001011001001|101 0x61149964D
06 010111111011|0100100|11010000000101|010 0x5FB49A02A
07 010110011111|0100100|11011000101000|101 0x59F49B145
08 010110010101|0100100|11011011101010|110 0x59549B756
BX = 001 Event : 2
00 010010110110|0100100|11010100000010|100 0x4B649A814
01 010011010111|0010010|11110001001111|100 0x4D725E27C
02 010101111100|1101111|11000000110110|000 0x57CDF81B0
03 010100101000|1011101|11101110100101|100 0x528BBDD2C
04 010100101010|1011101|11101000100100|100 0x52ABBD124
05 010100100101|1011101|11101001011100|010 0x525BBD2E2
06 010100011000|1011101|11110100100001|010 0x518BBE90A
07 010011100111|1011101|11101110001101|101 0x4E7BBDC6D
08 010111011100|0100100|11100001110000|110 0x5DC49C386
09 010110101111|0100100|11100010100110|000 0x5AF49C530
BX = 010 Event : 3
00 010010100011|0010010|11100110010100|100 0x4A325CCA4
01 010010010101|0010010|11111111110010|100 0x49525FF94
02 010101100011|1101111|11001000001101|000 0x563DF9068
03 010101101000|1011101|11110100000110|101 0x568BBE835
04 010100111110|1011101|11101001100011|100 0x53EBBD31C
05 010100001000|1011101|11111011100111|100 0x508BBF73C
06 010100000010|1011101|11011110011100|101 0x502BBBCE5
07 010011110011|1011101|11011110001100|000 0x4F3BBBC60
08 011000101001|0100100|11110010110101|110 0x62949E5AE
09 011000011010|0100100|11100111111010|011 0x61A49CFD3
0a 010111011001|0100100|11101000100001|010 0x5D949D10A
0b 010110110010|0100100|11110101111010|001 0x5B249EBD1
0c 010110001111|0100100|11000111111111|101 0x58F498FFD
0d 010110001001|0010010|11111110110011|001 0x58925FD99
BX = 011 Event : 4
00 010011000001|0100100|11100000011100|100 0x4C149C0E4
01 010010101110|0100100|11000100101000|000 0x4AE498940
02 010101111101|1101111|11011010110001|001 0x57DDFB589
03 010101101101|1101111|11011001010011|110 0x56DDFB29E
04 010100101000|1101111|11011011000011|100 0x528DFB61C
05 010100101000|1101111|11011011001111|000 0x528DFB678
06 010101101110|1011101|11110000000101|000 0x56EBBE028
07 010101100000|1011101|11101100110000|001 0x560BBD981
08 010101000101|1011101|11110011111010|110 0x545BBE7D6
09 010100111001|1011101|11011110100101|100 0x539BBBD2C
0a 010011111010|1011101|11110101100111|000 0x4FABBEB38
0b 011000001110|0100100|11011100010110|101 0x60E49B8B5
0c 010110100100|0100100|11011011011110|010 0x5A449B6F2
0d 010110100010|0100100|11101010101001|000 0x5A249D548
0e 010110010000|0100100|11011001011111|100 0x59049B2FC
0f 010110001011|0100100|11011100010101|011 0x58B49B8AB
10 010111100101|0010010|11111010001101|100 0x5E525F46C
BX = 100 Event : 5
00 010011000010|0010010|11111011100000|100 0x4C225F704
01 010101100100|1101111|11011011001101|100 0x564DFB66C
02 010101011001|1101111|11000001010100|001 0x559DF82A1
03 010101011111|1101111|11011011010011|100 0x55FDFB69C
04 010100011000|1101111|11011001011010|000 0x518DFB2D0
05 010100011000|1101111|11011001111100|001 0x518DFB3E1
06 010100011101|1101111|11100001111001|101 0x51DDFC3CD
07 010100011001|1011101|11100010001101|101 0x519BBC46D
08 011000011111|0100100|11110011111011|001 0x61F49E7D9
09 011000010011|0100100|11110000111111|101 0x61349E1FD
0a 011000001010|0100100|11001111000110|001 0x60A499E31
0b 010111111010|0100100|11101111111101|001 0x5FA49DFE9
0c 010111101011|0100100|11100000010111|100 0x5EB49C0BC
0d 011000011010|0010010|11110011110000|001 0x61A25E781
0e 010110101000|0010010|11111011011000|101 0x5A825F6C5
BX = 101 Event : 6
00 010010010000|0100100|11001001010110|000 0x4904992B0
01 010101110010|1101111|11000001110101|101 0x572DF83AD
02 010100110010|1101111|11001111100101|101 0x532DF9F2D
03 010100101101|1101111|11001111101100|101 0x52DDF9F65
04 010011110110|1101111|11001110001111|000 0x4F6DF9C78
05 010011100101|1101111|11011000000000|010 0x4E5DFB002
06 010101011011|1011101|11101100110001|001 0x55BBBD989
07 011000001010|0100100|11001110111111|110 0x60A499DFE
08 010111110000|0100100|11011010100001|101 0x5F049B50D
09 010111001110|0100100|11110011100101|101 0x5CE49E72D
0a 010110101010|0100100|11110000111001|101 0x5AA49E1CD
0b 010111001010|0010010|11110011111001|110 0x5CA25E7CE
0c 010110100011|0010010|11110001001101|101 0x5A325E26D
BX = 110 Event : 7
00 010010111110|0100100|11011011011011|100 0x4BE49B6DC
01 010010111000|0100100|11011000010010|100 0x4B849B094
02 010001111100|0100100|11000001101110|100 0x47C498374
03 010101101000|1101111|11000011101100|101 0x568DF8765
04 010101011100|1101111|11010011111010|010 0x55CDFA7D2
05 010101100000|1101111|11011101001101|001 0x560DFBA69
06 010101001011|1101111|11011010111110|101 0x54BDFB5F5
07 010011111110|1101111|11010111011000|001 0x4FEDFAEC1
08 010101011001|1011101|11110101000101|010 0x559BBEA2A
09 010101011000|1011101|11011100111101|000 0x558BBB9E8
0a 010100001110|1011101|11111111101100|010 0x50EBBFF62
0b 010100010010|1011101|11100101110000|001 0x512BBCB81
0c 011000010110|0100100|11101011000001|101 0x61649D60D
0d 010111100111|0100100|11001111010000|101 0x5E7499E85
0e 010111010000|0010010|11110001101011|010 0x5D025E35A
0f 010110101101|0010010|11111010101000|110 0x5AD25F546
BX = 111 Event : 8
00 010100000000|0100100|11011100101010|001 0x50049B951
01 010011101111|0100100|11000100111011|000 0x4EF4989D8
02 010011111000|0010010|11011100100101|100 0x4F825B92C
03 010011001001|0010010|11101011100001|100 0x4C925D70C
04 010101111100|1101111|11000111000000|100 0x57CDF8E04
05 010101000111|1101111|11011101001111|100 0x547DFBA7C
06 010011101100|1101111|11011100100100|000 0x4ECDFB920
07 010100111111|1011101|11011101011110|110 0x53FBBBAF6
08 010100110000|1011101|11100110110100|100 0x530BBCDA4
09 010100010010|1011101|11011100011000|100 0x512BBB8C4
0a 010011101011|1011101|11110111100101|101 0x4EBBBEF2D
0b 011000001110|0100100|11011110101000|110 0x60E49BD46
0c 010111010010|0100100|11011111001000|001 0x5D249BE41
0d 010111111100|0010010|11111111100101|100 0x5FC25FF2C
0e 010110011101|0010010|11111111001000|010 0x59D25FE42
BX = 000 Event : 9
00 010011011100|0100100|11011010010101|000 0x4DC49B4A8
01 010100001010|0010010|11101011101111|100 0x50A25D77C
02 010010000101|0010010|11100110110100|100 0x48525CDA4
03 010101110110|1101111|11010101010000|001 0x576DFAA81
04 010101110011|1101111|11011011010100|110 0x573DFB6A6
05 010011111111|1101111|11001010111110|100 0x4FFDF95F4
06 010011110111|1011101|11101011111110|100 0x4F7BBD7F4
07 010111010000|0010010|11000101001001|101 0x5D0258A4D
08 011000011001|0100100|11000100100000|000 0x619498900
09 011000000011|0100100|11000111010010|010 0x603498E92
0a 010111110100|0100100|11101110010111|110 0x5F449DCBE
0b 010110111110|0100100|11011111000010|010 0x5BE49BE12
0c 010110000110|0100100|11011001111101|000 0x58649B3E8
BX = 001 Event : 10
00 010010101010|0100100|11001011101111|000 0x4AA499778
01 010010000011|0100100|11010000110110|100 0x48349A1B4
02 010011111110|0010010|11111101100001|100 0x4FE25FB0C
03 010011010010|0010010|11110011000001|001 0x4D225E609
04 010011001100|0010010|11110110110010|000 0x4CC25ED90
05 010100100111|1011101|11111110011111|100 0x527BBFCFC
06 010111110110|0100100|11100111000100|010 0x5F649CE22
07 010111110001|0100100|11100100100111|000 0x5F149C938
08 010110100001|0100100|11000010100110|101 0x5A1498535
09 010111111001|0010010|11111001001110|001 0x5F925F271
BX = 010 Event : 11
00 010011001110|0100100|11011100101110|000 0x4CE49B970
01 010010111101|0100100|11000001011001|001 0x4BD4982C9
02 010100001001|0010010|11100010001111|000 0x50925C478
03 010011001011|0010010|11011100101010|000 0x4CB25B950
04 010010100101|0010010|11110010011011|000 0x4A525E4D8
05 010010100000|0010010|11110010011001|000 0x4A025E4C8
06 010101100010|1101111|11010110000010|001 0x562DFAC11
07 010101001000|1101111|11010100100111|000 0x548DFA938
08 010011111001|1101111|11100001111101|000 0x4F9DFC3E8
09 010011101110|1101111|11100000001011|110 0x4EEDFC05E
0a 010011100011|1101111|11010010100110|001 0x4E3DFA531
0b 010101101111|1011101|11101101110010|001 0x56FBBDB91
0c 010101000010|1011101|11101100000011|010 0x542BBD81A
0d 010011110110|1011101|11100001101110|000 0x4F6BBC370
0e 010110100111|0010010|11000011101100|001 0x5A7258761
0f 010111000000|0100100|11101001010010|001 0x5C049D291
10 010110111001|0100100|11010111111100|110 0x5B949AFE6
11 010110101100|0100100|11000001101010|100 0x5AC498354
12 010110101000|0100100|11000000000100|000 0x5A8498020
13 010110100011|0100100|11000000000000|000 0x5A3498000
14 010110011000|0100100|11000000100010|110 0x598498116
15 010110011000|0100100|11000001010000|000 0x598498280
BX = 011 Event : 12
00 010010010101|0100100|11000000011111|100 0x4954980FC
01 010011101010|0010010|11111011111010|100 0x4EA25F7D4
02 010011001111|0010010|11101010100100|001 0x4CF25D521
03 010011001001|0010010|11101011001101|000 0x4C925D668
04 010101101100|1101111|11010101101101|010 0x56CDFAB6A
05 010100111111|1101111|11010101110110|110 0x53FDFABB6
06 010011111001|1011101|11111010100111|010 0x4F9BBF53A
07 010110100010|0010010|11000011111111|010 0x5A22587FA
08 010111111100|0100100|11001110000101|110 0x5FC499C2E
09 010110101010|0100100|11000100010001|001 0x5AA498889
0a 011000000010|0010010|11111100010100|100 0x60225F8A4
BX = 100 Event : 13
00 010010111110|0100100|11001101100000|000 0x4BE499B00
01 010001111011|0010010|11100101011100|000 0x47B25CAE0
02 010101110111|1101111|11000110110101|000 0x577DF8DA8
03 010101001111|1101111|11000011100010|010 0x54FDF8712
04 010011111111|1101111|11011010011010|001 0x4FFDFB4D1
05 010110110001|0010010|11000011111101|010 0x5B12587EA
06 010111000010|0100100|11101111111100|001 0x5C249DFE1
07 010110111001|0100100|11000100010101|011 0x5B94988AB
08 010110011010|0100100|11000111101100|110 0x59A498F66
BX = 101 Event : 14
00 010011011011|0100100|11000101110111|100 0x4DB498BBC
01 010100001111|1101111|11001100101111|000 0x50FDF9978
02 010011111100|1101111|11011110000100|110 0x4FCDFBC26
03 010101100100|1011101|11100010011100|100 0x564BBC4E4
04 010100010110|1011101|11011101111001|001 0x516BBBBC9
05 011000011000|0100100|11010101101100|001 0x61849AB61
06 010111011111|0100100|11001001010010|100 0x5DF499294
07 010111011010|0100100|11001001001110|100 0x5DA499274
08 010110101111|0100100|11010110110100|101 0x5AF49ADA5
BX = 110 Event : 15
00 010010110100|0100100|11001011101111|000 0x4B4499778
01 010001111000|0100100|11001110101110|000 0x478499D70
02 010001110011|0010010|11110000011101|001 0x47325E0E9
03 010110000000|1011101|11100110000101|000 0x580BBCC28
04 010101010100|1011101|11100100101000|110 0x554BBC946
05 010100011000|1011101|11100011010101|100 0x518BBC6AC
06 010100000100|1011101|11111101010111|010 0x504BBFABA
07 010011111011|1011101|11101111001001|101 0x4FBBBDE4D
08 010011110100|1011101|11111101100010|101 0x4F4BBFB15
09 010110100001|0100100|11100110101100|010 0x5A149CD62
BX = 111 Event : 16
00 010011010010|0100100|11001101101111|001 0x4D2499B79
01 010010101111|0100100|11001100111011|100 0x4AF4999DC
02 010010100100|0100100|11000010110001|001 0x4A4498589
03 010100010011|1101111|11000110000111|010 0x513DF8C3A
04 010011111010|1101111|11001010010101|100 0x4FADF94AC
05 010011101110|1101111|11010110011110|001 0x4EEDFACF1
06 010101000110|1011101|11100010100110|010 0x546BBC532
07 010100000101|1011101|11110000110000|000 0x505BBE180
08 011000000100|0100100|11010101000100|011 0x60449AA23
09 010111100100|0100100|11110101110000|101 0x5E449EB85
0a 010111011011|0100100|11000111110010|110 0x5DB498F96
0b 010111011100|0010010|11110110001111|000 0x5DC25EC78
BX = 000 Event : 17
00 010100001000|0100100|11000010010000|100 0x508498484
01 010011101111|0100100|11000010010101|000 0x4EF4984A8
02 010010010111|0100100|11010001111101|001 0x49749A3E9
03 010010111000|0010010|11110110010010|001 0x4B825EC91
04 010101100011|1101111|11000111111101|101 0x563DF8FED
05 010100110101|1101111|11100000000111|100 0x535DFC03C
06 010100100110|1101111|11100000100011|110 0x526DFC11E
07 010100001001|1011101|11100011011011|001 0x509BBC6D9
08 011000010011|0100100|11100011001000|110 0x61349C646
09 010111001110|0100100|11001111011011|100 0x5CE499EDC
0a 010111000011|0100100|11010011000010|010 0x5C349A612
0b 010110111110|0100100|11010011000000|010 0x5BE49A602
0c 010110111011|0100100|11001101101011|010 0x5BB499B5A
0d 010110100010|0100100|11101000110110|000 0x5A249D1B0
0e 010110100010|0010010|11111110010101|001 0x5A225FCA9
BX = 001 Event : 18
00 010001111101|0100100|11011011010110|000 0x47D49B6B0
01 010011001001|0010010|11100000100000|100 0x4C925C104
02 010010100101|0010010|11110000000110|100 0x4A525E034
03 010010100001|0010010|11101011011110|000 0x4A125D6F0
04 010101000010|1101111|11010000010001|010 0x542DFA08A
05 010100101100|1101111|11000001111011|010 0x52CDF83DA
06 010101110000|1011101|11101010010011|001 0x570BBD499
07 010110110110|0010010|11000011000010|110 0x5B6258616
08 010110111001|0100100|11010111111111|000 0x5B949AFF8
09 010110110111|0100100|11110111000111|101 0x5B749EE3D
0a 010110001001|0100100|11101011101010|011 0x58949D753
0b 010110101111|0010010|11110111011111|110 0x5AF25EEFE
BX = 010 Event : 19
00 010010000111|0100100|11001011101110|000 0x487499770
01 010010010101|0010010|11111001100110|100 0x49525F334
02 010101110010|1101111|11000100110001|110 0x572DF898E
03 010100001101|1101111|11000010111011|100 0x50DDF85DC
04 010100001001|1101111|11000110110110|110 0x509DF8DB6
05 010100000111|1101111|11010011111011|101 0x507DFA7DD
06 010100001100|1011101|11101001011010|101 0x50CBBD2D5
07 010110011001|0100100|11001010011101|101 0x5994994ED
08 010110000111|0100100|11100011000100|100 0x58749C624
09 011000100110|0010010|11111001000100|010 0x62625F222
BX = 011 Event : 20
00 010011010001|0100100|11000101000011|100 0x4D1498A1C
01 010010001000|0100100|11001111100110|001 0x488499F31
02 010010100111|0010010|11101010001110|100 0x4A725D474
03 010011111110|1101111|11100000111101|010 0x4FEDFC1EA
04 010100000100|1011101|11110010010101|010 0x504BBE4AA
05 010011110111|1011101|11100000011000|010 0x4F7BBC0C2
06 011000000111|0100100|11101100001010|101 0x60749D855
07 010111111001|0100100|11001000111010|000 0x5F94991D0
08 010111101011|0100100|11010100010010|010 0x5EB49A892
09 010111000000|0010010|11111110001100|110 0x5C025FC66
0a 010110111010|0010010|11111111101001|001 0x5BA25FF49
0b 010110100010|0010010|11111101011100|100 0x5A225FAE4
BX = 100 Event : 21
00 010010101101|0100100|11010110000001|000 0x4AD49AC08
01 010010101010|0100100|11011010110101|100 0x4AA49B5AC
02 010011111111|1011101|11111111111010|100 0x4FFBBFFD4
03 010011100101|1011101|11111101100100|010 0x4E5BBFB22
04 010111001000|0100100|11011000010000|110 0x5C849B086
05 010111000100|0100100|11110011100000|101 0x5C449E705
06 011000000100|0010010|11110111010001|110 0x60425EE8E
BX = 101 Event : 22
00 010011101011|0100100|11001001100110|100 0x4EB499334
01 010010000011|0010010|11101101010001|001 0x48325DA89
02 010011111010|1011101|11100011110110|101 0x4FABBC7B5
03 011000010101|0100100|11110100001100|110 0x61549E866
04 011000001001|0100100|11011110110111|001 0x60949BDB9
05 010110010111|0100100|11001111010010|010 0x597499E92
BX = 110 Event : 23
00 010011010110|0100100|11000111110101|000 0x4D6498FA8
01 010011100101|1101111|11000010101011|101 0x4E5DF855D
02 010101111100|1011101|11111000100100|101 0x57CBBF125
03 010110100001|0010010|11000001010001|100 0x5A125828C
04 010111100110|0100100|11010011000011|100 0x5E649A61C
05 010111100001|0100100|11010101100111|101 0x5E149AB3D
06 010111110111|0010010|11110011111111|011 0x5F725E7FB
07 010110011001|0010010|11111010000001|010 0x59925F40A
BX = 111 Event : 24
00 010010100001|0100100|11010001010110|100 0x4A149A2B4
01 010001111110|0100100|11010000011101|001 0x47E49A0E9
02 010001111000|0100100|11011100111101|000 0x47849B9E8
03 010100000101|0010010|11101110000110|001 0x50525DC31
04 010100001001|1101111|11011010100111|010 0x509DFB53A
05 010101100011|1011101|11111011000101|001 0x563BBF629
06 010101001111|1011101|11111001101011|100 0x54FBBF35C
07 010100110001|1011101|11111001100111|101 0x531BBF33D
08 010100100011|1011101|11100010001001|110 0x523BBC44E
09 010011110110|1011101|11101101010001|010 0x4F6BBDA8A
0a 010011100001|1011101|11110000111000|110 0x4E1BBE1C6
0b 011000001001|0100100|11100001001010|011 0x60949C253
0c 010110101010|0100100|11011101101111|110 0x5AA49BB7E
BX = 000 Event : 25
00 010010000111|0100100|11011101000011|100 0x48749BA1C
01 010010000100|0010010|11011101001100|100 0x48425BA64
02 010101110101|1101111|11010010110110|010 0x575DFA5B2
03 011000011110|0100100|11010010010110|010 0x61E49A4B2
04 010110111010|0100100|11000010101100|101 0x5BA498565
05 010110110100|0100100|11010100000001|001 0x5B449A809
06 010110011001|0100100|11110111011001|110 0x59949EECE
07 010110000111|0100100|11010011101111|010 0x58749A77A
08 010111000111|0010010|11111000010100|001 0x5C725F0A1
09 010110010000|0010010|11110111110101|110 0x59025EFAE
BX = 001 Event : 26
00 010011111110|0010010|11110101010001|000 0x4FE25EA88
01 010010001101|0010010|11101101010001|001 0x48D25DA89
02 010001110010|0010010|11111111101101|100 0x47225FF6C
03 010100000100|1101111|11000111010011|100 0x504DF8E9C
04 010100011101|1011101|11110101110111|010 0x51DBBEBBA
05 010100000111|1011101|11101000010001|000 0x507BBD088
06 011000011101|0100100|11010101011000|010 0x61D49AAC2
07 010111111100|0100100|11110100001001|110 0x5FC49E84E
08 010111011111|0100100|11110101110010|010 0x5DF49EB92
09 010111110111|0010010|11110100100101|110 0x5F725E92E
0a 010111011000|0010010|11110101011010|010 0x5D825EAD2
BX = 010 Event : 27
00 010100001100|0100100|11011111101100|000 0x50C49BF60
01 010010111110|0100100|11001101000000|100 0x4BE499A04
02 010010110011|0010010|11110101101100|001 0x4B325EB61
03 010001111100|0010010|11111001111100|000 0x47C25F3E0
04 010100100111|1101111|11000000110010|001 0x527DF8191
05 010100000100|1101111|11000111110110|001 0x504DF8FB1
06 010100000110|1101111|11010010110011|100 0x506DFA59C
07 010011111111|1101111|11011000111011|010 0x4FFDFB1DA
08 010011100001|1101111|11001011000111|010 0x4E1DF963A
09 010100011100|1011101|11111011000001|001 0x51CBBF609
0a 010100000010|1011101|11100111011011|010 0x502BBCEDA
0b 010100000000|1011101|11100010001000|000 0x500BBC440
0c 010011100111|1011101|11101110000100|010 0x4E7BBDC22
0d 011000101010|0010010|11000011010011|100 0x62A25869C
0e 010110101111|0100100|11011111100001|101 0x5AF49BF0D
0f 010110001110|0100100|11110101011000|101 0x58E49EAC5
BX = 011 Event : 28
00 010011000000|0010010|11101010010011|000 0x4C025D498
01 010101111100|1011101|11100101000011|000 0x57CBBCA18
02 010101100100|1011101|11101111011010|101 0x564BBDED5
03 010100101101|1011101|11101111000001|101 0x52DBBDE0D
04 010011100110|1011101|11110110111100|010 0x4E6BBEDE2
05 011000010100|0100100|11010001011001|110 0x61449A2CE
06 010110110101|0100100|11110011101100|101 0x5B549E765
07 010110001000|0100100|11101000010011|100 0x58849D09C
08 011000010000|0010010|11111111100101|000 0x61025FF28
09 010110011110|0010010|11111100001111|100 0x59E25F87C
BX = 100 Event : 29
00 010010010100|0010010|11100110010101|000 0x49425CCA8
01 010010000001|0010010|11111010100011|100 0x48125F51C
02 010100111010|1101111|11010110010111|101 0x53ADFACBD
03 010100100110|1101111|11011000010011|101 0x526DFB09D
04 010100011000|1101111|11001000000101|101 0x518DF902D
05 010100001001|1101111|11001001011101|100 0x509DF92EC
06 010101000000|1011101|11111001110001|101 0x540BBF38D
07 010101000100|1011101|11100110100011|101 0x544BBCD1D
08 010100001110|1011101|11110101001001|101 0x50EBBEA4D
09 010100001001|1011101|11111111110110|100 0x509BBFFB4
0a 010011110000|1011101|11111111100110|010 0x4F0BBFF32
0b 010111110101|0100100|11010101010110|001 0x5F549AAB1
0c 010110010101|0100100|11011010111000|010 0x59549B5C2
0d 010110001011|0100100|11000110110010|010 0x58B498D92
0e 011000000011|0010010|11111001101111|001 0x60325F379
BX = 101 Event : 30
00 010011000111|0100100|11000000111111|001 0x4C74981F9
01 010010001000|0100100|11010010101110|001 0x48849A571
02 010010100000|0010010|11100010010010|100 0x4A025C494
03 010001111100|0010010|11111011110000|100 0x47C25F784
04 010101010100|1101111|11011000101101|000 0x554DFB168
05 010011101001|1101111|11010101010100|110 0x4E9DFAAA6
06 010101110111|1011101|11111011000101|101 0x577BBF62D
07 010100001001|1011101|11110101100001|101 0x509BBEB0D
08 010011111001|1011101|11100110001110|010 0x4F9BBCC72
09 010110011010|0010010|11000110011001|001 0x59A258CC9
0a 011000000000|0100100|11100101111011|001 0x60049CBD9
0b 010110100100|0100100|11000110100001|001 0x5A4498D09
BX = 110 Event : 31
00 010011001100|0100100|11001000011111|100 0x4CC4990FC
01 010010111000|0100100|11000110100011|000 0x4B8498D18
02 010010010000|0100100|11000101100000|000 0x490498B00
03 010010001010|0010010|11011011011110|000 0x48A25B6F0
04 010001110010|0010010|11100010110010|001 0x47225C591
05 010011111111|1101111|11001000101011|101 0x4FFDF915D
06 010101101101|1011101|11100101110101|001 0x56DBBCBA9
07 010100110010|1011101|11101111111110|010 0x532BBDFF2
08 011000010011|0100100|11010101101111|110 0x61349AB7E
09 010111100110|0100100|11010110101110|101 0x5E649AD75
0a 010110001000|0100100|11100111010101|010 0x58849CEAA
BX = 111 Event : 32
00 010010010101|0100100|11000101011011|000 0x495498AD8
01 010010100111|0010010|11101001010000|000 0x4A725D280
02 010101011100|1101111|11010011000010|101 0x55CDFA615
03 010101010100|1101111|11000010011111|110 0x554DF84FE
04 010100001001|1101111|11001010100100|000 0x509DF9520
05 010101100011|1011101|11110011101100|100 0x563BBE764
06 010100111011|1011101|11110011100100|000 0x53BBBE720
07 010100110001|1011101|11111110101100|001 0x531BBFD61
08 010100001110|1011101|11100011000001|101 0x50EBBC60D
09 011000011101|0100100|11100001111110|010 0x61D49C3F2
0a 011000001101|0100100|11001000010111|001 0x60D4990B9
0b 010111110011|0100100|11110101100000|010 0x5F349EB02
0c 010110100100|0100100|11011001110111|010 0x5A449B3BA
0d 010111101100|0010010|11110101001010|001 0x5EC25EA51
BX = 000 Event : 33
00 010011100001|0100100|11001101111000|001 0x4E1499BC1
01 010011001010|0100100|11010100111100|000 0x4CA49A9E0
02 010010110101|0100100|11011100110110|000 0x4B549B9B0
03 010011101100|0010010|11100000101100|000 0x4EC25C160
04 010010101001|0010010|11111100001111|100 0x4A925F87C
05 010010010101|0010010|11111000001101|001 0x49525F069
06 010001110010|0010010|11111110001100|001 0x47225FC61
07 010101001011|1101111|11001101010001|001 0x54BDF9A89
08 010100100010|1101111|11001001101000|101 0x522DF9345
09 010100010110|1101111|11010100100110|000 0x516DFA930
0a 010100110000|1011101|11011101000001|001 0x530BBBA09
0b 010100001011|1011101|11011111110010|000 0x50BBBBF90
0c 011000011101|0100100|11110000001000|010 0x61D49E042
0d 010111111010|0100100|11010111000111|010 0x5FA49AE3A
0e 010111110000|0100100|11010101111100|101 0x5F049ABE5
0f 010110100000|0100100|11110001000011|101 0x5A049E21D
10 010110001000|0100100|11101000110010|000 0x58849D190
11 010110101101|0010010|11110000111001|100 0x5AD25E1CC
BX = 001 Event : 34
00 010100010010|0100100|11100001111000|000 0x51249C3C0
01 010010011101|0100100|11011111111000|100 0x49D49BFC4
02 010010001011|0100100|11011010001000|100 0x48B49B444
03 010010011011|0010010|11100001001010|100 0x49B25C254
04 010010000111|0010010|11100001100000|100 0x48725C304
05 010010000111|0010010|11100000110101|001 0x48725C1A9
06 010100011000|1101111|11000100001011|110 0x518DF885E
07 010011110110|1101111|11001100110011|100 0x4F6DF999C
08 010101100011|1011101|11111000000101|101 0x563BBF02D
09 010100111100|1011101|11101111100010|010 0x53CBBDF12
0a 011000001110|0100100|11110000111100|110 0x60E49E1E6
0b 011000000100|0100100|11100011110001|101 0x60449C78D
0c 010110100011|0100100|11110110100110|100 0x5A349ED34
0d 010110100111|0010010|11110010010110|110 0x5A725E4B6
0e 010110100000|0010010|11110110110010|101 0x5A025ED95
BX = 010 Event : 35
00 010010111101|0010010|11111111011111|000 0x4BD25FEF8
01 010010010110|0010010|11110001110101|000 0x49625E3A8
02 010101000000|1101111|11000000011101|100 0x540DF80EC
03 010101110010|1011101|11110110100101|100 0x572BBED2C
04 010111111110|0100100|11001000111010|110 0x5FE4991D6
05 010111100001|0100100|11110001001100|101 0x5E149E265
06 010110111110|0100100|11010010001100|010 0x5BE49A462
07 010110011001|0100100|11110110100011|001 0x59949ED19
08 011000100101|0010010|11111011010111|000 0x62525F6B8
09 011000010100|0010010|11110101101010|001 0x61425EB51
0a 011000001011|0010010|11110100101011|100 0x60B25E95C
0b 010111011101|0010010|11110101010001|101 0x5DD25EA8D
0c 010110001100|0010010|11110110100010|100 0x58C25ED14
BX = 011 Event : 36
00 010010111000|0100100|11001001001100|001 0x4B8499261
01 010011100110|0010010|11110011001110|001 0x4E625E671
02 010110000000|1101111|11010111010011|000 0x580DFAE98
03 010100010101|1011101|11100000010101|110 0x515BBC0AE
04 010111010010|0100100|11100001100000|100 0x5D249C304
05 010110111001|0100100|11100011110110|110 0x5B949C7B6
06 010110110100|0100100|11010010111011|001 0x5B449A5D9
07 010110010001|0100100|11100000111000|000 0x59149C1C0
BX = 100 Event : 37
00 010001111101|0100100|11001110111011|000 0x47D499DD8
01 010011110011|0010010|11101000000010|100 0x4F325D014
02 010011101001|0010010|11100111110110|001 0x4E925CFB1
03 010011100110|0010010|11011010000011|000 0x4E625B418
04 010101101101|1101111|11000110100011|000 0x56DDF8D18
05 010101101101|1101111|11001010101010|010 0x56DDF9552
06 010101011110|1101111|11001010111000|000 0x55EDF95C0
07 010101100011|1101111|11011000100110|101 0x563DFB135
08 011000100000|0100100|11000000111001|010 0x6204981CA
09 011000011111|0100100|11110011001011|011 0x61F49E65B
0a 010111010010|0100100|11011000110011|010 0x5D249B19A
0b 010110011100|0100100|11110100001100|110 0x59C49E866
0c 010110010101|0100100|11000110010011|100 0x595498C9C
0d 010110010111|0100100|11110100001011|100 0x59749E85C
0e 010110010111|0010010|11110100101001|110 0x59725E94E
BX = 101 Event : 38
00 010010111001|0100100|11001010100001|000 0x4B9499508
01 010010100000|0100100|11001010101001|000 0x4A0499548
02 010011110100|0010010|11111100101001|100 0x4F425F94C
03 010011001010|0010010|11101010000101|100 0x4CA25D42C
04 010001110010|0010010|11100010110111|100 0x47225C5BC
05 010100110110|1101111|11011001001110|100 0x536DFB274
06 010100001111|1101111|11010000011010|100 0x50FDFA0D4
07 010101001011|1011101|11110001001000|001 0x54BBBE241
08 010011100000|1011101|11111101010011|100 0x4E0BBFA9C
09 010111101011|0100100|11110000010111|001 0x5EB49E0B9
0a 010111100101|0100100|11101110011000|100 0x5E549DCC4
0b 010110100011|0100100|11000000010011|000 0x5A3498098
0c 010110100001|0100100|11110100000010|001 0x5A149E811
0d 010110011100|0010010|11110011110010|001 0x59C25E791
BX = 110 Event : 39
00 010010101001|0010010|11111010110111|100 0x4A925F5BC
01 010011110010|1101111|11011110011011|100 0x4F2DFBCDC
02 010101110001|1011101|11011101101111|101 0x571BBBB7D
03 010101001010|1011101|11111000001001|100 0x54ABBF04C
04 010100011010|1011101|11101100001110|110 0x51ABBD876
05 010100001000|1011101|11111011110110|000 0x508BBF7B0
06 011000010000|0010010|11111111010000|110 0x61025FE86
BX = 111 Event : 40
00 010011010100|0100100|11010100011100|100 0x4D449A8E4
01 010100100010|1101111|11100001100101|000 0x522DFC328
02 010100001110|1101111|11011000110111|110 0x50EDFB1BE
03 010100000101|1101111|11001111110110|010 0x505DF9FB2
04 010100001000|1101111|11010111110100|101 0x508DFAFA5
05 010100001001|1101111|11011000110110|100 0x509DFB1B4
06 010100000100|1101111|11100010100001|110 0x504DFC50E
07 010101011010|1011101|11110001000011|010 0x55ABBE21A
08 010011111110|1011101|11100110001111|101 0x4FEBBCC7D
09 010011111111|1011101|11100011000100|110 0x4FFBBC626
0a 011000001011|0010010|11000010010110|010 0x60B2584B2
0b 011000010000|0100100|11000010101100|010 0x610498562
0c 011000000101|0100100|11010000001111|101 0x60549A07D
0d 010111000001|0100100|11101100111110|100 0x5C149D9F4
BX = 000 Event : 41
00 010001111000|0100100|11001110001100|001 0x478499C61
01 010010111011|0010010|11101001111100|000 0x4BB25D3E0
02 010010010110|0010010|11101110001000|100 0x49625DC44
03 010100101010|1101111|11010100111110|100 0x52ADFA9F4
04 010100101010|1101111|11010101011011|001 0x52ADFAAD9
05 010100011101|1101111|11000011101101|101 0x51DDF876D
06 010011110000|1101111|11011010001001|110 0x4F0DFB44E
07 010101000000|1011101|11110010010101|000 0x540BBE4A8
08 010011100001|1011101|11110110001010|101 0x4E1BBEC55
09 010110011111|0100100|11101110100110|010 0x59F49DD32
0a 010111110111|0010010|11111111100010|110 0x5F725FF16
BX = 001 Event : 42
00 010100001111|0100100|11011100110010|000 0x50F49B990
01 010100001100|0010010|11011101100101|100 0x50C25BB2C
02 010001110100|0010010|11101100101010|001 0x47425D951
03 010100101101|1101111|11001101110111|010 0x52DDF9BBA
04 010100011110|1101111|11001110000110|000 0x51EDF9C30
05 010100100000|1101111|11010100101101|101 0x520DFA96D
06 010011111100|1101111|11011110001001|101 0x4FCDFBC4D
07 010101110010|1011101|11110011000101|100 0x572BBE62C
08 010101001111|1011101|11111011101110|010 0x54FBBF772
09 010011111000|1011101|11011110010110|101 0x4F8BBBCB5
0a 010011100001|1011101|11110110011100|110 0x4E1BBECE6
0b 010011101000|1011101|11100000001000|010 0x4E8BBC042
0c 011000001110|0100100|11010010011011|010 0x60E49A4DA
0d 010111011111|0100100|11101100111001|001 0x5DF49D9C9
0e 010110100011|0100100|11001000111101|101 0x5A34991ED
0f 010110001100|0100100|11110010010101|100 0x58C49E4AC
BX = 010 Event : 43
00 010011011110|0100100|11010100001010|000 0x4DE49A850
01 010010100111|0100100|11010011000010|001 0x4A749A611
02 010010000101|0010010|11100100100111|100 0x48525C93C
03 010101111000|1101111|11011010110111|010 0x578DFB5BA
04 010101010101|1101111|11001101111000|010 0x555DF9BC2
05 010101001111|1011101|11100100110001|001 0x54FBBC989
06 010111101100|0100100|11001111010100|101 0x5EC499EA5
07 010111000010|0100100|11011100000010|000 0x5C249B810
08 010111000010|0100100|11101111011101|000 0x5C249DEE8
09 010111000010|0100100|11110000000100|010 0x5C249E022
0a 010110111101|0100100|11101111101110|100 0x5BD49DF74
0b 010110111011|0100100|11000001001000|101 0x5BB498245
0c 010110001011|0100100|11011011111110|010 0x58B49B7F2
BX = 011 Event : 44
00 010010111110|0100100|11001011101010|001 0x4BE499751
01 010010100100|0100100|11000111010001|100 0x4A4498E8C
02 010011110100|0010010|11111001001111|100 0x4F425F27C
03 010010101011|0010010|11101100001011|000 0x4AB25D858
04 010010100110|0010010|11101100000010|100 0x4A625D814
05 010100010000|1101111|11010010101111|100 0x510DFA57C
06 010101100111|1011101|11011101111101|101 0x567BBBBED
07 010100110110|1011101|11111000111100|100 0x536BBF1E4
08 010011101010|1011101|11111010011011|010 0x4EABBF4DA
09 010111000111|0100100|11000110010101|100 0x5C7498CAC
BX = 100 Event : 45
00 010100001110|0100100|11011010011110|000 0x50E49B4F0
01 010100001001|0100100|11011010011111|100 0x50949B4FC
02 010011100110|0100100|11011011000110|000 0x4E649B630
03 010010010011|0100100|11010101101011|100 0x49349AB5C
04 010011101010|0010010|11111010100000|000 0x4EA25F500
05 010011100000|0010010|11011011001001|000 0x4E025B648
06 010101000000|1101111|11011001101100|001 0x540DFB361
07 010011111010|1101111|11011010010011|000 0x4FADFB498
08 010101101101|1011101|11111011011101|101 0x56DBBF6ED
09 010101001111|1011101|11111111010100|010 0x54FBBFEA2
0a 010100010001|1011101|11101001101111|001 0x511BBD379
0b 010011111111|1011101|11111111011000|101 0x4FFBBFEC5
0c 010111011110|0100100|11001101001000|001 0x5DE499A41
0d 010110111001|0100100|11010110110100|101 0x5B949ADA5
0e 010111000000|0100100|11110101000111|010 0x5C049EA3A
0f 010110100101|0100100|11010100010111|100 0x5A549A8BC
10 010111111101|0010010|11111011010000|000 0x5FD25F680
11 010110111010|0010010|11110100110100|011 0x5BA25E9A3
12 010110100001|0010010|11110100001010|100 0x5A125E854
BX = 101 Event : 46
00 010011101010|0100100|11000000001000|100 0x4EA498044
01 010010110000|0010010|11101100001111|000 0x4B025D878
02 010010101011|0010010|11101100001011|000 0x4AB25D858
03 010100000011|1101111|11000000111010|101 0x503DF81D5
04 010011111001|1101111|11000100010111|100 0x4F9DF88BC
05 010011101001|1101111|11010101110111|010 0x4E9DFABBA
06 010101110100|1011101|11101101100001|001 0x574BBDB09
07 010101011100|1011101|11101010100000|100 0x55CBBD504
08 010101001111|1011101|11100011111110|010 0x54FBBC7F2
09 010101000010|1011101|11101101011001|101 0x542BBDACD
0a 010111001010|0010010|11000010011101|101 0x5CA2584ED
0b 010111010100|0100100|11000010001111|101 0x5D449847D
0c 010110111110|0100100|11110001110011|100 0x5BE49E39C
0d 010110100001|0100100|11000010011100|101 0x5A14984E5
0e 010110010000|0100100|11101111111001|001 0x59049DFC9
0f 010110001011|0100100|11101111111110|001 0x58B49DFF1
10 010110111100|0010010|11111100011010|001 0x5BC25F8D1
BX = 110 Event : 47
00 010011111111|0100100|11001101101111|100 0x4FF499B7C
01 010010000010|0100100|11011100100111|000 0x48249B938
02 010010110011|0010010|11111011001001|100 0x4B325F64C
03 010010011111|0010010|11111001000010|001 0x49F25F211
04 010001111111|0010010|11011100101011|100 0x47F25B95C
05 010101101010|1101111|11010000011111|000 0x56ADFA0F8
06 010101011011|1101111|11010001110101|001 0x55BDFA3A9
07 010100011001|1101111|11001101000011|010 0x519DF9A1A
08 010100001001|1101111|11000100111100|001 0x509DF89E1
09 010101110110|1011101|11100111000110|000 0x576BBCE30
0a 010011111101|1011101|11101000101010|010 0x4FDBBD152
0b 010110110100|0100100|11010111010101|011 0x5B449AEAB
0c 010110010010|0100100|11100111101010|001 0x59249CF51
0d 011000100001|0010010|11111010010001|010 0x62125F48A
BX = 111 Event : 48
00 010011011011|0100100|11000100010110|000 0x4DB4988B0
01 010001111101|0100100|11001101001111|001 0x47D499A79
02 010101110010|1101111|11000010110100|101 0x572DF85A5
03 010101010100|1101111|11000110110000|000 0x554DF8D80
04 010101000001|1101111|11001101011000|100 0x541DF9AC4
05 010100110110|1101111|11001001001100|010 0x536DF9262
06 010011111011|1101111|11011011110010|101 0x4FBDFB795
07 010011110100|1011101|11011100001000|110 0x4F4BBB846
08 010111000100|0010010|11000001010001|101 0x5C425828D
09 011000100011|0100100|11010000000111|110 0x62349A03E
0a 011000001011|0100100|11101000101101|001 0x60B49D169
0b 011000000010|0100100|11101100000011|010 0x60249D81A
0c 010111111100|0100100|11101010110011|100 0x5FC49D59C
0d 010111110101|0100100|11100010000010|110 0x5F549C416
0e 010111111100|0100100|11110100111100|000 0x5FC49E9E0
0f 010111001010|0100100|11000000111010|101 0x5CA4981D5
10 011000001000|0010010|11111010001100|001 0x60825F461
11 010111110110|0010010|11110100111110|100 0x5F625E9F4
BX = 000 Event : 49
00 010011100011|0100100|11010100100010|100 0x4E349A914
01 010010100011|0100100|11100001011111|000 0x4A349C2F8
02 010100000100|0010010|11110100001001|100 0x50425E84C
03 010010010101|0010010|11111011001110|001 0x49525F671
04 010010011011|0010010|11100001101011|100 0x49B25C35C
05 010101101100|1101111|11011111100101|101 0x56CDFBF2D
06 010101000000|1101111|11000100001000|000 0x540DF8840
07 010100110000|1101111|11010111010011|000 0x530DFAE98
08 010100010010|1101111|11010110111011|001 0x512DFADD9
09 010011111010|1101111|11001001100101|001 0x4FADF9329
0a 010101100101|1011101|11100000000101|110 0x565BBC02E
0b 010101010010|1011101|11011110111111|001 0x552BBBDF9
0c 010011110101|1011101|11110100110100|100 0x4F5BBE9A4
0d 010111001101|0100100|11011001110110|101 0x5CD49B3B5
BX = 001 Event : 50
00 010011101011|0010010|11110100000101|001 0x4EB25E829
01 010101001111|1101111|11011000111011|110 0x54FDFB1DE
02 010101101110|1011101|11101110001101|010 0x56EBBDC6A
03 010101100000|1011101|11101011110100|101 0x560BBD7A5
04 010100110011|1011101|11101101000011|101 0x533BBDA1D
05 010111011101|0100100|11100101000111|100 0x5DD49CA3C
06 010111000111|0100100|11011011110001|010 0x5C749B78A
07 010111000010|0100100|11011100100010|001 0x5C249B911
08 010110011011|0100100|11010111011100|010 0x59B49AEE2
BX = 010 Event : 51
00 010001111100|0100100|11011001010100|100 0x47C49B2A4
01 010010100000|0010010|11100010010111|000 0x4A025C4B8
02 010011111110|1101111|11000010110111|101 0x4FEDF85BD
03 010011101111|1101111|11000000000100|101 0x4EFDF8025
04 010011111111|1011101|11111110011001|101 0x4FFBBFCCD
05 011000011011|0100100|11110101100110|110 0x61B49EB36
06 010111110010|0100100|11110100010000|010 0x5F249E882
07 010111101000|0010010|11110100000000|001 0x5E825E801
BX = 011 Event : 52
00 010011010100|0100100|11010101000000|000 0x4D449AA00
01 010010010000|0010010|11110100101110|100 0x49025E974
02 010101001111|1101111|11011000001100|101 0x54FDFB065
03 010101000011|1101111|11010100001011|101 0x543DFA85D
04 010100111010|1101111|11010110110110|101 0x53ADFADB5
05 010100101101|1101111|11001111101100|101 0x52DDF9F65
06 010100001111|1101111|11001101011010|000 0x50FDF9AD0
07 010101000000|1011101|11110110010100|101 0x540BBECA5
08 010100111100|1011101|11100001111001|100 0x53CBBC3CC
09 010100100001|1011101|11100101011010|000 0x521BBCAD0
0a 011000011110|0010010|11000000111000|100 0x61E2581C4
0b 010110100111|0100100|11000000100000|010 0x5A7498102
0c 011000100011|0010010|11110101110001|010 0x62325EB8A
0d 010111010100|0010010|11111111000111|101 0x5D425FE3D
0e 010110011010|0010010|11111000011101|100 0x59A25F0EC
0f 010110001111|0010010|11110000100111|110 0x58F25E13E
BX = 100 Event : 53
00 010010110011|0010010|11111010001110|100 0x4B325F474
01 010101010011|1101111|11011111101011|000 0x553DFBF58
02 010100100011|1011101|11101101101111|100 0x523BBDB7C
03 010111100011|0010010|11000010101011|001 0x5E3258559
04 010111111100|0100100|11101001110110|011 0x5FC49D3B3
05 010111110000|0100100|11110001010000|010 0x5F049E282
06 010111010011|0100100|11000011000010|011 0x5D3498613
07 010111001110|0100100|11000010111101|011 0x5CE4985EB
08 010110110111|0010010|11111010110100|101 0x5B725F5A5
09 010110011110|0010010|11111010101000|000 0x59E25F540
BX = 101 Event : 54
00 010101000101|1101111|11001001101000|001 0x545DF9341
01 010011101110|1101111|11010101110110|110 0x4EEDFABB6
02 010101101001|1011101|11110000000010|101 0x569BBE015
03 010101001111|1011101|11100011100110|101 0x54FBBC735
04 010101000000|1011101|11110011011001|100 0x540BBE6CC
05 011000000110|0100100|11001101101010|101 0x606499B55
06 010111011001|0100100|11001100111010|001 0x5D94999D1
07 010111001101|0100100|11000101100100|101 0x5CD498B25
08 010111000111|0100100|11101111000110|010 0x5C749DE32
09 010111000010|0100100|11000111110100|101 0x5C2498FA5
0a 010110101001|0100100|11101110011100|100 0x5A949DCE4
0b 010110100100|0100100|11110000001001|010 0x5A449E04A
0c 011000010011|0010010|11110111010000|101 0x61325EE85
BX = 110 Event : 55
00 010010011010|0100100|11000001010101|100 0x49A4982AC
01 010011011000|0010010|11100000000100|100 0x4D825C024
02 010001110011|0010010|11100001010001|001 0x47325C289
03 010101011001|1101111|11001001101001|101 0x559DF934D
04 010100001111|1101111|11001100011010|001 0x50FDF98D1
05 010100001010|1101111|11001100011100|001 0x50ADF98E1
06 010100100111|1011101|11111010111101|000 0x527BBF5E8
07 010100001101|1011101|11111100001001|010 0x50DBBF84A
08 011000100011|0100100|11100101001001|000 0x62349CA48
09 010111010000|0100100|11101100110010|110 0x5D049D996
0a 010110100111|0100100|11101010011010|110 0x5A749D4D6
0b 010110101000|0100100|11101011110110|011 0x5A849D7B3
0c 010110010010|0100100|11101000100001|001 0x59249D109
0d 010110111011|0010010|11111110111011|101 0x5BB25FDDD
BX = 111 Event : 56
00 010100101101|1101111|11001110111000|000 0x52DDF9DC0
01 010101001100|1011101|11101010100100|001 0x54CBBD521
02 010100100010|1011101|11110011001000|100 0x522BBE644
03 010011111010|1011101|11110010100000|100 0x4FABBE504
04 011000001111|0100100|11100110101101|010 0x60F49CD6A
05 010111110101|0100100|11011001110100|101 0x5F549B3A5
06 010111100011|0100100|11001100000110|001 0x5E3499831
07 010111011000|0100100|11010001010011|011 0x5D849A29B
08 010110111101|0100100|11011011001111|010 0x5BD49B67A
09 010110010111|0100100|11001101110101|011 0x597499BAB
BX = 000 Event : 57
00 010011101000|0100100|11010010100000|000 0x4E849A500
01 010001111101|0010010|11110001110000|100 0x47D25E384
02 010001111000|0010010|11110001110010|000 0x47825E390
03 010101001101|1101111|11011111010110|001 0x54DDFBEB1
04 010100111110|1101111|11010011010001|101 0x53EDFA68D
05 010100110001|1101111|11000000101000|000 0x531DF8140
06 010100110000|1101111|11011111111100|110 0x530DFBFE6
07 010100001001|1101111|11000110011000|100 0x509DF8CC4
08 010101001110|1011101|11100111001011|100 0x54EBBCE5C
09 010101001110|1011101|11100110111101|100 0x54EBBCDEC
0a 010101001000|1011101|11011111001010|001 0x548BBBE51
0b 010100110101|1011101|11100110101001|000 0x535BBCD48
0c 010100101101|1011101|11110000010100|001 0x52DBBE0A1
0d 010100001000|1011101|11100101011001|110 0x508BBCACE
0e 011000100010|0100100|11010110011100|110 0x62249ACE6
0f 011000001101|0100100|11101110010101|000 0x60D49DCA8
10 011000000010|0100100|11001011011011|010 0x6024996DA
11 010111010111|0100100|11010100110100|011 0x5D749A9A3
BX = 001 Event : 58
00 010011100110|0010010|11110010100110|000 0x4E625E530
01 010011000111|0010010|11111000101011|001 0x4C725F159
02 010011000011|0010010|11110010011011|001 0x4C325E4D9
03 010100100111|1101111|11000110010000|010 0x527DF8C82
04 010100000110|1101111|11010001010100|000 0x506DFA2A0
05 010110000000|1011101|11011110100010|001 0x580BBBD11
06 010100100011|1011101|11101110101000|000 0x523BBDD40
07 010111011010|0010010|11111011000110|010 0x5DA25F632
BX = 010 Event : 59
00 010001111101|0100100|11001101110000|000 0x47D499B80
01 010001111110|0100100|11100110011000|100 0x47E49CCC4
02 010100001001|0010010|11011010111000|100 0x50925B5C4
03 010011100010|0010010|11101011111100|001 0x4E225D7E1
04 010001111010|0010010|11100111111111|001 0x47A25CFF9
05 010101000000|1101111|11001010000110|101 0x540DF9435
06 010011111100|1101111|11010010010100|001 0x4FCDFA4A1
07 010011110001|1101111|11001101111110|010 0x4F1DF9BF2
08 010011100111|1101111|11001110010100|100 0x4E7DF9CA4
09 010011100111|1101111|11011011111111|100 0x4E7DFB7FC
0a 010101100001|1011101|11011111010100|010 0x561BBBEA2
0b 010011100101|1011101|11111010100010|100 0x4E5BBF514
0c 010111001111|0100100|11000001101000|000 0x5CF498340
0d 010111001010|0100100|11000001011101|101 0x5CA4982ED
0e 010110010001|0100100|11010011010111|011 0x59149A6BB
0f 010110001100|0100100|11100000111101|010 0x58C49C1EA
BX = 011 Event : 60
00 010010001100|0100100|11001010110011|100 0x48C49959C
01 010010000111|0100100|11001110000111|000 0x487499C38
02 010010000010|0100100|11001110010100|001 0x482499CA1
03 010100000100|0010010|11110010100010|100 0x50425E514
04 010010111011|0010010|11101000000101|100 0x4BB25D02C
05 010101111100|1101111|11000001000110|010 0x57CDF8232
06 010101011001|1101111|11001001011101|100 0x559DF92EC
07 010101000000|1101111|11001001001101|000 0x540DF9268
08 010101100011|1011101|11110010100000|001 0x563BBE501
09 010101011100|1011101|11011111000000|110 0x55CBBBE06
0a 010100001011|1011101|11101100101011|101 0x50BBBD95D
0b 010011110000|1011101|11110011001110|101 0x4F0BBE675
0c 011000011000|0100100|11011010010001|100 0x61849B48C
0d 010111101001|0100100|11101100101110|100 0x5E949D974
0e 010111010111|0100100|11000101011110|001 0x5D7498AF1
0f 010110111110|0100100|11011000000000|100 0x5BE49B004
10 010110110111|0100100|11101100001001|110 0x5B749D84E
11 010110001100|0100100|11010010100110|110 0x58C49A536
12 010110001101|0100100|11000010000110|010 0x58D498432
BX = 100 Event : 61
00 010010111000|0100100|11001001010111|001 0x4B84992B9
01 010010001011|0100100|11000111100100|100 0x48B498F24
02 010011111110|0010010|11111111010101|100 0x4FE25FEAC
03 010010000001|0010010|11111010010000|001 0x48125F481
04 010101011110|1101111|11000101001110|001 0x55EDF8A71
05 010101000001|1101111|11001110100110|100 0x541DF9D34
06 010011111010|1101111|11000101100001|101 0x4FADF8B0D
07 010011100110|1101111|11000101110110|010 0x4E6DF8BB2
08 010101100011|1011101|11111011000101|010 0x563BBF62A
09 010101011001|1011101|11110111110011|010 0x559BBEF9A
0a 010101011110|1011101|11100101010111|010 0x55EBBCABA
0b 011000010010|0100100|11000111110111|110 0x612498FBE
0c 010110110101|0100100|11010000110101|101 0x5B549A1AD
0d 010110101101|0100100|11101100001001|010 0x5AD49D84A
0e 011000011000|0010010|11111000010001|010 0x61825F08A
BX = 101 Event : 62
00 010100111111|1101111|11010110001110|101 0x53FDFAC75
BX = 110 Event : 63
00 010100000011|0100100|11000010101110|100 0x503498574
01 010010111101|0100100|11000001011001|001 0x4BD4982C9
02 010010001001|0100100|11010101100010|100 0x48949AB14
03 010100001001|0010010|11100010001111|000 0x50925C478
04 010010100101|0010010|11110010011011|000 0x4A525E4D8
05 010010100000|0010010|11110010011001|000 0x4A025E4C8
06 010010010000|0010010|11111001110100|000 0x49025F3A0
07 010010001010|0010010|11100101011000|000 0x48A25CAC0
08 010101001000|1101111|11010100100111|000 0x548DFA938
09 010100011101|1101111|11000111000111|000 0x51DDF8E38
0a 010011101111|1101111|11000011000000|000 0x4EFDF8600
0b 010011111001|1101111|11100001111101|000 0x4F9DFC3E8
0c 010011100011|1101111|11010010100110|001 0x4E3DFA531
0d 010101111100|1011101|11111000100000|001 0x57CBBF101
0e 010011110110|1011101|11100001101110|000 0x4F6BBC370
0f 011000001011|0100100|11001100010000|010 0x60B499882
10 011000001001|0100100|11011100010110|000 0x60949B8B0
11 010110111001|0100100|11010111111100|110 0x5B949AFE6
12 010110101000|0100100|11000000000100|001 0x5A8498021
13 010110100011|0100100|11000000000000|000 0x5A3498000
14 010110011000|0100100|11000000100010|110 0x598498116
15 010110011000|0100100|11000001010000|000 0x598498280
BX = 111 Event : 64
00 010011111110|0100100|11000101100100|000 0x4FE498B20
01 010001111000|0100100|11011100111000|100 0x47849B9C4
02 010011110101|0010010|11110010010011|001 0x4F525E499
03 010011010111|0010010|11110010111010|100 0x4D725E5D4
04 010100101110|1101111|11010000100110|100 0x52EDFA134
05 010100001001|1101111|11000101110100|000 0x509DF8BA0
06 010100000011|1101111|11000000111010|101 0x503DF81D5
07 010100000111|1101111|11100000010000|000 0x507DFC080
08 010101101101|1011101|11111010111101|100 0x56DBBF5EC
09 010101101000|1011101|11111010111011|101 0x568BBF5DD
0a 010100000001|1011101|11100000001001|000 0x501BBC048
0b 010011100001|1011101|11110001011101|001 0x4E1BBE2E9
0c 010111101001|0100100|11110101011001|001 0x5E949EAC9
0d 010110110001|0100100|11001011111000|110 0x5B14997C6
0e 010110011000|0100100|11110100011101|100 0x59849E8EC
BX = 000 Event : 65
00 010010110111|0010010|11011100000000|000 0x4B725B800
01 010001110010|0010010|11111100010111|001 0x47225F8B9
02 010101111010|1101111|11010011110011|001 0x57ADFA799
03 010101011001|1101111|11011001011100|110 0x559DFB2E6
04 010111111010|0100100|11011000110011|101 0x5FA49B19D
05 010111101011|0100100|11011011001011|010 0x5EB49B65A
06 010110101011|0100100|11100101100011|110 0x5AB49CB1E
07 010110001111|0100100|11110110101100|110 0x58F49ED66
BX = 001 Event : 66
00 010100001001|0100100|11001000111001|001 0x5094991C9
01 010110000001|1101111|11011000110110|110 0x581DFB1B6
02 010101001100|1011101|11101011000011|010 0x54CBBD61A
03 010110010110|0100100|11010111110011|110 0x59649AF9E
04 010110010000|0100100|11011001101010|000 0x59049B350
05 011000000100|0010010|11110111010101|001 0x60425EEA9
BX = 010 Event : 67
00 010011110110|0010010|11101110100011|000 0x4F625DD18
01 010100101100|1101111|11000010100101|100 0x52CDF852C
02 010110000000|1011101|11100110000101|000 0x580BBCC28
03 010101000001|1011101|11101101101000|001 0x541BBDB41
04 010100111011|1011101|11110011100100|000 0x53BBBE720
05 010100001101|1011101|11100100110100|010 0x50DBBC9A2
06 010111011010|0010010|11000100010000|110 0x5DA258886
07 011000011101|0100100|11100001111110|010 0x61D49C3F2
08 010111110011|0100100|11110101100000|010 0x5F349EB02
09 010110100001|0100100|11100110101100|010 0x5A149CD62
0a 010110100111|0100100|11110101000001|001 0x5A749EA09
0b 010111101100|0010010|11110101001010|001 0x5EC25EA51
BX = 011 Event : 68
00 010100001111|1101111|11001111010101|100 0x50FDF9EAC
01 010111111111|0100100|11010111010011|110 0x5FF49AE9E
02 010110111001|0100100|11100000010100|010 0x5B949C0A2
BX = 100 Event : 69
00 010011111110|0100100|11000110011000|000 0x4FE498CC0
01 010010010000|0100100|11000111111111|000 0x490498FF8
02 010010111000|0010010|11110110010010|001 0x4B825EC91
03 010101011100|1101111|11011111000110|010 0x55CDFBE32
04 010101101101|1011101|11100100010010|001 0x56DBBC891
05 010101000110|1011101|11110001001010|001 0x546BBE251
06 010100110010|1011101|11100010111000|001 0x532BBC5C1
07 010100001001|1011101|11111000110111|010 0x509BBF1BA
08 010100001010|1011101|11100010000101|001 0x50ABBC429
09 010111001011|0010010|11000101001000|110 0x5CB258A46
0a 010110011110|0010010|11000101010101|001 0x59E258AA9
0b 010111010010|0100100|11100011110001|101 0x5D249C78D
0c 010111010010|0100100|11000100100110|110 0x5D2498936
0d 010111000011|0100100|11010011000010|010 0x5C349A612
0e 010111000011|0100100|11100001000110|110 0x5C349C236
0f 010110111110|0100100|11010011000000|010 0x5BE49A602
10 010110110101|0100100|11000100000001|100 0x5B549880C
11 010110100101|0100100|11000101100100|001 0x5A5498B21
12 010110000111|0100100|11100101001000|010 0x58749CA42
BX = 101 Event : 70
00 010011010001|0010010|11100100001101|001 0x4D125C869
01 010001111101|0010010|11101110101111|100 0x47D25DD7C
02 010101010101|1101111|11001101010110|101 0x555DF9AB5
03 010100101100|1101111|11000111011110|010 0x52CDF8EF2
04 010101111100|1011101|11110111010111|101 0x57CBBEEBD
05 010111000000|0100100|11101001111111|110 0x5C049D3FE
06 010110011011|0100100|11011000010010|110 0x59B49B096
07 010110010110|0100100|11011111000011|101 0x59649BE1D
08 010111101010|0010010|11111001000101|010 0x5EA25F22A
09 010111100101|0010010|11111001000001|010 0x5E525F20A
BX = 110 Event : 71
00 010010010101|0010010|11111001100110|100 0x49525F334
01 010011111101|1101111|11010110011011|010 0x4FDDFACDA
02 010101110001|1011101|11100110110000|010 0x571BBCD82
03 010100110110|1011101|11110001101100|100 0x536BBE364
04 010111111101|0100100|11001010010110|011 0x5FD4994B3
05 010111100100|0100100|11110101011011|001 0x5E449EAD9
06 010110011001|0100100|11001010011101|101 0x5994994ED
07 010110001101|0100100|11101000000001|010 0x58D49D00A
08 010110000111|0100100|11100011000100|100 0x58749C624
09 011000100110|0010010|11111001000100|010 0x62625F222
0a 010111001001|0010010|11111111101010|010 0x5C925FF52
BX = 111 Event : 72
00 010010110111|0100100|11010101101011|000 0x4B749AB58
01 010101011110|1101111|11001010110100|000 0x55EDF95A0
02 010100001001|1101111|11000111110010|110 0x509DF8F96
03 010011111111|1101111|11011010111000|010 0x4FFDFB5C2
04 010011110101|1101111|11000111101001|001 0x4F5DF8F49
05 010011110101|1101111|11000111111000|110 0x4F5DF8FC6
06 010101110111|1011101|11111101111111|010 0x577BBFBFA
07 010100111011|1011101|11110100101100|001 0x53BBBE961
08 010100011000|1011101|11100100100101|110 0x518BBC92E
09 010100010011|1011101|11100011101000|110 0x513BBC746
0a 010100010011|1011101|11100010110001|100 0x513BBC58C
0b 010100000100|1011101|11100010101100|010 0x504BBC562
0c 010111001011|0010010|11111010100110|101 0x5CB25F535
0d 010110001101|0010010|11111111000110|010 0x58D25FE32
BX = 000 Event : 73
00 010011110100|0100100|11000111110001|100 0x4F4498F8C
01 010010011010|0100100|11001000110110|100 0x49A4991B4
02 010001111110|0010010|11101100000111|001 0x47E25D839
03 010101010100|1101111|11011000100101|001 0x554DFB129
04 010101001100|1101111|11011100100000|110 0x54CDFB906
05 010100111011|1101111|11000110011001|001 0x53BDF8CC9
06 010100111000|1101111|11011100111001|110 0x538DFB9CE
07 010011100001|1101111|11001000001101|100 0x4E1DF906C
08 010101110110|1011101|11011110000010|001 0x576BBBC11
09 010101101100|1011101|11100110111101|101 0x56CBBCDED
0a 010100111001|1011101|11101010000000|001 0x539BBD401
0b 010100111010|1011101|11100110010101|000 0x53ABBCCA8
0c 010011111011|1011101|11101110010101|010 0x4FBBBDCAA
0d 010111001011|0010010|11000100110010|001 0x5CB258991
0e 010110010011|0010010|11000011111000|110 0x5932587C6
0f 010110011111|0100100|11000111110001|110 0x59F498F8E
10 010110010000|0100100|11000111101101|011 0x590498F6B
11 010110110100|0010010|11110110100100|001 0x5B425ED21
BX = 001 Event : 74
00 010011001100|0100100|11000100110010|001 0x4CC498991
01 010100101000|1011101|11100010111000|010 0x528BBC5C2
02 011000011101|0100100|11010011101110|010 0x61D49A772
03 010111010110|0100100|11101101111000|110 0x5D649DBC6
04 010110110001|0100100|11101011010100|110 0x5B149D6A6
BX = 010 Event : 75
00 010100000011|0100100|11000001101110|001 0x503498371
01 010001111100|0100100|11000101011010|100 0x47C498AD4
02 010001110111|0100100|11000101100101|000 0x477498B28
03 010101001010|1101111|11000101110101|100 0x54ADF8BAC
04 010101000101|1101111|11000101111010|101 0x545DF8BD5
05 010100001001|1101111|11001001000110|110 0x509DF9236
06 010011111010|1101111|11001001001001|101 0x4FADF924D
07 010011110100|1101111|11000000110101|010 0x4F4DF81AA
08 010011100101|1101111|11010110110101|001 0x4E5DFADA9
09 010011101001|1011101|11011110010110|010 0x4E9BBBCB2
0a 011000000110|0010010|11000001011111|110 0x6062582FE
0b 011000100000|0100100|11101100011111|110 0x62049D8FE
0c 010111101101|0100100|11110101000101|000 0x5ED49EA28
0d 010110100010|0100100|11110101100101|100 0x5A249EB2C
0e 010110100011|0100100|11110110001000|000 0x5A349EC40
0f 011000100100|0010010|11110101000111|001 0x62425EA39
10 010110011011|0010010|11110110000111|000 0x59B25EC38
11 010110011011|0010010|11110101111000|101 0x59B25EBC5
BX = 011 Event : 76
00 010011110000|0100100|11100011000100|000 0x4F049C620
01 010100110110|1011101|11111010100110|010 0x536BBF532
02 010100010110|1011101|11100111001110|100 0x516BBCE74
03 010100010100|1011101|11100010101001|110 0x514BBC54E
04 010111111010|0100100|11100011010000|101 0x5FA49C685
05 010111110101|0100100|11110000100100|010 0x5F549E122
06 010111110101|0100100|11110000101101|000 0x5F549E168
07 011000001000|0010010|11111000110110|001 0x60825F1B1
BX = 100 Event : 77
00 010010111101|0100100|11000111101111|001 0x4BD498F79
01 010010110101|0100100|11011101011010|100 0x4B549BAD4
02 010010110000|0100100|11011101100001|100 0x4B049BB0C
03 010011011110|0010010|11011110000110|000 0x4DE25BC30
04 010010010001|0010010|11011000110100|000 0x49125B1A0
05 010100110101|1011101|11100110111101|010 0x535BBCDEA
06 010100100111|1011101|11110110001010|000 0x527BBEC50
07 010100001010|1011101|11101110011010|000 0x50ABBDCD0
08 010110111010|0100100|11110011111110|110 0x5BA49E7F6
09 010110100011|0100100|11110110101010|110 0x5A349ED56
0a 010110001110|0100100|11001100010010|011 0x58E499893
0b 010111101000|0010010|11110010111110|010 0x5E825E5F2
0c 010110110101|0010010|11110100011000|110 0x5B525E8C6
BX = 101 Event : 78
00 010010000111|0100100|11001101100101|100 0x487499B2C
01 010011100011|0010010|11101001110011|000 0x4E325D398
02 010010111000|0010010|11100100010011|100 0x4B825C89C
03 010101110000|1101111|11011110011111|110 0x570DFBCFE
04 010101100110|1101111|11010011000110|001 0x566DFA631
05 010011110100|1101111|11010111100010|110 0x4F4DFAF16
06 010101101011|1011101|11011110111000|110 0x56BBBBDC6
07 010101100011|1011101|11100011111100|001 0x563BBC7E1
08 010100100010|1011101|11110010001001|110 0x522BBE44E
09 011000010010|0100100|11001110100000|011 0x612499D03
0a 010111010011|0100100|11101000001010|101 0x5D349D055
0b 010110101010|0100100|11100001010000|010 0x5AA49C282
0c 010110000110|0100100|11011101010100|110 0x58649BAA6
0d 010111101010|0010010|11111000100000|101 0x5EA25F105
0e 010111011110|0010010|11111101011110|110 0x5DE25FAF6
BX = 110 Event : 79
00 010011011011|0100100|11011000100110|100 0x4DB49B134
01 010010111100|0100100|11010111011000|100 0x4BC49AEC4
02 010010001011|0010010|11110100101100|001 0x48B25E961
03 010101001101|1101111|11010100010011|010 0x54DDFA89A
04 010101000000|1101111|11001001011101|100 0x540DF92EC
05 010111110000|0100100|11011111000011|110 0x5F049BE1E
06 010111011100|0100100|11000110010110|010 0x5DC498CB2
07 010111000010|0010010|11111000101010|001 0x5C225F151
BX = 111 Event : 80
00 010010101010|0100100|11011011111111|100 0x4AA49B7FC
01 010010101100|0100100|11100000001110|000 0x4AC49C070
02 010010100100|0100100|11011010010000|000 0x4A449B480
03 010010001011|0100100|11011010110001|000 0x48B49B588
04 010001111110|0100100|11001111111001|000 0x47E499FC8
05 010100001010|0010010|11101100001101|000 0x50A25D868
06 010011011111|0010010|11100111011100|100 0x4DF25CEE4
07 010011011000|0010010|11101011101011|001 0x4D825D759
08 010010110011|0010010|11011010001111|100 0x4B325B47C
09 010010100110|0010010|11100000001010|000 0x4A625C050
0a 010010010000|0010010|11111101101010|100 0x49025FB54
0b 010010001010|0010010|11011011100010|100 0x48A25B714
0c 010010001011|0010010|11011001011100|100 0x48B25B2E4
0d 010100100000|1101111|11010101111001|010 0x520DFABCA
0e 010011110100|1101111|11000010000011|110 0x4F4DF841E
0f 010100010010|1011101|11100110100111|010 0x512BBCD3A
10 010100010011|1011101|11100011101101|010 0x513BBC76A
11 010111101101|0010010|11000010001010|100 0x5ED258454
12 011000011011|0100100|11000001100100|000 0x61B498320
13 010111111100|0100100|11000010101010|010 0x5FC498552
BX = 000 Event : 81
00 010100001011|0100100|11011110010111|000 0x50B49BCB8
01 010011111100|0010010|11011110010100|000 0x4FC25BCA0
02 010001111010|0010010|11100111110001|100 0x47A25CF8C
03 010101010110|1101111|11010010110101|000 0x556DFA5A8
04 010100110100|1101111|11010011010001|000 0x534DFA688
05 010100111011|1011101|11111110000011|000 0x53BBBFC18
06 010011100111|1011101|11100000111100|110 0x4E7BBC1E6
07 011000000101|0100100|11000011111011|001 0x6054987D9
08 011000000000|0100100|11000011110111|001 0x6004987B9
09 010110111000|0100100|11110111011001|101 0x5B849EECD
0a 010110011100|0100100|11001101101001|010 0x59C499B4A
0b 010110000111|0100100|11100100110101|000 0x58749C9A8
BX = 001 Event : 82
00 010011100001|0100100|11100011011101|001 0x4E149C6E9
01 010010101111|0010010|11100001001111|000 0x4AF25C278
02 010100110110|1011101|11111110001000|101 0x536BBFC45
03 010100011000|1011101|11100010111100|101 0x518BBC5E5
04 010011111100|1011101|11101010000101|101 0x4FCBBD42D
05 010111001001|0100100|11010000111110|110 0x5C949A1F6
BX = 010 Event : 83
00 010100010000|0010010|11011110111001|100 0x51025BDCC
01 010010111101|0010010|11111101000100|100 0x4BD25FA24
02 010010111010|0010010|11101011000000|100 0x4BA25D604
03 010100100111|1101111|11000001010001|010 0x527DF828A
04 010100000010|1101111|11011111001111|100 0x502DFBE7C
05 010011111100|1011101|11011111010111|100 0x4FCBBBEBC
06 010011110100|1011101|11100110011010|110 0x4F4BBCCD6
07 011000010011|0100100|11011000111001|011 0x61349B1CB
08 011000001000|0100100|11101110111011|100 0x60849DDDC
09 010111110110|0100100|11100110010010|100 0x5F649CC94
0a 010111010111|0100100|11011001000010|100 0x5D749B214
BX = 011 Event : 84
00 010010111110|0100100|11001100101110|000 0x4BE499970
01 010010011111|0100100|11000100011100|100 0x49F4988E4
02 010011110011|0010010|11011101011010|000 0x4F325BAD0
03 010011011011|0010010|11100100111000|100 0x4DB25C9C4
04 010010011111|0010010|11111010001101|001 0x49F25F469
05 010010100011|0010010|11011100001101|000 0x4A325B868
06 010101101001|1101111|11001100011011|101 0x569DF98DD
07 010101001010|1101111|11000111000011|100 0x54ADF8E1C
08 010100110111|1101111|11011011000101|110 0x537DFB62E
09 010100010001|1101111|11010101001010|000 0x511DFAA50
0a 010011111111|1011101|11110001110010|001 0x4FFBBE391
0b 010111000011|0100100|11010111000101|101 0x5C349AE2D
0c 010110110101|0100100|11110010111010|110 0x5B549E5D6
BX = 100 Event : 85
00 010011001110|0100100|11011101011111|100 0x4CE49BAFC
01 010010101100|0100100|11010011110111|000 0x4AC49A7B8
02 010010010010|0100100|11010010010111|000 0x49249A4B8
03 010011000100|0010010|11100000000011|100 0x4C425C01C
04 010101011000|1101111|11011111110001|001 0x558DFBF89
05 010100111000|1101111|11010000111000|000 0x538DFA1C0
06 010011101110|1101111|11010101100101|110 0x4EEDFAB2E
07 010101011111|1011101|11101111101101|010 0x55FBBDF6A
08 010101100010|1011101|11100101111100|101 0x562BBCBE5
09 010101010010|1011101|11011111100011|000 0x552BBBF18
0a 010011101110|1011101|11011101100100|100 0x4EEBBBB24
0b 010011100110|1011101|11100011010001|010 0x4E6BBC68A
0c 010111111000|0100100|11110101101100|110 0x5F849EB66
0d 011000100110|0010010|11111001100000|001 0x62625F301
0e 010111010111|0010010|11110110111010|010 0x5D725EDD2
0f 010110110001|0010010|11111111011001|101 0x5B125FECD
BX = 101 Event : 86
00 010001111001|0100100|11010000011101|000 0x47949A0E8
01 010010010010|0010010|11101101111011|000 0x49225DBD8
02 010001111011|0010010|11011011110011|000 0x47B25B798
03 010101110111|1011101|11100101010100|010 0x577BBCAA2
04 010101011111|1011101|11101111101101|010 0x55FBBDF6A
05 010100110010|1011101|11100001110001|010 0x532BBC38A
06 010011110100|1011101|11111000110001|101 0x4F4BBF18D
07 011000001110|0100100|11010010101101|100 0x60E49A56C
08 011000001110|0100100|11011001000100|101 0x60E49B225
09 010111110000|0100100|11010111100001|001 0x5F049AF09
0a 010110110101|0100100|11110011000001|000 0x5B549E608
0b 010110010111|0100100|11100111000101|011 0x59749CE2B
0c 010110010111|0100100|11110011001000|101 0x59749E645
0d 010110001011|0100100|11110000010011|010 0x58B49E09A
BX = 110 Event : 87
00 010011111011|0100100|11010000101100|100 0x4FB49A164
01 010011110110|0100100|11010001100100|100 0x4F649A324
02 010011011110|0010010|11101010101000|100 0x4DE25D544
03 010010111100|0010010|11011011101101|000 0x4BC25B768
04 010010000110|0010010|11111001101111|100 0x48625F37C
05 010101110000|1101111|11010100110001|100 0x570DFA98C
06 010100000000|1101111|11001100111101|010 0x500DF99EA
07 010101010010|1011101|11101001000011|100 0x552BBD21C
08 010101000000|1011101|11110110111010|100 0x540BBEDD4
09 010101000111|1011101|11100001001100|001 0x547BBC261
0a 010100110110|1011101|11110010011110|010 0x536BBE4F2
0b 010100110111|1011101|11100011000110|001 0x537BBC631
0c 010100010011|1011101|11111111110011|100 0x513BBFF9C
0d 010011110111|1011101|11101011000001|001 0x4F7BBD609
BX = 111 Event : 88
00 010001111110|0010010|11011111000100|001 0x47E25BE21
01 010100001101|1101111|11100001010001|010 0x50DDFC28A
02 010100000101|1011101|11100000110000|010 0x505BBC182
03 010111111010|0100100|11000110001001|101 0x5FA498C4D
BX = 000 Event : 89
00 010010100110|0100100|11011101110101|001 0x4A649BBA9
01 010010010001|0100100|11001011100100|100 0x491499724
02 010010110110|0010010|11011110011011|100 0x4B625BCDC
03 010010101001|0010010|11111011000101|001 0x4A925F629
04 010100011001|1101111|11010000010011|000 0x519DFA098
05 010100010000|1101111|11010000110011|010 0x510DFA19A
06 010100001001|1101111|11011010100111|101 0x509DFB53D
07 010101001111|1011101|11111010100000|100 0x54FBBF504
08 010100000100|1011101|11011010111101|101 0x504BBB5ED
09 011000101001|0100100|11110010110101|000 0x62949E5A8
0a 011000001010|0100100|11010010010010|000 0x60A49A490
0b 010111011001|0100100|11101000100001|010 0x5D949D10A
0c 010111000111|0100100|11101111110100|110 0x5C749DFA6
0d 010110110000|0100100|11100111100101|000 0x5B049CF28
0e 010110110010|0100100|11110101111010|001 0x5B249EBD1
0f 011000100000|0010010|11110011011001|000 0x62025E6C8
BX = 001 Event : 90
00 010011101111|0100100|11000001010111|100 0x4EF4982BC
01 010010111111|0100100|11010000101000|000 0x4BF49A140
02 010010110001|0100100|11010101011010|001 0x4B149AAD1
03 010010101101|0100100|11100001100101|000 0x4AD49C328
04 010010001100|0010010|11100001100000|000 0x48C25C300
05 010100001101|1101111|11000010101110|001 0x50DDF8571
06 010100010010|1101111|11100000011101|101 0x512DFC0ED
07 010100010010|1101111|11100001101111|100 0x512DFC37C
08 010011110001|1101111|11001110101000|101 0x4F1DF9D45
09 010011100000|1101111|11000010111111|110 0x4E0DF85FE
0a 010101001111|1011101|11111100000010|010 0x54FBBF812
0b 010100001111|1011101|11100001110000|010 0x50FBBC382
0c 010100001010|1011101|11100000101010|001 0x50ABBC151
0d 010011110111|1011101|11100000010001|101 0x4F7BBC08D
0e 010110001100|0100100|11000100110110|100 0x58C4989B4
BX = 010 Event : 91
00 010100000111|0100100|11010101010110|100 0x50749AAB4
01 010011011101|0100100|11010001111100|000 0x4DD49A3E0
02 010011110000|0010010|11110100000010|100 0x4F025E814
03 010110000010|1101111|11011010011000|010 0x582DFB4C2
04 010101100011|1101111|11000001000000|101 0x563DF8205
05 010101001010|1101111|11000010000000|101 0x54ADF8405
06 010011111011|1101111|11001101110110|101 0x4FBDF9BB5
07 010011111000|1101111|11010100001101|000 0x4F8DFA868
08 010011110011|1101111|11010101111010|100 0x4F3DFABD4
09 010101011010|1011101|11110001000011|010 0x55ABBE21A
0a 010011101101|1011101|11101010100011|010 0x4EDBBD51A
0b 010110110011|0100100|11101111110010|101 0x5B349DF95
0c 010110101101|0100100|11101100110011|011 0x5AD49D99B
0d 010110010101|0100100|11011011001111|001 0x59549B679
0e 010110010111|0100100|11100101011101|001 0x59749CAE9
0f 010110010010|0100100|11100101011111|001 0x59249CAF9
BX = 011 Event : 92
00 010001111110|0010010|11011111000100|001 0x47E25BE21
01 010100001101|1101111|11100001010001|010 0x50DDFC28A
02 010100001101|1011101|11100110100010|101 0x50DBBCD15
03 010100000101|1011101|11100000110000|010 0x505BBC182
04 010111111010|0100100|11000110001001|101 0x5FA498C4D
BX = 100 Event : 93
00 010100010000|0010010|11011111001010|000 0x51025BE50
01 010011010110|0010010|11110101110001|001 0x4D625EB89
02 010011001111|0010010|11101000100010|001 0x4CF25D111
03 010010001011|0010010|11111110000011|001 0x48B25FC19
04 010010001001|0010010|11101000101011|100 0x48925D15C
05 010100111000|1101111|11011100010100|101 0x538DFB8A5
06 010100001010|1101111|11011011011011|101 0x50ADFB6DD
07 010011100011|1101111|11010010111110|101 0x4E3DFA5F5
08 010101101101|1011101|11100011111110|010 0x56DBBC7F2
09 010101001000|1011101|11101000000011|001 0x548BBD019
0a 010101000000|1011101|11110110101011|010 0x540BBED5A
0b 010101000001|1011101|11100010111000|110 0x541BBC5C6
0c 011000011101|0100100|11100000110111|010 0x61D49C1BA
BX = 101 Event : 94
00 010011101111|0100100|11000001010111|100 0x4EF4982BC
01 010010111111|0100100|11010000101000|000 0x4BF49A140
02 010010000110|0100100|11000110101110|100 0x486498D74
03 010010100111|0010010|11101001001001|001 0x4A725D249
04 010010011110|0010010|11100101000110|100 0x49E25CA34
05 010100001101|1101111|11000010101110|001 0x50DDF8571
06 010100010010|1101111|11100000011011|100 0x512DFC0DC
07 010011110001|1101111|11001110101000|101 0x4F1DF9D45
08 010011100000|1101111|11000010111111|110 0x4E0DF85FE
09 010101001111|1011101|11111100000010|010 0x54FBBF812
0a 010100001010|1011101|11100000101010|001 0x50ABBC151
0b 010110001100|0100100|11000100110110|100 0x58C4989B4
BX = 110 Event : 95
00 010011110000|0100100|11100011000100|000 0x4F049C620
01 010010000010|0010010|11110001000010|000 0x48225E210
02 010100111011|1011101|11111011110111|100 0x53BBBF7BC
03 010100111100|1011101|11101101101011|001 0x53CBBDB59
04 010100110110|1011101|11111010100110|010 0x536BBF532
05 010100010110|1011101|11100111001110|100 0x516BBCE74
06 010111111010|0100100|11100011010000|101 0x5FA49C685
BX = 111 Event : 96
00 010011011011|0100100|11000010100100|000 0x4DB498520
01 010010110011|0100100|11000001100010|100 0x4B3498314
02 010101010101|1101111|11001011101100|010 0x555DF9762
03 010100001001|1101111|11001010111110|000 0x509DF95F0
04 010101100100|1011101|11100011001000|000 0x564BBC640
05 010011110001|1011101|11101110100101|100 0x4F1BBDD2C
06 010111001001|0100100|11010000111110|110 0x5C949A1F6
BX = 000 Event : 97
00 010010000111|0100100|11001101100101|100 0x487499B2C
01 010010000110|0100100|11011010001010|100 0x48649B454
02 010011100011|0010010|11101001110011|000 0x4E325D398
03 010010111000|0010010|11100100010011|100 0x4B825C89C
04 010101110000|1101111|11011110011111|110 0x570DFBCFE
05 010101100110|1101111|11010011000110|001 0x566DFA631
06 010101101011|1011101|11011110111000|110 0x56BBBBDC6
07 010101100011|1011101|11100011111100|001 0x563BBC7E1
08 010100100010|1011101|11110010001001|110 0x522BBE44E
09 010110101010|0100100|11100001010000|010 0x5AA49C282
0a 010111011110|0010010|11111101011110|110 0x5DE25FAF6
0b 010110100111|0010010|11110011101111|001 0x5A725E779
BX = 001 Event : 98
00 010100001011|0100100|11010011001000|001 0x50B49A641
01 010010010110|0010010|11011000011101|000 0x49625B0E8
02 010011111100|1101111|11010010110010|101 0x4FCDFA595
03 010101111100|1011101|11110110001100|100 0x57CBBEC64
04 010100100111|1011101|11111100000100|010 0x527BBF822
05 010111001100|0010010|11111010000001|010 0x5CC25F40A
BX = 010 Event : 99
00 010010101010|0100100|11011011111111|100 0x4AA49B7FC
01 010010100100|0100100|11011010010000|000 0x4A449B480
02 010010010000|0010010|11111101101010|100 0x49025FB54
03 010101010100|1101111|11000011111100|100 0x554DF87E4
04 010100100000|1101111|11010101111001|010 0x520DFABCA
05 010101100101|1011101|11100001001000|001 0x565BBC241
06 010100110110|1011101|11111111011011|101 0x536BBFEDD
07 010100010010|1011101|11100110100111|010 0x512BBCD3A
08 010100010011|1011101|11100011101101|010 0x513BBC76A
09 011000100010|0100100|11011011111011|100 0x62249B7DC
0a 011000011101|0100100|11000101010110|101 0x61D498AB5
0b 010111010010|0100100|11010111100101|000 0x5D249AF28
0c 010110000111|0100100|11100010011100|011 0x58749C4E3
BX = 011 Event : 100
00 010011111000|0100100|11100000001001|000 0x4F849C048
01 010011010100|0010010|11101010110110|000 0x4D425D5B0
02 010101111111|1101111|11010100010011|001 0x57FDFA899
03 010101010100|1101111|11000101100111|001 0x554DF8B39
04 010011111010|1011101|11110110011001|010 0x4FABBECCA
