BX = 000 Event : 1
00 1100101|111000111001|01101011000001|100 0xCBC72D60C
01 1011000|000001000101|01111100100010|110 0xB008AF916
02 1100010|000101001010|01110101111111|111 0xC4294EBFF
03 1100010|000101010111|01111011000101|010 0xC42AEF62A
04 1011011|000101111110|01101011100011|010 0xB62FCD71A
BX = 001 Event : 2
00 1011011|111000000010|01101101010010|101 0xB7C04DA95
01 1100101|111000100101|01101001111110|010 0xCBC4AD3F2
02 1100100|111001001101|01101100110100|011 0xC9C9AD9A3
03 1011100|111010000010|01101000010001|101 0xB9D04D08D
04 1011011|111010100000|01101100000101|000 0xB7D40D828
05 1100100|111010110011|01101011111100|101 0xC9D66D7E5
06 1100100|111011000010|01101011100100|000 0xC9D84D720
07 1100101|111101001000|01101011011100|101 0xCBE90D6E5
08 1100101|111101111111|01101001000101|111 0xCBEFED22F
09 1100010|111111011100|01111111001001|000 0xC5FB8FE48
0a 1100101|000000011000|01101000010010|110 0xCA030D096
0b 1011001|000000111011|01110011010011|110 0xB2076E69E
0c 1011010|000011011111|01101111100010|110 0xB41BEDF16
0d 1100010|000100010011|01110110011110|101 0xC4226ECF5
0e 1100010|000100110001|01111011111010|010 0xC4262F7D2
0f 1011001|000110010000|01110010001010|001 0xB2320E451
10 1011001|000110010010|01110110011101|001 0xB2324ECE9
11 1011001|000110010010|01110010000000|101 0xB2324E405
12 1011001|000110010101|01110110100001|010 0xB232AED0A
13 1100011|000111011001|01110011000111|101 0xC63B2E63D
BX = 010 Event : 3
00 1100010|111101011010|01111010110001|100 0xC5EB4F58C
01 1100100|111101011100|01101101010001|000 0xC9EB8DA88
02 1011010|000011100010|01110000010110|001 0xB41C4E0B1
03 1011001|000100000111|01110010110100|010 0xB220EE5A2
BX = 011 Event : 4
00 1011011|110111110001|01101010101100|001 0xB7BE2D561
01 1011011|110111110011|01101010101100|001 0xB7BE6D561
02 1100010|111101000011|01111100110101|110 0xC5E86F9AE
03 1100100|111101010010|01101101001100|111 0xC9EA4DA67
04 1100011|000010001011|01110000100001|111 0xC6116E10F
05 1100011|000010010000|01110000011100|101 0xC6120E0E5
06 1100100|000010010010|01101100101110|100 0xC8124D974
07 1011000|000100001100|01111100010100|111 0xB0218F8A7
08 1011000|000101110100|10000000100011|101 0xB02E9011D
BX = 100 Event : 5
00 1011010|111010001010|01101101111001|001 0xB5D14DBC9
01 1011001|111010001111|01110101010011|101 0xB3D1EEA9D
02 1011001|111100011100|01110011011011|110 0xB3E38E6DE
03 1011010|000001101010|01101110100000|101 0xB40D4DD05
04 1100010|000010111010|01111010010011|100 0xC4174F49C
05 1100010|000010111111|10000000110001|110 0xC417F018E
06 1011001|000011001110|01110010010100|010 0xB219CE4A2
07 1100100|000100100111|01101111010001|110 0xC824EDE8E
08 1100011|000101001111|01101111111100|010 0xC629EDFE2
09 1100100|000101010010|01101110000111|101 0xC82A4DC3D
0a 1011011|000101101111|01101100010101|101 0xB62DED8AD
BX = 101 Event : 6
00 1011001|111000000101|01110111001011|011 0xB3C0AEE5B
01 1100010|111101000011|01111110010010|010 0xC5E86FC92
02 1100010|111101010010|01111100011011|001 0xC5EA4F8D9
03 1011001|000001100000|01110010111100|001 0xB20C0E5E1
04 1011010|000100001111|01110001100110|100 0xB421EE334
05 1100010|000100100111|01110100111111|001 0xC424EE9F9
06 1100010|000100100111|01110101100111|011 0xC424EEB3B
07 1100010|000100101010|10000000001010|110 0xC42550056
08 1100010|000100101100|10000000001001|110 0xC4259004E
09 1100011|000111110100|01101111101101|110 0xC63E8DF6E
BX = 110 Event : 7
00 1011100|000110010111|01101000000001|111 0xB832ED00F
BX = 111 Event : 8
00 1011010|110111000110|01101111000101|010 0xB5B8CDE2A
01 1011000|111000001010|01111100101100|001 0xB1C14F961
02 1011000|111001101001|01111100011001|101 0xB1CD2F8CD
03 1011000|111001101011|01111100011001|101 0xB1CD6F8CD
04 1011001|111001101011|01110110000011|010 0xB3CD6EC1A
05 1011010|111010011011|01110001010000|010 0xB5D36E282
06 1011010|111010011110|01110001010000|010 0xB5D3CE282
07 1100011|111010101100|01110100001001|011 0xC7D58E84B
08 1100100|111101001101|01101111000111|000 0xC9E9ADE38
09 1100100|111101010111|01101011100100|101 0xC9EAED725
0a 1100011|111101011100|01101111110111|100 0xC7EB8DFBC
0b 1100101|111101100100|01101000101100|010 0xCBEC8D162
0c 1100011|111110001001|01110100011010|110 0xC7F12E8D6
0d 1011010|111110010001|01110000000010|101 0xB5F22E015
0e 1011000|111110011000|10000000001100|110 0xB1F310066
0f 1011001|111110011011|01110111100101|100 0xB3F36EF2C
10 1011000|111110011101|01111011001110|101 0xB1F3AF675
11 1011000|111110100101|01111011100101|101 0xB1F4AF72D
12 1011010|111110100111|01101111111101|110 0xB5F4EDFEE
13 1011001|000011111101|01110111110010|010 0xB21FAEF92
14 1011000|000100000010|01111010110011|100 0xB0204F59C
15 1011001|000100000010|01110111011001|011 0xB2204EECB
16 1011000|000100000111|01111011110010|001 0xB020EF791
17 1011001|000110000000|01110010011010|011 0xB2300E4D3
18 1100010|000111100000|01111011110011|111 0xC43C0F79F
BX = 000 Event : 9
00 1011001|111110010001|01110110110001|110 0xB3F22ED8E
01 1011001|000011011010|01110100111100|010 0xB21B4E9E2
02 1011100|000100000111|01101001100010|001 0xB820ED311
03 1100010|000111000101|01111011001110|110 0xC438AF676
04 1011010|001000011001|01110000011001|110 0xB4432E0CE
BX = 001 Event : 10
00 1011001|111010000010|01110100000101|101 0xB3D04E82D
01 1100010|111011001111|01111000001110|011 0xC5D9EF073
02 1011010|111110011000|01101111110111|100 0xB5F30DFBC
03 1100101|000000001110|01101011011110|101 0xCA01CD6F5
04 1100101|000010011111|01101011001110|101 0xCA13ED675
05 1100101|000111000101|01101000111101|011 0xCA38AD1EB
BX = 010 Event : 11
00 1011000|111000000111|01111101011010|011 0xB1C0EFAD3
01 1100010|111011100101|01110101101110|101 0xC5DCAEB75
02 1011011|111100101000|01101011000011|010 0xB7E50D61A
03 1100101|111111110010|01101011100000|110 0xCBFE4D706
04 1100010|000000000001|01111101101000|010 0xC4002FB42
05 1011010|000001101111|01101111011000|011 0xB40DEDEC3
06 1100101|000010100100|01101001101000|110 0xCA148D346
07 1100010|000010110011|01111101101000|000 0xC4166FB40
08 1100010|000010111111|01111000000110|010 0xC417EF032
09 1100010|000101011100|01111000100111|010 0xC42B8F13A
0a 1011001|000101011011|01111000000101|000 0xB22B6F028
0b 1011001|001000010010|01111000001011|010 0xB2424F05A
BX = 011 Event : 12
00 1011011|111000001010|01101001111000|011 0xB7C14D3C3
01 1100010|111101101110|01111001101000|011 0xC5EDCF343
02 1100101|111101111101|01101011011011|011 0xCBEFAD6DB
03 1100010|000000010000|01111100011010|110 0xC4020F8D6
04 1100101|000101001111|01101011011011|110 0xCA29ED6DE
05 1100010|000101011001|01110101110110|110 0xC42B2EBB6
06 1011001|000101100111|01111000111001|000 0xB22CEF1C8
07 1011011|000101111110|01101001111101|110 0xB62FCD3EE
BX = 100 Event : 13
00 1011000|111100110101|01111110000100|101 0xB1E6AFC25
01 1011000|111111000101|01111110101011|010 0xB1F8AFD5A
02 1011000|000001100011|01111111101101|000 0xB00C6FF68
BX = 101 Event : 14
00 1100101|111010110110|01101000101111|011 0xCBD6CD17B
01 1100100|111011000111|01101100000100|011 0xC9D8ED823
02 1100010|111101101001|01111011001011|011 0xC5ED2F65B
03 1100010|000000001110|10000000101111|110 0xC401D017E
04 1100011|000000010101|01110001010100|001 0xC602AE2A1
05 1011001|000000110011|01110011111000|011 0xB2066E7C3
06 1011011|000000111000|01101100000000|100 0xB6070D804
07 1100010|000001111110|01111010111011|001 0xC40FCF5D9
08 1100010|000010010000|01111000010100|110 0xC4120F0A6
09 1100010|000010111101|01110111010111|010 0xC417AEEBA
0a 1011011|000100000101|01101100000110|110 0xB620AD836
0b 1100011|000100100101|01101111110100|110 0xC624ADFA6
0c 1100100|000100110001|01101110010111|110 0xC8262DCBE
0d 1100100|000101000101|01101100100001|110 0xC828AD90E
0e 1100100|000101000101|01101101110100|111 0xC828ADBA7
0f 1011010|001000001111|01110001000011|101 0xB441EE21D
BX = 110 Event : 15
00 1011100|111000000000|01101000001110|101 0xB9C00D075
01 1100011|111010101100|01110001101100|011 0xC7D58E363
02 1100100|111101000110|01101011110001|110 0xC9E8CD78E
03 1011100|000001011001|01101001100101|110 0xB80B2D32E
04 1011000|000001101010|01111011111010|110 0xB00D4F7D6
05 1011001|000011110011|01110010100111|011 0xB21E6E53B
06 1011100|000011111101|01101000101011|101 0xB81FAD15D
07 1011011|000101101100|01101011110100|110 0xB62D8D7A6
BX = 111 Event : 16
00 1011001|111010000111|01110100000101|001 0xB3D0EE829
01 1011000|111111000000|01111010110011|111 0xB1F80F59F
02 1100011|111111101011|01110000110100|110 0xC7FD6E1A6
03 1100011|111111101101|01110000110101|111 0xC7FDAE1AF
04 1100101|000010000110|01101000100010|100 0xCA10CD114
05 1100010|000100011011|01111110111101|001 0xC4236FDE9
06 1011010|001000001000|01101101100111|000 0xB4410DB38
BX = 000 Event : 17
00 1100010|111001001000|01111101110100|101 0xC5C90FBA5
01 1011001|111001010111|01110110110110|100 0xB3CAEEDB4
02 1011001|111001110000|01111000000010|110 0xB3CE0F016
03 1100011|111101000110|01101111110001|000 0xC7E8CDF88
04 1100010|111101101011|01111010100001|110 0xC5ED6F50E
05 1100010|111101101110|01111010101110|000 0xC5EDCF570
06 1100010|000010010101|01110110011110|001 0xC412AECF1
07 1011010|000110100001|01101110101011|110 0xB4342DD5E
08 1100100|000111001100|01101100001100|101 0xC8398D865
09 1011010|001000100011|01101111001000|110 0xB4446DE46
BX = 001 Event : 18
00 1011000|110111000100|01111101110100|010 0xB1B88FBA2
01 1100010|111000100101|01111101111100|000 0xC5C4AFBE0
02 1100010|000010000011|01110100111010|111 0xC4106E9D7
03 1011000|000011010011|01111101101111|111 0xB01A6FB7F
04 1011010|000100000000|01110001000011|111 0xB4200E21F
05 1100011|000100111011|01110000011101|110 0xC6276E0EE
BX = 010 Event : 19
00 1100101|111000100101|01101010001110|011 0xCBC4AD473
01 1100100|111000100101|01101101101001|101 0xC9C4ADB4D
02 1011100|111100101101|01101000000110|111 0xB9E5AD037
03 1100100|111110000111|01101101100110|111 0xC9F0EDB37
04 1011010|000000100111|01101101010111|011 0xB404EDABB
05 1100011|000100010110|01110100101101|010 0xC622CE96A
06 1100100|000101010100|01101110110001|011 0xC82A8DD8B
07 1011000|000110101001|01111100010010|010 0xB0352F892
08 1100010|000111111001|01111111101010|000 0xC43F2FF50
09 1100010|000111111100|01111111101110|100 0xC43F8FF74
0a 1011000|001000110000|01111010110001|111 0xB0460F58F
BX = 011 Event : 20
00 1011011|111001101110|01101100000110|100 0xB7CDCD834
01 1100010|111101011111|01111001000001|010 0xC5EBEF20A
02 1011010|111111000000|01101101101100|001 0xB5F80DB61
03 1100100|111111110000|01101111000001|011 0xC9FE0DE0B
04 1100011|000100011011|01110100010100|001 0xC6236E8A1
05 1100101|000111100101|01101011001100|001 0xCA3CAD661
BX = 100 Event : 21
00 1011000|110111000001|01111010101100|101 0xB1B82F565
01 1100011|111000010011|01110010011010|001 0xC7C26E4D1
02 1100101|111000110110|01101010101000|001 0xCBC6CD541
03 1100010|111010111011|01111011010110|011 0xC5D76F6B3
04 1011000|000011111101|01111101110010|100 0xB01FAFB94
05 1100010|000101010100|01111101100101|110 0xC42A8FB2E
06 1011000|000110010000|01111101100111|101 0xB0320FB3D
07 1011000|000110011100|01111101000001|001 0xB0338FA09
BX = 101 Event : 22
00 1100011|111001000011|01110011100111|010 0xC7C86E73A
01 1011010|111100100110|01110000110011|111 0xB5E4CE19F
02 1100011|111101111111|01110011001010|110 0xC7EFEE656
03 1011000|111110011101|01111011010011|110 0xB1F3AF69E
04 1100100|000000011010|01101111001010|010 0xC8034DE52
05 1011000|000001011110|01111100101111|010 0xB00BCF97A
06 1011000|000001100101|01111101011111|101 0xB00CAFAFD
07 1100101|000101001010|01101010001110|001 0xCA294D471
08 1100011|000110111011|01110011000111|000 0xC6376E638
09 1100010|000111000000|01111001011110|000 0xC4380F2F0
BX = 110 Event : 23
00 1011000|110111011111|01111101111010|111 0xB1BBEFBD7
01 1100010|111001001111|01110101101010|110 0xC5C9EEB56
02 1100010|111001010010|01110101001010|001 0xC5CA4EA51
03 1100010|111010110001|01110101100001|100 0xC5D62EB0C
04 1100010|111010110001|01110101100111|000 0xC5D62EB38
05 1100100|111101001000|01101100101001|111 0xC9E90D94F
06 1100100|111101001000|01101101000110|001 0xC9E90DA31
07 1011011|111110010110|01101101001010|101 0xB7F2CDA55
08 1011000|001000011110|01111100110011|001 0xB043CF999
BX = 111 Event : 24
00 1100010|111000001110|10000000101111|111 0xC5C1D017F
01 1100010|111000010011|01111110001111|001 0xC5C26FC79
02 1100010|111000100000|01111011100000|001 0xC5C40F701
03 1100010|111000100101|01111011110011|100 0xC5C4AF79C
04 1011000|111011111011|01111101110101|110 0xB1DF6FBAE
05 1011100|111110101010|01101000101101|110 0xB9F54D16E
06 1100010|000000001110|01110110110110|110 0xC401CEDB6
07 1100010|000000010011|01111111001010|100 0xC4026FE54
08 1011000|000001101111|01111101110100|011 0xB00DEFBA3
09 1011010|000011101110|01101110111101|110 0xB41DCDDEE
0a 1100100|000111010100|01101110000100|000 0xC83A8DC20
0b 1011011|001000001101|01101010010001|000 0xB641AD488
BX = 000 Event : 25
00 1011010|111011111011|01101110110001|000 0xB5DF6DD88
01 1100010|111101101011|01110110000110|000 0xC5ED6EC30
02 1100100|111101101110|01101011110001|110 0xC9EDCD78E
03 1011001|000110001101|01110011101000|101 0xB231AE745
BX = 001 Event : 26
00 1011100|111010011110|00111111001010|011 0xB9D3C7E53
01 1011011|111100011001|01101001111101|110 0xB7E32D3EE
02 1100010|111101010000|01111000010011|011 0xC5EA0F09B
03 1011001|111111000101|01110011101000|001 0xB3F8AE741
04 1011001|000001000111|01110010111110|011 0xB208EE5F3
05 1011011|000001001111|01101100110011|010 0xB609ED99A
06 1011011|000001101101|01101010111001|010 0xB60DAD5CA
07 1100101|000110101110|01101010001011|010 0xCA35CD45A
BX = 010 Event : 27
00 1011010|110111000110|01101101101110|001 0xB5B8CDB71
01 1011001|110111011101|01110011111010|010 0xB3BBAE7D2
02 1011001|111001111101|01110111100011|001 0xB3CFAEF19
03 1100010|111010101100|01110111010001|001 0xC5D58EE89
04 1100100|111111100011|01101101111010|001 0xC9FC6DBD1
05 1011011|000001011011|01101100111111|000 0xB60B6D9F8
06 1100101|000010101011|01101001110011|101 0xCA156D39D
07 1011000|000011000110|01111111110010|100 0xB018CFF94
08 1100011|000100111011|01110010001100|111 0xC6276E467
09 1100011|000101001000|01110001101001|101 0xC6290E34D
0a 1100010|000110111011|01111000001100|100 0xC4376F064
0b 1100010|000111011110|01111110101111|010 0xC43BCFD7A
0c 1011001|000111111011|01110011100110|100 0xB23F6E734
0d 1011011|001000001000|01101001101100|110 0xB6410D366
0e 1011100|001000010010|01101001011010|000 0xB8424D2D0
BX = 011 Event : 28
00 1011001|111000000111|01110110101010|011 0xB3C0EED53
01 1100100|111001000101|01101011101011|011 0xC9C8AD75B
02 1100010|111001010010|01111001011011|100 0xC5CA4F2DC
03 1100010|111011001010|01110111010111|011 0xC5D94EEBB
04 1100010|111011101000|01111010010000|100 0xC5DD0F484
05 1011001|111100100110|01110011110010|110 0xB3E4CE796
06 1100101|111110000010|01101010101000|010 0xCBF04D542
07 1011001|000110001010|01110010100111|111 0xB2314E53F
BX = 100 Event : 29
00 1100010|111101100100|01111110010100|110 0xC5EC8FCA6
01 1100010|111101101110|01111110001010|000 0xC5EDCFC50
02 1011011|111110100000|01101010110010|000 0xB7F40D590
03 1100010|111111110000|01111001111000|110 0xC5FE0F3C6
04 1100100|000000011010|01101101000111|001 0xC8034DA39
BX = 101 Event : 30
00 1011001|110111011111|01110101111101|101 0xB3BBEEBED
01 1011010|111010000101|01110001110011|110 0xB5D0AE39E
02 1100101|111010111101|01101011001000|001 0xCBD7AD641
03 1100101|111011001010|01101010011110|100 0xCBD94D4F4
04 1011001|111100010111|01110101111011|100 0xB3E2EEBDC
05 1100010|111110001001|01111010101011|001 0xC5F12F559
06 1011001|111110111110|01110101101011|110 0xB3F7CEB5E
07 1011001|000000111101|01110101110011|011 0xB207AEB9B
08 1011000|000110011100|01111100100110|001 0xB0338F931
BX = 110 Event : 31
00 1100011|111000010110|01110011110001|111 0xC7C2CE78F
01 1100010|111000110001|01110110110111|101 0xC5C62EDBD
02 1100011|111000110110|01110000001101|100 0xC7C6CE06C
03 1100011|111000111110|01110001001101|100 0xC7C7CE26C
04 1100010|111001000101|01110110111110|111 0xC5C8AEDF7
05 1100011|111010110110|01110001001010|100 0xC7D6CE254
06 1100011|111011000111|01110000110111|011 0xC7D8EE1BB
07 1100010|111011100101|01111001101000|011 0xC5DCAF343
08 1011011|111100001010|01101010010001|001 0xB7E14D489
09 1011001|111100111010|01110101000111|110 0xB3E74EA3E
0a 1100010|111101110011|01111011011110|011 0xC5EE6F6F3
0b 1100010|111101110101|01111011011110|011 0xC5EEAF6F3
0c 1100010|111111101011|01110110011001|010 0xC5FD6ECCA
0d 1100100|000010011100|01101101010001|000 0xC8138DA88
0e 1011000|000110100110|01111001010110|010 0xB034CF2B2
BX = 111 Event : 32
00 1011001|111000000111|01110100011000|110 0xB3C0EE8C6
01 1100011|111000011000|01110011111100|101 0xC7C30E7E5
02 1100100|111010100100|01101100100110|001 0xC9D48D931
03 1011001|111100010100|01110010010010|100 0xB3E28E494
04 1011010|111100110111|01110000100110|110 0xB5E6EE136
05 1011010|111100110111|01110000010111|010 0xB5E6EE0BA
06 1100011|000010000110|01110011111101|001 0xC610CE7E9
07 1100010|000010100110|01111010001000|001 0xC414CF441
08 1100010|000010110011|01111000100011|011 0xC4166F11B
09 1100010|000010110011|01111000110001|101 0xC4166F18D
0a 1100010|000010111010|01110101000100|001 0xC4174EA21
0b 1011001|000011000001|01110011011000|101 0xB2182E6C5
0c 1011010|000011110110|01101110101011|100 0xB41ECDD5C
0d 1011001|001000110111|01110101010110|110 0xB246EEAB6
BX = 000 Event : 33
00 1011001|111010011110|01110101101101|001 0xB3D3CEB69
01 1100110|111011101101|01101000001001|010 0xCDDDAD04A
02 1011100|111011110001|01100111111000|010 0xB9DE2CFC2
03 1011001|111100101011|01110011101110|011 0xB3E56E773
04 1100010|111101001101|01111110001000|101 0xC5E9AFC45
05 1100010|000010001101|01110101110100|101 0xC411AEBA5
06 1100101|000010101110|01101010001110|010 0xCA15CD472
07 1100010|000100110001|01111101011010|000 0xC4262FAD0
08 1100011|000101000011|01110001001101|011 0xC6286E26B
09 1011010|000110101001|01101111110100|011 0xB4352DFA3
0a 1100010|000111101010|01111110111100|101 0xC43D4FDE5
0b 1100011|000111110111|01110000001101|111 0xC63EEE06F
0c 1011000|000111111110|01111100000111|100 0xB03FCF83C
0d 1011000|001000000011|01111010001101|110 0xB0406F46E
BX = 001 Event : 34
00 1100011|111000100111|01110010010101|011 0xC7C4EE4AB
01 1100101|111101100001|01101011010100|010 0xCBEC2D6A2
02 1100011|111111011110|01110000010100|001 0xC7FBCE0A1
03 1100010|000000100010|01111100000101|101 0xC4044F82D
04 1011000|000001101000|01111101001101|101 0xB00D0FA6D
05 1011000|000001101000|01111101000110|000 0xB00D0FA30
06 1100010|000010111000|01111111000101|100 0xC4170FE2C
07 1011000|000100000101|10000000100011|101 0xB020B011D
08 1100011|000100011000|01110000000010|100 0xC6230E014
09 1100100|000100100000|01101100100111|000 0xC8240D938
0a 1100100|000100111001|01101100100111|000 0xC8272D938
0b 1100011|000111011011|01110010001010|111 0xC63B6E457
0c 1100010|000111100011|01110110000001|100 0xC43C6EC0C
0d 1011000|001000010100|10000000000110|100 0xB04290034
BX = 010 Event : 35
00 1100010|111000010001|01111101100101|001 0xC5C22FB29
01 1100100|111000011011|01101011100100|101 0xC9C36D725
02 1100101|111000100111|01101011100000|000 0xCBC4ED700
03 1100010|111000111110|01111101110101|001 0xC5C7CFBA9
04 1100100|111011101101|01101101011111|000 0xC9DDADAF8
05 1011001|111111010100|01111000100100|011 0xB3FA8F123
06 1100101|111111011110|01101010010000|101 0xCBFBCD485
07 1011010|000000110001|01101110110101|100 0xB4062DDAC
08 1100011|000010010101|01101111111001|100 0xC612ADFCC
09 1011011|000011110110|01101100001101|001 0xB61ECD869
0a 1100101|000100100010|01101000111000|100 0xCA244D1C4
0b 1011000|000101100101|01111111011111|100 0xB02CAFEFC
0c 1100101|000110110001|01101010011011|100 0xCA362D4DC
0d 1100010|000111000010|01111101100101|010 0xC4384FB2A
0e 1100010|000111110100|01111100000010|011 0xC43E8F813
0f 1100100|000111111001|01101100101001|111 0xC83F2D94F
10 1011000|000111110100|01111011111111|101 0xB03E8F7FD
11 1011000|000111111110|01111010110001|000 0xB03FCF588
BX = 011 Event : 36
00 1011100|111111000011|00111111010111|010 0xB9F867EBA
01 1011100|111111000101|00111111010111|010 0xB9F8A7EBA
02 1100010|111000101010|01110111101110|110 0xC5C54EF76
03 1100010|000000011000|01111010110001|101 0xC4030F58D
04 1011000|000011000110|01111011000011|100 0xB018CF61C
05 1011011|000011010000|01101011000111|011 0xB61A0D63B
06 1011000|000011111000|01111111101101|100 0xB01F0FF6C
07 1011000|000100001111|01111111101100|101 0xB021EFF65
08 1100010|000100101010|01111011101000|001 0xC4254F741
09 1100100|000101000000|01101100100110|101 0xC8280D935
0a 1011001|000101101100|01110111110101|011 0xB22D8EFAB
0b 1011000|000110011100|01111101110111|100 0xB0338FBBC
0c 1100010|000111101111|01110110000100|100 0xC43DEEC24
0d 1011001|000111111110|01110101101001|110 0xB23FCEB4E
0e 1011000|001000000000|01111110000001|101 0xB0400FC0D
0f 1011001|001000001101|01110010100001|101 0xB241AE50D
10 1011000|001000010010|01111101000110|000 0xB0424FA30
11 1011100|001000110111|01101000011000|011 0xB846ED0C3
BX = 100 Event : 37
00 1100101|111101011010|00111111001101|011 0xCBEB47E6B
01 1011001|111001111011|01110100001101|101 0xB3CF6E86D
02 1100100|111111110000|01101100010100|010 0xC9FE0D8A2
03 1011001|000000111000|01110101001100|000 0xB2070EA60
04 1100011|000011000010|01110001101101|011 0xC6184E36B
05 1011000|000100000000|01111110110011|101 0xB0200FD9D
06 1011000|000100000111|01111100001111|001 0xB020EF879
07 1100100|000100010110|01101100100100|100 0xC822CD924
08 1100100|000100011000|01101100100111|101 0xC8230D93D
09 1100011|000101010010|01110011110111|101 0xC62A4E7BD
0a 1100011|000111001111|01110001101001|101 0xC639EE34D
0b 1011011|000111111110|01101011111110|000 0xB63FCD7F0
0c 1011100|001000100001|01101001010011|000 0xB8442D298
BX = 101 Event : 38
00 1100100|111000000111|01101110011010|100 0xC9C0EDCD4
01 1100011|111000010001|01110000100100|010 0xC7C22E122
02 1100100|111000011101|01101110100101|000 0xC9C3ADD28
03 1011001|111001111011|01111000111001|100 0xB3CF6F1CC
04 1011001|111001111101|01110111111111|001 0xB3CFAEFF9
05 1100010|111011011110|01111000101110|110 0xC5DBCF176
06 1100011|000111000010|01110011011100|000 0xC6384E6E0
07 1011001|001000000011|01110110010111|010 0xB2406ECBA
BX = 110 Event : 39
00 1100101|111111011100|01101010101101|111 0xCBFB8D56F
01 1011001|000000100111|01110111000011|011 0xB204EEE1B
02 1100101|000010001011|01101011000001|000 0xCA116D608
03 1011010|000110000000|01110000101110|010 0xB4300E172
BX = 111 Event : 40
00 1011010|110111100111|01101101110111|001 0xB5BCEDBB9
01 1100011|111000100111|01110001000111|011 0xC7C4EE23B
02 1011010|111001110011|01101101010111|110 0xB5CE6DABE
03 1100100|111010101100|01101100110001|011 0xC9D58D98B
04 1100010|111011011001|01111000010011|001 0xC5DB2F099
05 1100010|111011100000|01111000010111|000 0xC5DC0F0B8
06 1100010|000010010101|01111011001110|001 0xC412AF671
07 1100010|000010010101|01111011011011|110 0xC412AF6DE
08 1100010|000010010111|01111011001110|001 0xC412EF671
09 1100010|000010101110|01110110110001|100 0xC415CED8C
0a 1100010|000010110000|01110110100111|010 0xC4160ED3A
0b 1100100|000010110101|01101101100111|011 0xC816ADB3B
0c 1011010|000100000000|01101110010011|000 0xB4200DC98
0d 1011010|000101100010|01110000111100|100 0xB42C4E1E4
0e 1011001|000101110110|01110111000011|010 0xB22ECEE1A
0f 1011001|000110100110|01110111111000|010 0xB234CEFC2
10 1011000|000111111001|01111001011001|110 0xB03F2F2CE
BX = 000 Event : 41
00 1100100|111101111010|01101110001111|110 0xC9EF4DC7E
01 1011001|111110101100|01110111000111|110 0xB3F58EE3E
02 1100010|000001111110|01110101100100|111 0xC40FCEB27
BX = 001 Event : 42
00 1100010|000101001010|01110111101110|000 0xC4294EF70
BX = 010 Event : 43
00 1011001|111111010100|01110100101111|010 0xB3FA8E97A
01 1011001|000001010100|01110111111011|000 0xB20A8EFD8
02 1100101|000010011100|01101010111000|001 0xCA138D5C1
03 1011000|000100000101|10000000101001|110 0xB020B014E
04 1100010|000110111000|01110101001010|010 0xC4370EA52
05 1100101|000110111011|01101000010010|100 0xCA376D094
06 1100101|000111010001|01101000010101|101 0xCA3A2D0AD
07 1100100|000111010001|01101110101001|001 0xC83A2DD49
08 1100011|000111011001|01110000000001|001 0xC63B2E009
09 1100100|000111011110|01101011111011|001 0xC83BCD7D9
BX = 011 Event : 44
00 1011010|110111100111|01101110101000|001 0xB5BCEDD41
01 1011011|111010000010|01101010011010|111 0xB7D04D4D7
02 1011011|111010010110|01101011001111|011 0xB7D2CD67B
03 1011001|111100011001|01111000110111|101 0xB3E32F1BD
04 1011011|111110100101|01101101010000|111 0xB7F4ADA87
BX = 100 Event : 45
00 1011000|111010000010|01111101111111|011 0xB1D04FBFB
01 1100110|111101001111|01101000001001|001 0xCDE9ED049
02 1011000|111110100000|01111100101001|100 0xB1F40F94C
03 1011001|000011111000|01111000110010|011 0xB21F0F193
04 1100010|000101000101|10000000100001|101 0xC428B010D
05 1011011|000110001101|01101001110101|000 0xB631AD3A8
06 1100011|000111001111|01110001100100|010 0xC639EE322
BX = 101 Event : 46
00 1011000|110111101110|01111001010110|010 0xB1BDCF2B2
01 1100011|111011101000|01110100100001|001 0xC7DD0E909
02 1011011|111011110001|01101011001001|010 0xB7DE2D64A
03 1100101|111101110000|01101000110010|011 0xCBEE0D193
04 1100101|000111001010|01101000010010|000 0xCA394D090
05 1100100|000111101101|01101110000100|101 0xC83DADC25
06 1011010|001000110111|01110001000110|000 0xB446EE230
BX = 110 Event : 47
00 1011100|110111001110|01101000000000|000 0xB9B9CD000
01 1100010|111011101101|01111101100111|111 0xC5DDAFB3F
02 1011010|111110100000|01110001000011|010 0xB5F40E21A
03 1011001|111110101111|01110011110101|111 0xB3F5EE7AF
04 1011001|000001001010|01110011110101|001 0xB2094E7A9
05 1011100|000011110011|01101000100000|100 0xB81E6D104
06 1100010|000100100111|01111101011011|101 0xC424EFADD
07 1011100|001000011110|01101001000101|101 0xB843CD22D
BX = 111 Event : 48
00 1011001|110111011000|01110101110110|010 0xB3BB0EBB2
01 1011010|111010100101|01110000000111|111 0xB5D4AE03F
02 1100100|111010110001|01101111011111|111 0xC9D62DEFF
03 1011100|111110001110|01101000001110|110 0xB9F1CD076
04 1011000|111110110001|01111011100110|110 0xB1F62F736
05 1100011|111111100110|01110001110100|110 0xC7FCCE3A6
06 1011100|000000101001|01101000000110|000 0xB8052D030
07 1100100|000010000001|01101111010111|100 0xC8102DEBC
08 1100011|000100011101|01110000100111|001 0xC623AE139
09 1100011|000100011101|01110011000111|011 0xC623AE63B
0a 1100010|000100111110|01110101011101|011 0xC427CEAEB
BX = 000 Event : 49
00 1011100|000001011001|00111111100001|010 0xB80B27F0A
01 1011001|110111011000|01110100101001|010 0xB3BB0E94A
02 1100010|111000100111|01110111000111|101 0xC5C4EEE3D
03 1011001|111001111011|01110011111011|001 0xB3CF6E7D9
04 1100101|111010101100|01101001000000|011 0xCBD58D203
05 1100101|111010101110|01101001001000|001 0xCBD5CD241
06 1100101|111010101110|01101001011010|100 0xCBD5CD2D4
07 1100010|111011011001|01111100001000|011 0xC5DB2F843
08 1100101|111101011111|01101001100101|001 0xCBEBED329
09 1011000|000001001010|01111001010000|011 0xB0094F283
0a 1100011|000010100100|01110100000010|100 0xC6148E814
0b 1011000|000011010000|01111111011101|110 0xB01A0FEEE
0c 1011010|000100000101|01101110100100|100 0xB420ADD24
0d 1100010|000100011000|01110111100100|100 0xC4230EF24
0e 1100010|000101001010|01111000011011|101 0xC4294F0DD
0f 1100010|000101100001|01111001010001|101 0xC42C2F28D
10 1100010|000111100011|01111010001000|010 0xC43C6F442
BX = 001 Event : 50
00 1100101|000101001010|00111111010000|010 0xCA2947E82
01 1100100|111000110100|01101100010110|001 0xC9C68D8B1
02 1100011|111000110110|01110011110100|110 0xC7C6CE7A6
03 1100011|111000111001|01110011111010|001 0xC7C72E7D1
04 1011010|111001011010|01101110111001|111 0xB5CB4DDCF
05 1100011|111010101110|01110010110001|001 0xC7D5CE589
06 1100010|111101111000|10000000001001|110 0xC5EF1004E
07 1011010|111111001010|01110001101101|111 0xB5F94E36F
08 1011000|000100000000|01111010011101|110 0xB0200F4EE
09 1011001|000100000111|01110100100101|010 0xB220EE92A
0a 1100100|000100101100|01101110110101|001 0xC8258DDA9
0b 1100011|000101011001|01101111100100|110 0xC62B2DF26
BX = 010 Event : 51
00 1011000|111001100001|01111010111110|101 0xB1CC2F5F5
01 1011010|111010011011|01101111111101|001 0xB5D36DFE9
02 1100011|111011010110|01110011010111|001 0xC7DACE6B9
03 1011001|111110110110|01110101110011|100 0xB3F6CEB9C
04 1011011|111111001000|01101010110110|011 0xB7F90D5B3
05 1100011|111111101101|01110001000111|100 0xC7FDAE23C
06 1100011|111111110000|01110001001010|101 0xC7FE0E255
07 1011010|000000101110|01110000101001|000 0xB405CE148
08 1011010|000001000111|01110000000001|010 0xB408EE00A
09 1011001|000001010001|01110010101001|101 0xB20A2E54D
0a 1011010|000001101000|01101111101000|000 0xB40D0DF40
0b 1100010|000011000100|01110101000001|100 0xC4188EA0C
0c 1011001|000011000001|01110101010011|110 0xB2182EA9E
0d 1011011|000011011010|01101100011010|010 0xB61B4D8D2
0e 1011001|000101100010|01110111010011|110 0xB22C4EE9E
0f 1100010|000111101010|01111000000111|101 0xC43D4F03D
BX = 011 Event : 52
00 1011000|110111100100|01111110101000|111 0xB1BC8FD47
01 1011010|110111100111|01101101111100|011 0xB5BCEDBE3
02 1100010|111010101110|01111000000100|001 0xC5D5CF021
03 1100101|000000000100|01101000101100|010 0xCA008D162
04 1100101|000000000110|01101000101100|010 0xCA00CD162
05 1011011|000000111101|01101010010001|100 0xB607AD48C
06 1011001|000011011000|01110100001011|001 0xB21B0E859
07 1011001|000110011100|01111000011100|011 0xB2338F0E3
BX = 100 Event : 53
00 1011001|110111100111|01110111101000|110 0xB3BCEEF46
01 1011001|111100011110|01110100001111|100 0xB3E3CE87C
02 1100011|111101100110|01110001101111|111 0xC7ECCE37F
03 1100100|111111011001|01101110100010|011 0xC9FB2DD13
04 1011010|000100001111|01110000000001|001 0xB421EE009
05 1011000|001000100110|01111110111101|110 0xB044CFDEE
BX = 101 Event : 54
00 1011000|110111100111|01111001001100|010 0xB1BCEF262
01 1100100|111011010100|01101110010110|110 0xC9DA8DCB6
02 1100101|111101001011|01101000111100|000 0xCBE96D1E0
03 1011001|111110001110|01110011100001|000 0xB3F1CE708
04 1100100|111111111111|01101100001011|000 0xC9FFED858
05 1011010|000011110001|01110000111001|100 0xB41E2E1CC
06 1011000|000101100111|01111110011110|111 0xB02CEFCF7
BX = 110 Event : 55
00 1011001|111010011110|01110011000100|001 0xB3D3CE621
01 1100011|111010100010|01110011010111|001 0xC7D44E6B9
02 1100100|111010111000|01101101001110|100 0xC9D70DA74
03 1100010|111011010001|01111110000101|011 0xC5DA2FC2B
04 1100010|111011010001|01111110011010|111 0xC5DA2FCD7
05 1100010|111101111101|01111110110100|010 0xC5EFAFDA2
06 1011001|000110000101|01110100101001|001 0xB230AE949
07 1011000|000110011111|01111101001101|011 0xB033EFA6B
08 1011011|000111111001|01101101001101|001 0xB63F2DA69
BX = 111 Event : 56
00 1011001|111110100111|01110101110000|010 0xB3F4EEB82
01 1011011|000001000111|01101011111000|111 0xB608ED7C7
02 1011011|000001100011|01101010000101|011 0xB60C6D42B
03 1011000|001000001111|01111001100001|101 0xB041EF30D
04 1011010|001000110000|01101110010100|011 0xB4460DCA3
05 1011010|001000110111|01101111001101|100 0xB446EDE6C
06 1011010|001000111010|01101110000001|001 0xB4474DC09
BX = 000 Event : 57
00 1011010|110111000100|01101110011110|011 0xB5B88DCF3
01 1011001|110111001110|01111000000010|001 0xB3B9CF011
02 1011010|111000000000|01110001100110|110 0xB5C00E336
03 1011010|111000001010|01110001001110|110 0xB5C14E276
04 1100100|111000000100|01101111010010|111 0xC9C08DE97
05 1011010|111010000000|01110000010110|010 0xB5D00E0B2
06 1011001|111010011110|01110011001001|011 0xB3D3CE64B
07 1011010|111100000011|01110000111011|001 0xB5E06E1D9
08 1011000|111100110000|01111100011100|101 0xB1E60F8E5
09 1100101|111101010101|01101010110101|100 0xCBEAAD5AC
0a 1100101|111101110011|01101001011011|100 0xCBEE6D2DC
0b 1100010|111101110011|01111001000100|001 0xC5EE6F221
0c 1011000|111111001010|01111001000110|001 0xB1F94F231
0d 1100010|000100011000|01111011011101|001 0xC4230F6E9
BX = 001 Event : 58
00 1011011|110111001001|01101001101100|011 0xB7B92D363
01 1011100|110111110011|01100111110100|110 0xB9BE6CFA6
02 1011100|110111111011|01101000011011|011 0xB9BF6D0DB
03 1011001|111000000000|01110100100100|000 0xB3C00E920
04 1100010|000010100110|01110110010001|011 0xC414CEC8B
05 1100100|000010101011|01101111001010|011 0xC8156DE53
06 1011001|000101100101|01110101111101|011 0xB22CAEBEB
07 1011001|000101100101|01110101100110|111 0xB22CAEB37
BX = 010 Event : 59
00 1100100|111000000111|01101110001110|001 0xC9C0EDC71
01 1011001|111001101001|01110101000110|100 0xB3CD2EA34
02 1100010|111010100111|01111010000100|011 0xC5D4EF423
03 1100010|111011011001|01111001010001|010 0xC5DB2F28A
04 1011001|111011111011|01110110001101|110 0xB3DF6EC6E
05 1100011|111101001000|01110011000111|101 0xC7E90E63D
06 1100101|000010011010|01101001011000|001 0xCA134D2C1
07 1100100|000010100100|01101101110001|010 0xC8148DB8A
08 1100100|000010101001|01101101101001|111 0xC8152DB4F
09 1100100|000010101011|01101101100100|101 0xC8156DB25
0a 1100100|000010111000|01101101110111|000 0xC8170DBB8
BX = 011 Event : 60
00 1011000|110111001001|01111111111100|101 0xB1B92FFE5
01 1011001|110111101001|01110110010101|100 0xB3BD2ECAC
02 1011000|110111101100|10000000100110|111 0xB1BD90137
03 1011000|111000000101|01111100110011|001 0xB1C0AF999
04 1011000|111001100100|01111010001010|011 0xB1CC8F453
05 1011000|111001111011|01111111010101|111 0xB1CF6FEAF
06 1100100|111011010100|01101110101101|010 0xC9DA8DD6A
07 1011010|000001010001|01101110111000|110 0xB40A2DDC6
08 1100010|000010011100|01110110010100|010 0xC4138ECA2
09 1011000|000011001001|01111100101100|011 0xB0192F963
0a 1011001|000101100010|01110110001011|111 0xB22C4EC5F
0b 1011001|000110011010|01110011010100|100 0xB2334E6A4
0c 1100010|000111001010|01111001000001|010 0xC4394F20A
0d 1100100|000111111001|01101100001100|011 0xC83F2D863
0e 1011011|000111110110|01101011110000|010 0xB63ECD782
0f 1011001|001000100001|01110010001000|000 0xB2442E440
10 1011010|001000100011|01110000000001|100 0xB4446E00C
BX = 100 Event : 61
00 1011000|111001011010|01111110110101|000 0xB1CB4FDA8
01 1100101|111010101100|01101000001111|010 0xCBD58D07A
02 1100010|111110000100|01110101110001|010 0xC5F08EB8A
03 1011000|111111011001|01111001010001|000 0xB1FB2F288
04 1100010|111111111100|01111111001001|000 0xC5FF8FE48
05 1100010|000000010000|01111010001000|101 0xC4020F445
06 1100010|000100110100|01111000111001|101 0xC4268F1CD
07 1100100|000101000000|01101110100100|101 0xC8280DD25
08 1100010|000110110110|01110101010101|110 0xC436CEAAE
09 1100010|000111001010|01111100011011|001 0xC4394F8D9
BX = 101 Event : 62
00 1011100|000110100001|00111111110001|011 0xB83427F8B
01 1011000|110111101110|01111101010000|010 0xB1BDCFA82
02 1100101|111010100100|01101000011000|110 0xCBD48D0C6
03 1011010|000011110011|01101110010100|011 0xB41E6DCA3
04 1011000|000110011010|01111001101110|110 0xB0334F376
05 1011011|001000100110|01101010000100|101 0xB644CD425
BX = 110 Event : 63
00 1011011|111100101000|01101011000011|010 0xB7E50D61A
01 1100101|111111110010|01101011100000|110 0xCBFE4D706
02 1100101|000010100100|01101001101000|110 0xCA148D346
03 1100010|000010111111|01111000000110|010 0xC417EF032
04 1100010|000010111111|01111010000110|100 0xC417EF434
05 1100010|000101011100|01111000100111|010 0xC42B8F13A
06 1011001|000101011011|01111000000101|000 0xB22B6F028
07 1011001|001000010010|01111000001011|010 0xB2424F05A
08 1011000|001000101000|01111111101101|110 0xB0450FF6E
BX = 111 Event : 64
00 1100100|111001000000|01101100001110|001 0xC9C80D871
01 1011000|111010100011|10000001001111|111 0xB1D47027F
02 1100010|111010101100|01110111100111|110 0xC5D58EF3E
03 1100010|111010110110|01111000100011|110 0xC5D6CF11E
04 1011011|111111000000|01101100001101|111 0xB7F80D86F
05 1011000|111111000101|01111010010010|100 0xB1F8AF494
06 1011011|000110011111|01101010001100|100 0xB633ED464
BX = 000 Event : 65
00 1011100|111010011110|01101000101000|100 0xB9D3CD144
01 1100101|111010011111|01101001000101|000 0xCBD3ED228
02 1100011|111011000010|01110000011001|010 0xC7D84E0CA
03 1100011|111101110101|01110010111100|010 0xC7EEAE5E2
04 1011000|111110011000|01111101101101|110 0xB1F30FB6E
05 1011000|000001100011|01111111101101|000 0xB00C6FF68
06 1011001|000001101111|01110010011010|000 0xB20DEE4D0
07 1011011|000011010000|01101011010100|000 0xB61A0D6A0
08 1011011|000011010011|01101011010110|000 0xB61A6D6B0
09 1011001|000110001010|01111000100001|001 0xB2314F109
0a 1011000|000110010101|01111110101000|101 0xB032AFD45
0b 1011000|000110011010|01111110100100|110 0xB0334FD26
0c 1011000|000110101001|10000000100101|101 0xB0353012D
BX = 001 Event : 66
00 1011100|000011100010|00111111011010|010 0xB81C47ED2
01 1100010|111000101111|01111111010001|000 0xC5C5EFE88
02 1100010|111001000000|01111111010100|100 0xC5C80FEA4
03 1011011|111100101011|01101011010011|100 0xB7E56D69C
04 1011010|111100110010|01110000101110|101 0xB5E64E175
05 1011100|111100110101|01101000110010|110 0xB9E6AD196
06 1011001|111111001111|01110101000111|000 0xB3F9EEA38
07 1100010|111111110010|01111101100010|011 0xC5FE4FB13
08 1011000|000001110010|01111101010110|100 0xB00E4FAB4
09 1100101|000010010010|01101001001111|011 0xCA124D27B
0a 1100011|000010100001|01110010000111|101 0xC6142E43D
0b 1100011|000010111010|01110010001010|010 0xC6174E452
0c 1011001|000011101110|01110011011110|110 0xB21DCE6F6
0d 1011001|000101100101|01110111011110|011 0xB22CAEEF3
0e 1011001|000110001000|01110100111001|010 0xB2310E9CA
0f 1011001|000110001101|01110111000110|110 0xB231AEE36
10 1100011|000111011011|01110100101010|011 0xC63B6E953
BX = 010 Event : 67
00 1011000|111100101011|01111001100000|011 0xB1E56F303
01 1011000|111100101101|01111010010000|101 0xB1E5AF485
02 1100010|111101000110|01111001000001|101 0xC5E8CF20D
03 1100011|111101001000|01110010000001|000 0xC7E90E408
04 1100010|111101010010|01111011110101|001 0xC5EA4F7A9
05 1100010|111101111010|01111010010011|101 0xC5EF4F49D
06 1011010|111110111011|01101111011000|110 0xB5F76DEC6
07 1011001|111111001111|01110111001110|000 0xB3F9EEE70
08 1100011|111111110000|01110000010001|011 0xC7FE0E08B
09 1100011|000011000100|01110000010001|001 0xC6188E089
0a 1011010|000011000100|01101111111111|001 0xB4188DFF9
0b 1100010|000100010011|01111111010101|000 0xC4226FEA8
0c 1011011|000110010000|01101011101001|101 0xB6320D74D
0d 1100100|000110110110|01101101110111|011 0xC836CDBBB
0e 1100100|000110111000|01101101110111|011 0xC8370DBBB
0f 1011001|001000110111|01110101010110|110 0xB246EEAB6
BX = 011 Event : 68
00 1100010|111000111011|01111010110000|100 0xC5C76F584
01 1011001|111010001010|01110101001100|001 0xB3D14EA61
02 1011001|111010001111|01110100000010|100 0xB3D1EE814
03 1011001|111100001000|01110010010100|001 0xB3E10E4A1
04 1011000|000011000100|01111011111111|100 0xB0188F7FC
05 1011010|000101101100|01101110000110|001 0xB42D8DC31
BX = 100 Event : 69
00 1100101|111000101111|01101010000000|100 0xCBC5ED404
01 1100010|111011011110|01110110001110|111 0xC5DBCEC77
02 1011011|111100001000|01101100100011|110 0xB7E10D91E
03 1011010|111110101010|01101110001110|011 0xB5F54DC73
04 1100100|000010100100|01101110000111|111 0xC8148DC3F
05 1011010|000101100111|01110000000100|110 0xB42CEE026
BX = 101 Event : 70
00 1011001|110111011010|01110110110111|000 0xB3BB4EDB8
01 1011001|110111111000|01110011001110|011 0xB3BF0E673
02 1100010|111010111000|01111010111011|011 0xC5D70F5DB
03 1100010|111010111000|01111011000001|001 0xC5D70F609
04 1100010|111010111011|01111100100011|110 0xC5D76F91E
05 1011000|111100011001|01111101000000|010 0xB1E32FA02
06 1100010|111101000011|01111100000000|000 0xC5E86F800
07 1100010|111101000011|01111100101111|111 0xC5E86F97F
08 1100010|111101010000|01111011101110|111 0xC5EA0F777
09 1100010|111101011111|10000000001001|101 0xC5EBF004D
0a 1011001|111111001101|01110011001110|011 0xB3F9AE673
0b 1100010|000000011101|01111011010101|011 0xC403AF6AB
0c 1100100|000000100010|01101111001010|010 0xC8044DE52
0d 1100100|000000100010|01101111010111|101 0xC8044DEBD
BX = 110 Event : 71
00 1011100|110111011101|01101001000101|100 0xB9BBAD22C
01 1100010|111001000011|01111101010101|000 0xC5C86FAA8
02 1100010|111011101000|01111001111011|000 0xC5DD0F3D8
03 1011000|000110101001|01111100010010|010 0xB0352F892
04 1100011|000110110110|01110100101101|001 0xC636CE969
05 1011000|000111110110|01111011011011|110 0xB03ECF6DE
BX = 111 Event : 72
00 1011010|110111001011|01101101010101|100 0xB5B96DAAC
01 1011011|110111100010|01101011100001|010 0xB7BC4D70A
02 1100011|111001010010|01101111101010|100 0xC7CA4DF54
03 1011000|111001011100|01111100001001|101 0xB1CB8F84D
04 1011001|111010000111|01110111000110|100 0xB3D0EEE34
05 1011000|111010001010|01111110111001|100 0xB1D14FDCC
06 1011010|111010010100|01110001011000|100 0xB5D28E2C4
07 1100010|111010101100|01111000000001|000 0xC5D58F008
08 1100010|000000010000|01110101110001|101 0xC4020EB8D
09 1100011|000100110001|01110100110100|110 0xC6262E9A6
0a 1011000|000110010010|01111100100001|011 0xB0324F90B
BX = 000 Event : 73
00 1011011|110111010101|01101011111101|111 0xB7BAAD7EF
01 1100101|111000001001|01101000010101|111 0xCBC12D0AF
02 1100010|111101011100|01110111010111|011 0xC5EB8EEBB
03 1100100|000000011111|01101111100001|110 0xC803EDF0E
04 1011001|000011111000|01110100101111|011 0xB21F0E97B
05 1011000|000110011111|10000001111110|111 0xB033F03F7
06 1011001|001000110111|01110101010011|011 0xB246EEA9B
BX = 001 Event : 74
00 1011000|110111010000|01111001111111|011 0xB1BA0F3FB
01 1011000|110111110001|01111101011000|100 0xB1BE2FAC4
02 1011000|110111111101|01111101100011|011 0xB1BFAFB1B
03 1100010|111000100010|01111100001011|011 0xC5C44F85B
04 1100101|111101011111|01101000011000|101 0xCBEBED0C5
05 1011100|111110110110|01101001000110|101 0xB9F6CD235
06 1100011|000000010011|01110100010100|011 0xC6026E8A3
07 1011000|000001001010|01111010001101|100 0xB0094F46C
08 1011001|000011001110|01110100110100|110 0xB219CE9A6
09 1011000|000110100110|01111011101011|100 0xB034CF75C
0a 1011001|001000001010|01110110001010|000 0xB2414EC50
0b 1011001|001000010010|01110101110011|110 0xB2424EB9E
0c 1011011|001000011110|01101101000010|000 0xB643CDA10
BX = 010 Event : 75
00 1011011|110111010101|01101010100010|000 0xB7BAAD510
01 1011011|111000000101|01101100000110|011 0xB7C0AD833
02 1100100|111000100101|01101100110011|101 0xC9C4AD99D
03 1011011|111010010001|01101011110011|011 0xB7D22D79B
04 1100010|111010100111|01111111010010|000 0xC5D4EFE90
05 1100011|111011000111|01110011000001|010 0xC7D8EE60A
06 1100010|111011100011|01111011100101|001 0xC5DC6F729
07 1100011|111011101010|01110011001101|101 0xC7DD4E66D
08 1011001|111011110001|01110111010001|100 0xB3DE2EE8C
09 1100010|111101111111|01111111010010|000 0xC5EFEFE90
0a 1011000|111110001110|01111001111010|011 0xB1F1CF3D3
0b 1011001|000001101101|01110001111101|110 0xB20DAE3EE
0c 1100011|000001111001|01110011011010|010 0xC60F2E6D2
0d 1100010|000010101001|01110110111100|011 0xC4152EDE3
0e 1100100|000010111101|01101111010111|010 0xC817ADEBA
0f 1011100|000011111011|01100111111000|001 0xB81F6CFC1
10 1100101|000100111011|01101001011011|011 0xCA276D2DB
11 1100010|000111011001|01110110010110|000 0xC43B2ECB0
12 1100011|000111101111|01110100101101|011 0xC63DEE96B
BX = 011 Event : 76
00 1100010|111001001000|01110110100010|001 0xC5C90ED11
01 1011011|111100010010|01101100100010|101 0xB7E24D915
02 1011010|111100100001|01101110010111|110 0xB5E42DCBE
03 1011100|111100101000|01100111110110|001 0xB9E50CFB1
04 1011010|111100101101|01101110101000|010 0xB5E5ADD42
05 1011010|000000111101|01110000010110|011 0xB407AE0B3
06 1011000|000011111000|01111101110111|010 0xB01F0FBBA
07 1011000|000011111011|01111010001010|011 0xB01F6F453
08 1011000|000100001010|01111110000111|010 0xB0214FC3A
09 1011010|000110010111|01101110111011|000 0xB432EDDD8
0a 1100011|000110111101|01110000100100|011 0xC637AE123
BX = 100 Event : 77
00 1011001|000011011111|01110010100101|110 0xB21BEE52E
BX = 101 Event : 78
00 1011000|110111000001|01111010100010|101 0xB1B82F515
01 1011000|110111101100|01111011110010|011 0xB1BD8F793
02 1011010|111001110110|01101110111110|010 0xB5CECDDF2
03 1011001|000011111101|01110101100011|100 0xB21FAEB1C
04 1100100|000100010110|01101100110100|010 0xC822CD9A2
BX = 110 Event : 79
00 1100010|111000100000|01111100011111|011 0xC5C40F8FB
01 1100010|111101110011|01111001111011|010 0xC5EE6F3DA
02 1100101|111110000100|01101000111100|011 0xCBF08D1E3
03 1011000|000101100000|01111011100101|011 0xB02C0F72B
BX = 111 Event : 80
00 1100101|111000110100|01101000010100|000 0xCBC68D0A0
01 1011010|111100100110|01101101100001|011 0xB5E4CDB0B
02 1100101|111110000111|01101010100110|111 0xCBF0ED537
03 1011011|111110001110|01101011000100|110 0xB7F1CD626
04 1011100|000001000010|01101001011101|110 0xB8084D2EE
BX = 000 Event : 81
00 1100010|111000110110|01111110110010|011 0xC5C6CFD93
01 1100010|111111110000|01110111110001|101 0xC5FE0EF8D
02 1011000|000001000010|01111101101000|001 0xB0084FB41
03 1100010|000010111111|01111100010011|101 0xC417EF89D
04 1011000|000011000001|01111100011110|100 0xB0182F8F4
05 1011000|000011111011|01111011001001|010 0xB01F6F64A
06 1100011|000110101110|01110001111101|100 0xC635CE3EC
BX = 001 Event : 82
00 1011000|110111101110|01111010000101|010 0xB1BDCF42A
01 1011000|110111110001|01111010001101|110 0xB1BE2F46E
02 1100100|111000101010|01101100101011|111 0xC9C54D95F
03 1011010|111001111011|01110000111011|011 0xB5CF6E1DB
04 1100010|111011101101|01111111100110|101 0xC5DDAFF35
05 1100101|111101111000|01101000111000|101 0xCBEF0D1C5
06 1100011|000111111001|01110011100010|011 0xC63F2E713
07 1011001|000111111001|01110010110111|011 0xB23F2E5BB
BX = 010 Event : 83
00 1011001|111100101101|01111000000000|100 0xB3E5AF004
01 1100010|000000010011|01110111011110|000 0xC4026EEF0
02 1011010|000001010100|01101110001110|000 0xB40A8DC70
03 1100010|000101010111|01111010101000|011 0xC42AEF543
04 1100011|000101011100|01110011001101|000 0xC62B8E668
05 1011001|000101011011|01110011000100|000 0xB22B6E620
06 1100011|000110111101|01110000000001|000 0xC637AE008
BX = 011 Event : 84
00 1011001|110111011101|01110111011000|111 0xB3BBAEEC7
01 1100011|111011000101|01110000011100|110 0xC7D8AE0E6
02 1100010|111011101000|01111010100101|100 0xC5DD0F52C
03 1011010|111100001101|01110001011001|010 0xB5E1AE2CA
04 1011010|111100100110|01110000101100|100 0xB5E4CE164
05 1100100|111101011100|01101101010001|000 0xC9EB8DA88
06 1011001|111110111001|01110111101011|001 0xB3F72EF59
07 1100010|000000000110|01111110110111|011 0xC400CFDBB
08 1011001|000001101101|01110101000110|001 0xB20DAEA31
09 1011000|000011101100|01111011111000|010 0xB01D8F7C2
0a 1011001|000110000101|01110110001011|101 0xB230AEC5D
0b 1011001|001000010100|01110110010000|110 0xB2428EC86
0c 1011010|001000110111|01101110000111|001 0xB446EDC39
0d 1011011|001000111010|01101010111010|000 0xB6474D5D0
BX = 100 Event : 85
00 1011100|000011001011|00111111100001|001 0xB81967F09
01 1011100|000110000101|00111111100001|011 0xB830A7F0B
02 1100100|111001001111|01101110101001|100 0xC9C9EDD4C
03 1100101|111010110001|01101010111110|011 0xCBD62D5F3
04 1100011|111011011110|01110100001010|010 0xC7DBCE852
05 1011001|111100101101|01110110111110|110 0xB3E5AEDF6
06 1011100|111110011011|01101001010111|111 0xB9F36D2BF
07 1011011|000000111000|01101010111111|101 0xB6070D5FD
08 1011100|000001010001|01101001001111|110 0xB80A2D27E
09 1011100|000001011011|01101001000011|010 0xB80B6D21A
0a 1011100|000001101010|01101001001101|111 0xB80D4D26F
0b 1011001|000001101111|01110101000011|111 0xB20DEEA1F
0c 1100010|000010011010|01111100110010|110 0xC4134F996
0d 1011001|000011101100|01111000000101|011 0xB21D8F02B
0e 1011001|000100001100|01110101011001|010 0xB2218EACA
0f 1100011|000100010011|01110000011101|001 0xC6226E0E9
10 1100010|000111010001|01110110101110|010 0xC43A2ED72
11 1011001|001000010100|01110011111011|001 0xB2428E7D9
BX = 101 Event : 86
00 1011000|111001101110|01111100100100|111 0xB1CDCF927
01 1011001|111001110011|01110111110011|110 0xB3CE6EF9E
02 1100010|000000001110|01111010110001|010 0xC401CF58A
03 1100010|000111011110|01110111001110|011 0xC43BCEE73
04 1100010|000111110100|01111000111011|110 0xC43E8F1DE
05 1100010|000111111100|01110101010101|001 0xC43F8EAA9
06 1011010|001000111010|01110000000101|101 0xB4474E02D
BX = 110 Event : 87
00 1100010|111110000100|01111000001011|100 0xC5F08F05C
01 1011000|000011001001|01111110001100|100 0xB0192FC64
02 1100010|000100011101|01110110011110|011 0xC423AECF3
03 1100010|000100100000|01111111000001|010 0xC4240FE0A
04 1011100|000110011100|01100111110100|110 0xB8338CFA6
05 1100010|000110110001|01111011001110|101 0xC4362F675
BX = 111 Event : 88
00 1011000|001000101101|10000000101110|110 0xB045B0176
BX = 000 Event : 89
00 1100010|111001010010|01111000000100|001 0xC5CA4F021
01 1011011|111010000010|01101001110010|011 0xB7D04D393
02 1100100|111101011100|01101101010001|000 0xC9EB8DA88
03 1100010|000010100110|01111010001110|101 0xC414CF475
04 1011001|001000111111|01110101011110|111 0xB247EEAF7
BX = 001 Event : 90
00 1100011|111000111001|01110010000100|011 0xC7C72E423
01 1100011|000000001110|01110000101001|100 0xC601CE14C
02 1100010|000001111110|01111110001111|101 0xC40FCFC7D
03 1100010|000110111101|01110111111011|011 0xC437AEFDB
04 1100010|000111101000|01111011000000|110 0xC43D0F606
05 1100010|000111101000|01111011010011|000 0xC43D0F698
06 1011000|001000011100|01111111001101|110 0xB0438FE6E
BX = 010 Event : 91
00 1100011|111011010110|01110001001100|111 0xC7DACE267
01 1011010|111111001101|01110000100111|110 0xB5F9AE13E
02 1100101|000000100111|01101010001110|101 0xCA04ED475
03 1011011|000000100111|01101010011111|101 0xB604ED4FD
BX = 011 Event : 92
00 1100101|000000001001|00111111010110|010 0xCA0127EB2
01 1011011|000000110110|01101100001101|101 0xB606CD86D
02 1100011|000001111001|01110000001010|001 0xC60F2E051
03 1100011|000010010111|01110000101001|110 0xC612EE14E
04 1011000|001000101101|10000000101110|110 0xB045B0176
BX = 100 Event : 93
00 1100011|111010101001|01110000101001|001 0xC7D52E149
01 1100010|111011000000|01111001000001|110 0xC5D80F20E
02 1011001|000001000101|01110011001100|100 0xB208AE664
03 1011000|000001110100|10000000001111|110 0xB00E9007E
04 1011010|000110010101|01110000001111|000 0xB432AE078
05 1100011|000110111011|01110011001010|001 0xC6376E651
06 1011100|001000011001|01101000111011|011 0xB8432D1DB
BX = 101 Event : 94
00 1100011|111000111001|01110010000100|011 0xC7C72E423
01 1100010|000001111110|01111110001111|101 0xC40FCFC7D
02 1100010|000101000011|01110111011100|111 0xC4286EEE7
03 1100010|000110111101|01110111111011|011 0xC437AEFDB
04 1100010|000111101000|01111011000001|111 0xC43D0F60F
05 1100010|000111101000|01111011010011|000 0xC43D0F698
06 1011000|001000011100|01111111001101|110 0xB0438FE6E
BX = 110 Event : 95
00 1011001|110111000001|01110011101101|111 0xB3B82E76F
01 1011011|111100010010|01101100100010|101 0xB7E24D915
02 1011000|000011111000|01111101110111|010 0xB01F0FBBA
03 1011000|000011111011|01111010001010|011 0xB01F6F453
04 1011000|000100001010|01111110000111|010 0xB0214FC3A
05 1100011|000100010110|01110011111001|100 0xC622CE7CC
06 1100101|000100101010|01101010001110|001 0xCA254D471
07 1100011|000100111001|01110011001101|101 0xC6272E66D
08 1011010|000101101010|01101110000111|101 0xB42D4DC3D
BX = 111 Event : 96
00 1011001|111000000000|01110110111111|100 0xB3C00EDFC
01 1100010|111101110011|01110110000001|000 0xC5EE6EC08
02 1100101|111101111000|01101000111000|101 0xCBEF0D1C5
03 1011001|111110111001|01110001111010|110 0xB3F72E3D6
04 1100010|000111110111|01111010111110|101 0xC43EEF5F5
05 1011000|001001000001|01111010101001|110 0xB0482F54E
BX = 000 Event : 97
00 1011000|110111000001|01111010100010|101 0xB1B82F515
01 1011000|110111101100|01111011110010|011 0xB1BD8F793
02 1011010|111001110110|01101110111110|010 0xB5CECDDF2
03 1011010|000000110011|01110000010110|111 0xB4066E0B7
04 1011001|000011111101|01110101100011|100 0xB21FAEB1C
05 1100100|000100010110|01101100110100|010 0xC822CD9A2
BX = 001 Event : 98
00 1100010|111010101100|01111001100100|001 0xC5D58F321
01 1100011|111011000101|01101111110101|001 0xC7D8ADFA9
02 1100011|111011000101|01110000001101|001 0xC7D8AE069
03 1100011|111011000101|01110000011100|110 0xC7D8AE0E6
04 1100010|111011100101|01111011010101|001 0xC5DCAF6A9
05 1011001|111100110101|01110111001011|100 0xB3E6AEE5C
06 1011000|111110100101|01111110111011|110 0xB1F4AFDDE
07 1100011|111111110000|01110010001100|111 0xC7FE0E467
08 1011000|001000001000|01111001001100|000 0xB0410F260
BX = 010 Event : 99
00 1100010|111000111011|01111010101001|010 0xC5C76F54A
01 1011011|000011101110|01101100110011|111 0xB61DCD99F
02 1100011|000100101100|01110001111001|000 0xC6258E3C8
03 1100011|000111101101|01110011010101|100 0xC63DAE6AC
04 1011001|001000110101|01111000111001|010 0xB246AF1CA
BX = 011 Event : 100
00 1011001|110111011010|01110101001100|001 0xB3BB4EA61
01 1011000|110111101100|01111001010011|100 0xB1BD8F29C
02 1100010|111000100111|01111001000100|101 0xC5C4EF225
03 1100010|111000110001|01111110011111|110 0xC5C62FCFE
04 1100010|111001001111|01111101111111|010 0xC5C9EFBFA
05 1100010|111011011110|01111000011011|001 0xC5DBCF0D9
06 1100010|111011100000|01111000001110|101 0xC5DC0F075
07 1011000|111110110001|01111010010000|110 0xB1F62F486
08 1011000|000001001100|10000001011100|110 0xB009902E6
09 1100101|000100110110|01101011000100|101 0xCA26CD625
0a 1100010|000101011001|01111011100101|010 0xC42B2F72A
0b 1011000|001000000011|01111101001001|000 0xB0406FA48
0c 1011100|001000101000|01101001011101|010 0xB8450D2EA
