BX = 000 Event : 1
00 0011110|00000011|01000110111110000|1101 0x3C068DF0D
01 0011101|00000011|01010100011100111|0001 0x3A06A8E71
02 0011101|00001000|01001101010000010|1110 0x3A109A82E
03 0011101|00001000|01010000100100011|0000 0x3A10A1230
04 0011101|00001000|01010011110100100|1100 0x3A10A7A4C
05 0011101|01010111|01001111001110111|1011 0x3AAE9E77B
06 0011101|01010111|01010001010011011|1010 0x3AAEA29BA
07 0011101|00011000|01110101010000000|1110 0x3A30EA80E
08 0011101|00011000|01110101011001010|0100 0x3A30EACA4
09 0011101|00011000|01110101011101010|0001 0x3A30EAEA1
0a 0011101|00011000|01110101110001001|1010 0x3A30EB89A
0b 0011101|00011000|01110110010100010|0001 0x3A30ECA21
0c 0011101|00011000|01110110011001100|1010 0x3A30ECCCA
0d 0011101|00011000|01110110100001100|0011 0x3A30ED0C3
0e 0011101|00011000|01110111001111010|1100 0x3A30EE7AC
0f 0011110|00101101|01110000111101101|1001 0x3C5AE1ED9
10 0011101|01000010|01111010010111011|1010 0x3A84F4BBA
BX = 001 Event : 2
00 1100011|00001101|01000001011000000|1010 0xC61A82C0A
01 0011110|01001000|01010100100110111|1011 0x3C90A937B
02 0011001|01001100|01010110000101011|0101 0x3298AC2B5
03 0011001|01010010|01001101110101001|1010 0x32A49BA9A
04 0011001|01010010|01001101010110101|0110 0x32A49AB56
05 0011111|01010111|01011001010111100|1100 0x3EAEB2BCC
06 0011001|01111011|01010010101000001|1011 0x32F6A541B
07 0011111|00011110|01101110110101010|1001 0x3E3CDDAA9
08 0011101|00011110|01111000000011101|1000 0x3A3CF01D8
09 0011101|00011110|01111001000100100|1000 0x3A3CF2248
0a 0011000|00100011|01111001111010011|1100 0x3046F3D3C
0b 0011000|00101000|01111010000011110|1101 0x3050F41ED
0c 0011101|00101101|01111010110010101|1000 0x3A5AF5958
0d 0011101|00110011|01111010110100101|0010 0x3A66F5A52
0e 0011001|00111000|01111011001000001|1100 0x3270F641C
0f 0011001|00111101|10000000110100110|0101 0x327B01A65
10 0011101|01000010|01111011100111101|1000 0x3A84F73D8
11 0011101|01000010|01111100000000001|1010 0x3A84F801A
12 0011110|01000010|01111110110101000|0000 0x3C84FDA80
13 0011110|01000010|01111111000000011|0010 0x3C84FE032
14 0011001|01001100|10000000000101000|0110 0x329900286
15 0011001|01001100|01111111100001001|0100 0x3298FF094
16 0011001|01001100|01111111011110100|0010 0x3298FEF42
17 0011001|01001100|01111110100111011|0101 0x3298FD3B5
BX = 010 Event : 3
00 1101000|01001000|01000001110100111|0001 0xD09083A71
01 1101000|01001000|01000001111001000|1001 0xD09083C89
02 1100011|01001100|01000010000111111|1101 0xC698843FD
03 1100100|01100110|01000011011001010|0010 0xC8CC86CA2
04 0011001|00100011|01010100000100100|0011 0x3246A8243
05 0011101|01001000|01111110010010000|1100 0x3A90FC90C
06 0011101|01110001|01111010000110001|1100 0x3AE2F431C
07 0011001|01110101|01111010001111101|1100 0x32EAF47DC
BX = 011 Event : 4
00 0011101|01010111|01001100011001111|1101 0x3AAE98CFD
01 0011110|01110001|01000111011110100|0011 0x3CE28EF43
02 0011001|01111011|01010100111001101|0001 0x32F6A9CD1
03 0011001|01111011|01010100110101000|1001 0x32F6A9A89
04 0011001|00100011|01110011101011110|1011 0x3246E75EB
05 0011110|01001000|01110011010100000|1001 0x3C90E6A09
06 0011001|01100001|01110011010101110|1010 0x32C2E6AEA
07 0011110|01110001|01110000101101110|1100 0x3CE2E16EC
BX = 100 Event : 5
00 1101000|00011000|00111111011001011|0110 0xD0307ECB6
01 1100100|00101000|01000101000000011|1011 0xC8508A03B
02 1101000|01010111|01000001100111010|1110 0xD0AE833AE
03 0011101|00011110|01001100100010100|1110 0x3A3C9914E
04 0011010|00101000|01000100101111011|0010 0x3450897B2
05 0011101|01000010|01001101000001000|1000 0x3A849A088
06 0011101|01000010|01001101000111000|1101 0x3A849A38D
07 0011101|01000010|01001111100101011|0101 0x3A849F2B5
08 0011101|01001000|01001011000111000|1001 0x3A9096389
09 0011101|01001000|01001011111011011|1011 0x3A9097DBB
0a 0011101|01001000|01001111011000001|0011 0x3A909EC13
0b 0011101|01011101|01010010010100011|1100 0x3ABAA4A3C
0c 0011101|01011101|01010011001010001|1101 0x3ABAA651D
0d 0011001|01100001|01010010011110001|1010 0x32C2A4F1A
0e 0011000|01100001|01010000001101011|1001 0x30C2A06B9
0f 0011000|01100001|01001110101110010|1001 0x30C29D729
10 0011010|01111011|01011001100101110|0011 0x34F6B32E3
11 0011001|01111011|01010010100100001|1100 0x32F6A521C
12 0011001|00101000|01111011001100001|1101 0x3250F661D
13 0011001|00101000|01110110001011111|1001 0x3250EC5F9
14 0011001|00111000|01111101000011000|0100 0x3270FA184
BX = 101 Event : 6
00 1101000|00000011|01000000000000111|0110 0xD00680076
01 1101000|00011110|00111111110011010|0100 0xD03C7F9A4
02 0011110|00001000|01011000101101001|0000 0x3C10B1690
03 0011010|00001101|01011001000011010|1101 0x341AB21AD
04 0011001|00101000|01110110101100011|0100 0x3250ED634
BX = 110 Event : 7
00 0011101|00000011|01010001101011010|0001 0x3A06A35A1
01 0011110|01001000|01001000110000101|1001 0x3C9091859
02 0011010|01001100|01011001001111001|0101 0x3498B2795
03 0011001|01001100|01001000111000010|1100 0x329891C2C
04 0011010|01010010|01011000111000101|0100 0x34A4B1C54
05 0011001|01010010|01001001011001100|1100 0x32A492CCC
06 0011101|01010111|01001010000100110|1001 0x3AAE94269
07 0011110|01010111|01011000110111000|1000 0x3CAEB1B88
08 0011101|01011101|01001010101011010|1000 0x3ABA955A8
09 0011001|01100001|01010111011010011|0011 0x32C2AED33
0a 0011001|01100110|01001011010100011|1100 0x32CC96A3C
0b 0011110|01101100|01010111000010100|0001 0x3CD8AE141
0c 0011101|01110001|01001100010111010|1011 0x3AE298BAB
0d 0011101|01110001|01001110011100100|0111 0x3AE29CE47
0e 0011110|00000011|01111111001010111|1010 0x3C06FE57A
0f 0011010|01100001|01110000011101111|0001 0x34C2E0EF1
BX = 111 Event : 8
00 1101000|01001000|01000000001011001|1000 0xD09080598
01 0011001|01001100|01010110111000100|1000 0x3298ADC48
02 0011110|01011101|01000111001001010|1110 0x3CBA8E4AE
03 0011001|01100001|01010101011100111|1011 0x32C2AAE7B
04 0011101|01110001|01001010100001111|1110 0x3AE2950FE
05 0011001|00111000|01110000110000100|0100 0x3270E1844
BX = 000 Event : 9
00 1101000|00011110|01000011011111010|0101 0xD03C86FA5
01 0011101|00011000|01001010101011111|1010 0x3A30955FA
02 0011101|01001000|01111010000110001|0101 0x3A90F4315
BX = 001 Event : 10
00 0011010|00100011|01000101010000101|1010 0x34468A85A
01 0011010|00101000|01000110000111000|1011 0x34508C38B
02 0011010|00101000|01000101011010100|0110 0x34508AD46
03 0011010|00101000|01000101001011111|1100 0x34508A5FC
04 0011101|00110011|01001100011101111|1011 0x3A6698EFB
05 0011001|00101000|10000001001001011|0111 0x3251024B7
06 0011010|00101000|01110000100101111|0001 0x3450E12F1
BX = 010 Event : 11
00 0011001|00100011|01010001110110011|0110 0x3246A3B36
01 0011001|00101000|01111101110100010|0011 0x3250FBA23
02 0011001|00101000|01111100101101110|1001 0x3250F96E9
BX = 011 Event : 12
00 0011001|00100011|01010110010111111|1001 0x3246ACBF9
01 0011001|00100011|01001010010111111|1110 0x324694BFE
02 0011110|00101101|01010111000011111|0000 0x3C5AAE1F0
03 0011110|00101101|01010111101010010|1001 0x3C5AAF529
04 0011101|00110011|01010011010101011|0101 0x3A66A6AB5
05 0011101|00110011|01010011100000000|1000 0x3A66A7008
06 0011101|00110011|01010100000110011|1001 0x3A66A8339
07 0011010|00111101|01011000110001111|0110 0x347AB18F6
08 0011001|00111101|01010001100111000|0101 0x327AA3385
09 0011000|00111101|01001110110111000|0100 0x307A9DB84
0a 0011000|00111101|01001110101000011|0001 0x307A9D431
0b 0011101|01000010|01010010100001101|0100 0x3A84A50D4
0c 0011001|01001100|01001101110001001|0000 0x32989B890
0d 0011110|01110001|01001000010101100|0111 0x3CE290AC7
0e 0011110|01110001|01001000011100001|0010 0x3CE290E12
0f 0011101|00000011|01111001000010101|1000 0x3A06F2158
10 0011101|00000011|01111010100000110|1000 0x3A06F5068
11 0011101|00001000|01110111100011001|1001 0x3A10EF199
12 0011101|00001000|01111000011010110|0000 0x3A10F0D60
13 0011001|00001101|01110111000011000|0011 0x321AEE183
14 0011001|00010011|01110110011001110|0110 0x3226ECCE6
15 0011001|00010011|01110110010111001|0100 0x3226ECB94
16 0011110|00011110|01110000110100011|0110 0x3C3CE1A36
17 0011001|01001100|01110100011100111|0011 0x3298E8E73
18 0011110|01110001|01110000011101111|0000 0x3CE2E0EF0
BX = 100 Event : 13
00 1100100|01110101|01000010111111010|1101 0xC8EA85FAD
01 0011101|00000011|01010010010011000|0000 0x3A06A4980
02 0011101|00001000|01010001101011010|0000 0x3A10A35A0
03 0011001|00001101|01010000111010100|1001 0x321AA1D49
04 0011001|00001101|01010000110101010|1000 0x321AA1AA8
05 0011000|00010011|01010000000110101|1000 0x3026A0358
06 0011000|00010011|01001111100010110|1000 0x30269F168
07 0011101|00011000|01001110001111010|0000 0x3A309C7A0
08 0011101|00101101|01111100010010110|1101 0x3A5AF896D
09 0011110|00110011|10000000100111101|0101 0x3C67013D5
0a 0011000|01001100|01110111111101100|1100 0x3098EFECC
0b 0011001|01001100|01110110000000100|0010 0x3298EC042
0c 0011001|01001100|01110101110101010|0101 0x3298EBAA5
0d 0011001|01100110|01110101000000110|1010 0x32CCEA06A
0e 0011001|01110101|01111011011000110|0100 0x32EAF6C64
BX = 101 Event : 14
00 0011001|00101000|01010011100101111|1011 0x3250A72FB
01 0011101|00110011|01010011011000101|1101 0x3A66A6C5D
02 0011101|01000010|01010010101111100|1100 0x3A84A57CC
03 0011101|01001000|01010011100001010|1001 0x3A90A70A9
04 0011001|01001100|01010001001011110|0011 0x3298A25E3
05 0011000|01010010|01001111110101011|0001 0x30A49FAB1
06 0011101|01011101|01001111001001100|0000 0x3ABA9E4C0
07 0011000|01100001|01001110111010010|0000 0x30C29DD20
08 0011001|01100001|01001100110000110|0011 0x32C299863
09 0011000|01100110|01001110001111110|0011 0x30CC9C7E3
0a 0011001|01100110|01001101100101111|1000 0x32CC9B2F8
0b 0011001|01100110|01001101011100101|0001 0x32CC9AE51
0c 0011001|01100110|01001100111111011|0010 0x32CC99FB2
0d 0011010|01100110|01000110001101101|1010 0x34CC8C6DA
0e 0011010|01100110|01000101010101010|1001 0x34CC8AAA9
0f 0011010|01100110|01000100110000110|0000 0x34CC89860
10 0011001|01110101|01010100100101110|0010 0x32EAA92E2
11 0011001|01111011|01010101000100111|0100 0x32F6AA274
BX = 110 Event : 15
00 0011001|00010011|01111111000000000|1000 0x3226FE008
01 0011110|00011110|10000000001111111|0101 0x3C3D007F5
02 0011001|00100011|01111110111000000|1000 0x3246FDC08
03 0011001|00100011|01111110110001011|0001 0x3246FD8B1
04 0011001|00100011|01111110100110110|0000 0x3246FD360
05 0011001|00100011|01111101111110111|0010 0x3246FBF72
06 0011001|00100011|01111101110100010|1101 0x3246FBA2D
07 0011001|00100011|01111101001011000|0001 0x3246FA581
08 0011000|01001100|01111000000110110|0100 0x3098F0364
09 0011001|01110101|01110111110100001|0110 0x32EAEFA16
BX = 111 Event : 16
00 1101000|00011110|01000000100111001|0001 0xD03C81391
01 1101000|00011110|01000000110010000|0001 0xD03C81901
02 1100100|01111011|01000010110111000|0100 0xC8F685B84
03 0011111|00001000|01011001010110001|1101 0x3E10B2B1D
BX = 000 Event : 17
00 0011001|01100001|01001000000000100|0001 0x32C290041
01 0011001|01100001|01000110111001011|1101 0x32C28DCBD
02 0011001|01110101|01001011010001000|0101 0x32EA96885
03 0011101|00101101|01111101101010111|0000 0x3A5AFB570
04 0011101|00101101|01111110000101011|0100 0x3A5AFC2B4
05 0011110|00101101|01111110011011111|1000 0x3C5AFCDF8
06 0011001|00111000|01111101011011000|0001 0x3270FAD81
07 0011001|00111101|01111101010100011|1001 0x327AFAA39
08 0011101|01000010|01111101011101101|1010 0x3A84FAEDA
BX = 001 Event : 18
00 1100100|00101000|01000011011001111|0100 0xC85086CF4
01 0011001|00100011|01001001000010010|1001 0x324692129
02 0011001|00100011|01001000111101101|1101 0x324691EDD
03 0011001|00101000|01010001111001000|1010 0x3250A3C8A
04 0011111|00101101|01000101001100001|0100 0x3E5A8A614
05 0011101|00101101|01010100010010010|1010 0x3A5AA892A
06 0011111|00101101|01011001011110110|0010 0x3E5AB2F62
07 0011110|00110011|01010100100010111|1010 0x3C66A917A
08 0011000|01001100|01001110001100011|0101 0x30989C635
09 0011001|01100110|01001101101000100|0101 0x32CC9B445
0a 0011110|01110001|01111110011101010|1100 0x3CE2FCEAC
BX = 010 Event : 19
00 0011001|01010010|01001001110000110|1000 0x32A493868
01 0011001|01010010|01000111110011010|1010 0x32A48F9AA
02 0011001|01100110|01001000010000011|1011 0x32CC9083B
03 0011001|01110101|01001000100101000|1011 0x32EA9128B
BX = 011 Event : 20
00 0011101|00011110|01010100010001000|0001 0x3A3CA8881
01 0011110|00011110|01011000011001111|0000 0x3C3CB0CF0
02 0011010|00100011|01011000100111011|1001 0x3446B13B9
03 0011010|00100011|01010111100010010|0110 0x3446AF126
04 0011001|00100011|01010111011010011|0000 0x3246AED30
05 0011001|00100011|01010111000110011|0001 0x3246AE331
06 0011001|00100011|01010110111011001|0010 0x3246ADD92
07 0011001|00100011|01010101100011100|0000 0x3246AB1C0
08 0011001|00100011|01010101000111101|1011 0x3246AA3DB
09 0011001|00100011|01010101000011101|1110 0x3246AA1DE
0a 0011010|00101000|01011001001111001|1010 0x3450B279A
0b 0011010|00101000|01011000111001111|1011 0x3450B1CFB
0c 0011001|00101000|01010111010010011|1001 0x3250AE939
0d 0011001|00101000|01010101101111011|0101 0x3250AB7B5
0e 0011001|00101000|01010101010110111|1000 0x3250AAB78
0f 0011001|00101000|01010101001111100|1000 0x3250AA7C8
10 0011001|00101000|01010101001011101|1011 0x3250AA5DB
11 0011001|01100001|01110101010100101|1010 0x32C2EAA5A
12 0011110|01110001|01110001111010000|0110 0x3CE2E3D06
13 0011110|01110001|01110010011011110|1110 0x3CE2E4DEE
14 0011110|01110001|01110010101001000|0100 0x3CE2E5484
15 0011110|01110001|01110010101101000|0001 0x3CE2E5681
16 0011110|01110001|01110011000000111|1010 0x3CE2E607A
17 0011110|01110001|01110011000011100|1100 0x3CE2E61CC
18 0011110|01110001|01110011011011011|1110 0x3CE2E6DBE
19 0011110|01110001|01110011100110101|0011 0x3CE2E7353
1a 0011101|01110001|01110101101111110|1001 0x3AE2EB7E9
1b 0011101|01110001|01110101111111000|0000 0x3AE2EBF80
1c 0011101|01110001|01110110001110010|0101 0x3AE2EC725
1d 0011101|01110001|01110110100010110|1001 0x3AE2ED169
1e 0011101|01110001|01110110111110101|0100 0x3AE2EDF54
1f 0011001|01110101|01110111110000111|0001 0x32EAEF871
20 0011001|01110101|01110110101000011|0011 0x32EAED433
21 0011001|01110101|01110110100001110|0000 0x32EAED0E0
22 0011001|01110101|01110110010101110|0100 0x32EAECAE4
23 0011001|01110101|01110110000100100|0010 0x32EAEC242
24 0011001|01110101|01110011011001001|1001 0x32EAE6C99
25 0011001|01110101|01110011010101001|1100 0x32EAE6A9C
26 0011001|01110101|01110010111101010|1001 0x32EAE5EA9
27 0011001|01110101|01110010011010110|0000 0x32EAE4D60
BX = 100 Event : 21
00 0011010|00001101|01000110010111101|0001 0x341A8CBD1
01 0011101|01011101|01010100010001000|0011 0x3ABAA8883
02 0011110|01101100|01000110001101110|1100 0x3CD88C6EC
03 0011001|01111011|01010011001100000|0001 0x32F6A6601
04 0011001|00001101|01110011111001000|1000 0x321AE7C88
05 0011001|00101000|01110001101010111|0010 0x3250E3572
06 0011001|00101000|01110001011001101|0001 0x3250E2CD1
07 0011010|01001100|01110000100011001|0001 0x3498E1191
08 0011001|01110101|01110101011000000|1001 0x32EAEAC09
09 0011001|01111011|01110101110101111|0001 0x32F6EBAF1
BX = 101 Event : 22
00 1100100|00111000|01000011101001101|1100 0xC870874DC
01 1100100|01010010|01000011011011111|1000 0xC8A486DF8
02 1101000|01101100|01000010000011001|1001 0xD0D884199
03 0011101|00110011|01001010010100101|0001 0x3A6694A51
04 0011001|00111000|01001010010010101|0000 0x327094950
05 0011101|00001000|01111110000110101|0011 0x3A10FC353
06 0011101|00001000|01111110001110101|1010 0x3A10FC75A
07 0011110|00001000|01111110010101111|0110 0x3C10FCAF6
08 0011110|00001000|01111110011011010|0010 0x3C10FCDA2
09 0011110|00001000|01111111001010111|0100 0x3C10FE574
0a 0011001|01110101|01111101000110011|1100 0x32EAFA33C
BX = 110 Event : 23
00 0011001|01001100|01010110101010100|0110 0x3298AD546
01 0011000|01001100|01111010000111000|1110 0x3098F438E
02 0011001|01100110|01111100001010101|1101 0x32CCF855D
BX = 111 Event : 24
00 0011110|01011101|01010110110111111|1011 0x3CBAADBFB
01 0011001|01110101|01001000001011110|1100 0x32EA905EC
02 0011001|01110101|01000111101101010|0100 0x32EA8F6A4
03 0011001|00010011|01110011101111110|0101 0x3226E77E5
04 0011101|00011000|01110100011100010|0101 0x3A30E8E25
05 0011101|00011110|01110101001010101|0101 0x3A3CEA555
06 0011000|00101000|01111000110001010|0110 0x3050F18A6
07 0011000|00111000|01111001010110100|0101 0x3070F2B45
08 0011000|00111101|01111001110101001|0101 0x307AF3A95
09 0011000|00111101|01111001101011110|1001 0x307AF35E9
0a 0011001|01001100|10000000100100111|0110 0x329901276
0b 0011000|01001100|01111001011101001|0101 0x3098F2E95
0c 0011101|01010111|01111000101100000|0100 0x3AAEF1604
0d 0011000|01100001|01111000100010101|0101 0x30C2F1155
0e 0011101|01101100|01110111001111010|0100 0x3AD8EE7A4
0f 0011001|01110101|01110101110001111|0100 0x32EAEB8F4
BX = 000 Event : 25
00 0011000|00101000|01111000111101010|1100 0x3050F1EAC
01 0011110|01101100|01110000011110100|1101 0x3CD8E0F4D
BX = 001 Event : 26
00 1101001|01010111|01000100110101001|0101 0xD2AE89A95
01 0011101|00000011|01001111010110110|0010 0x3A069EB62
02 0011101|00000011|01010000100101000|0010 0x3A06A1282
03 0011101|00001000|01001111111100101|0000 0x3A109FE50
04 0011110|01011101|01000110110100110|0101 0x3CBA8DA65
BX = 010 Event : 27
00 0011110|00000011|01010111111111011|0101 0x3C06AFFB5
01 0011001|00010011|01010100100101110|0110 0x3226A92E6
02 0011001|00010011|01010100100001110|0011 0x3226A90E3
03 0011101|00011000|01001110110001101|0000 0x3A309D8D0
04 0011110|00011110|01010111010111110|1100 0x3C3CAEBEC
05 0011001|00100011|01001001111000101|1100 0x324693C5C
06 0011001|00100011|01000111111100100|0110 0x32468FE46
07 0011001|00100011|01000111111001001|0100 0x32468FC94
08 0011001|00101000|01001000010101110|0001 0x325090AE1
09 0011001|01111011|01010100101010011|1101 0x32F6A953D
0a 0011110|00011110|01110010010000100|1011 0x3C3CE484B
0b 0011001|00111000|01110111000110010|0110 0x3270EE326
0c 0011101|01010111|01111010001111100|0111 0x3AAEF47C7
0d 0011101|01010111|01111011111100111|1011 0x3AAEF7E7B
BX = 011 Event : 28
00 1100100|00101000|01000100101000100|1001 0xC85089449
01 1100100|00101000|01000100100001101|0110 0xC850890D6
02 1100100|00101000|01000100011110010|0011 0xC85088F23
03 1100100|00101000|01000100010001111|1101 0xC850888FD
04 1100100|01100001|01000011000110110|0100 0xC8C286364
05 0011010|01100001|01000110011000111|0111 0x34C28CC77
06 0011001|01010010|10000000110110001|0110 0x32A501B16
BX = 100 Event : 29
00 0011101|00001000|01001100101100100|1010 0x3A109964A
01 0011000|00111000|01001110000011110|0100 0x30709C1E4
02 0011001|00111101|01010011000100000|1000 0x327AA6208
03 0011110|01011101|01001000110001010|0110 0x3CBA918A6
04 0011001|01111011|01001000111000111|1011 0x32F691C7B
BX = 101 Event : 30
00 1101000|00101101|01000001001101010|1110 0xD05A826AE
01 1101000|00101101|01000010101100110|1101 0xD05A8566D
02 1100100|01010010|01000011011011010|1000 0xC8A486DA8
03 1100011|01010010|01000010010110111|1101 0xC6A484B7D
04 1100011|01010010|01000001111010010|0000 0xC6A483D20
05 0011110|00001000|01010100110101011|1011 0x3C10A9ABB
06 0011010|00010011|01011000111101111|1100 0x3426B1EFC
07 0011001|00100011|01010001111101101|1001 0x3246A3ED9
08 0011101|00110011|01001100101111110|0001 0x3A66997E1
09 0011101|00110011|01010001010011011|0101 0x3A66A29B5
0a 0011101|00110011|01010001100111010|1000 0x3A66A33A8
0b 0011101|00110011|01010001111000100|0010 0x3A66A3C42
0c 0011101|00110011|01010010111101100|0010 0x3A66A5EC2
0d 0011101|00110011|01010011010010000|1000 0x3A66A6908
0e 0011101|00110011|01010011111111110|1011 0x3A66A7FEB
0f 0011110|00110011|01010101101000011|1010 0x3C66AB43A
10 0011110|00110011|01010110001011100|1100 0x3C66AC5CC
11 0011110|00110011|01010111100011101|0011 0x3C66AF1D3
12 0011110|00110011|01011000000100110|0100 0x3C66B0264
13 0011110|00110011|01011000010110000|0000 0x3C66B0B00
14 0011110|00110011|01011000100000100|0000 0x3C66B1040
15 0011111|00110011|01011001100110110|1001 0x3E66B3369
16 0011001|00111000|01010001101111000|1101 0x3270A378D
17 0011010|00111101|01011000000001100|0001 0x347AB00C1
18 0011010|00111101|01010111111011100|1010 0x347AAFDCA
19 0011001|00111101|01010100001011001|0011 0x327AA8593
1a 0011110|01000010|01010100111110000|0100 0x3C84A9F04
1b 0011110|01000010|01010110001101100|0101 0x3C84AC6C5
1c 0011110|01000010|01010111111100001|0100 0x3C84AFE14
1d 0011110|01000010|01011000010000101|1110 0x3C84B085E
1e 0011110|01001000|01010110111011010|0011 0x3C90ADDA3
1f 0011110|01001000|01011000000001011|0011 0x3C90B00B3
20 0011110|01001000|01011000000110000|0000 0x3C90B0300
21 0011000|00100011|01111010000110011|0110 0x3046F4336
22 0011101|01001000|01110100001000011|0100 0x3A90E8434
BX = 110 Event : 31
00 1100011|01001100|01000001011111100|0001 0xC69882FC1
01 0011001|00010011|01001100111011011|0001 0x322699DB1
02 0011101|00101101|01001111010100001|0110 0x3A5A9EA16
03 0011001|00111000|01001100101000110|0110 0x327099466
BX = 111 Event : 32
00 1100011|00100011|01000001010010100|1010 0xC6468294A
01 1101000|01101100|01000011101110010|1101 0xD0D88772D
02 1101000|01110001|01000001111110011|0101 0xD0E283F35
03 1101000|01110001|01000010000010100|0010 0xD0E284142
04 1101000|01110001|01000010001000101|1001 0xD0E284459
05 1101000|01110001|01000010001100000|1100 0xD0E28460C
06 1100011|01110101|01000001011010001|1010 0xC6EA82D1A
07 1100011|01111011|01000000101001100|1011 0xC6F6814CB
08 0011001|01111011|01000111000100110|0001 0x32F68E261
09 0011101|00000011|01111101100101100|1100 0x3A06FB2CC
0a 0011101|00001000|01111100111100100|1101 0x3A10F9E4D
0b 0011101|00110011|01111010010000001|1011 0x3A66F481B
0c 0011101|01000010|01111010010010110|1110 0x3A84F496E
0d 0011001|01001100|01110000111111001|0110 0x3298E1F96
BX = 000 Event : 33
00 0011000|00111000|01001110001111001|0111 0x30709C797
01 0011001|00111000|01001011111000111|0100 0x327097C74
02 0011001|00111000|01001011000101001|0000 0x327096290
03 0011001|00111000|01000111100011010|1000 0x32708F1A8
04 0011001|00111000|01000111010110000|1010 0x32708EB0A
05 0011010|00111000|01000110000101000|1000 0x34708C288
06 0011001|00111101|01001011000011001|0000 0x327A96190
07 0011001|00111101|01001010111101001|0010 0x327A95E92
08 0011001|00111101|01000111011011010|1001 0x327A8EDA9
09 0011110|01001000|01000101100110101|1100 0x3C908B35C
0a 0011101|01001000|01001010001010001|1011 0x3A909451B
0b 0011001|00100011|01110001000001110|0101 0x3246E20E5
0c 0011001|01110101|01111100001111010|0010 0x32EAF87A2
BX = 001 Event : 34
00 0011000|00101000|01001110111101101|1101 0x30509DEDD
01 0011110|01010111|01010111010011110|1000 0x3CAEAE9E8
BX = 010 Event : 35
00 1100011|00101000|01000001110110110|0011 0xC65083B63
01 1100011|00101000|01000001011100001|1000 0xC65082E18
02 0011110|00011000|01010100110101011|0011 0x3C30A9AB3
03 0011110|00011000|01010100111100110|1001 0x3C30A9E69
04 0011110|00011000|01010101100111001|1010 0x3C30AB39A
05 0011110|00011110|01010110100101011|0010 0x3C3CAD2B2
06 0011111|00011110|01011001010100001|1000 0x3E3CB2A18
07 0011001|00111101|01001100111111011|1000 0x327A99FB8
08 0011111|01001000|01000101010000001|0000 0x3E908A810
09 0011110|01001000|01001001110010111|1010 0x3C909397A
0a 0011101|01001000|01001100010110101|0010 0x3A9098B52
0b 0011101|01001000|01001100100011111|0101 0x3A90991F5
0c 0011010|01001100|01000101010110100|1110 0x34988AB4E
0d 0011110|00000011|01101111010001001|1001 0x3C06DE899
0e 0011101|00000011|01110101101011110|0001 0x3A06EB5E1
0f 0011110|00001000|01110000000101011|1100 0x3C10E02BC
10 0011101|00001000|01110100011100111|0001 0x3A10E8E71
11 0011101|00001000|01111001011110011|0111 0x3A10F2F37
12 0011101|00001000|01111001101111101|1101 0x3A10F37DD
13 0011101|00001000|01111001111011101|0001 0x3A10F3DD1
14 0011101|00001000|01111010000001100|0000 0x3A10F40C0
15 0011101|00001000|01111011111000111|0100 0x3A10F7C74
16 0011101|00001000|01111100001000001|0000 0x3A10F8410
17 0011101|00001000|01111100010000000|1000 0x3A10F8808
18 0011000|00001101|01111001011011111|1011 0x301AF2DFB
19 0011000|00001101|01111001010111111|1110 0x301AF2BFE
1a 0011001|00010011|01110010110010101|1011 0x3226E595B
1b 0011101|00011000|01111010011010110|0000 0x3A30F4D60
1c 0011101|00011000|01111100110001010|0001 0x3A30F98A1
BX = 011 Event : 36
00 0011101|01010111|01111010010110110|1011 0x3AAEF4B6B
01 0011101|01110001|01111011100010011|0001 0x3AE2F7131
02 0011101|01110001|01111011101010010|1100 0x3AE2F752C
03 0011001|01110101|01111011110100000|1011 0x32EAF7A0B
BX = 100 Event : 37
00 1100100|00101000|01000011000000101|0011 0xC85086053
01 0011001|01100110|01001011110010010|1011 0x32CC9792B
02 0011000|00001101|01111000011001011|1001 0x301AF0CB9
03 0011001|00001101|01110111010110111|1010 0x321AEEB7A
04 0011001|00010011|01111111000101010|0011 0x3226FE2A3
05 0011001|00010011|01110111000001101|1000 0x3226EE0D8
06 0011001|00010011|01110101010011011|0010 0x3226EA9B2
07 0011001|00010011|01110011011011110|0010 0x3226E6DE2
08 0011001|00010011|01110011010000100|1001 0x3226E6849
09 0011001|00010011|01110011001010100|1110 0x3226E654E
0a 0011001|00010011|01110010111111111|0100 0x3226E5FF4
0b 0011110|00011000|01110010101001000|0000 0x3C30E5480
0c 0011101|00011000|01110101100110100|0000 0x3A30EB340
0d 0011101|00011000|01110101101001001|1001 0x3A30EB499
0e 0011101|00011000|01110101110011110|1011 0x3A30EB9EB
0f 0011001|00100011|01111111000111111|0011 0x3246FE3F3
10 0011101|01011101|01110101101111110|0010 0x3ABAEB7E2
11 0011001|01100001|01110111000100010|1010 0x32C2EE22A
12 0011001|01100001|01110110100111110|0011 0x32C2ED3E3
13 0011001|01111011|01111101010011000|1101 0x32F6FA98D
14 0011001|01111011|01111010110110010|0101 0x32F6F5B25
BX = 101 Event : 38
00 0011010|01100001|01000110110000110|0010 0x34C28D862
BX = 110 Event : 39
00 1101000|00000011|01000011100011010|1010 0xD006871AA
01 1100011|00001101|01000001001101110|1001 0xC61A826E9
02 1100011|00001101|01000000111111011|1001 0xC61A81FB9
03 1100011|00001101|01000000110101001|0010 0xC61A81A92
04 1100011|00001101|01000000001011011|1000 0xC61A805B8
05 0011101|00000011|01010010110000111|1000 0x3A06A5878
06 0011000|00010011|01001110110101101|0000 0x30269DAD0
07 0011110|00011000|01000111000010000|0101 0x3C308E105
08 0011101|00011110|01001110011111110|1100 0x3A3C9CFEC
09 0011001|00100011|01000110110110110|0000 0x32468DB60
0a 0011001|00101000|01001101010111010|0000 0x32509ABA0
0b 0011001|00101000|01000110110100110|1001 0x32508DA69
0c 0011110|00101101|01000111001010101|1011 0x3C5A8E55B
0d 0011110|00101101|01000111100011001|1011 0x3C5A8F19B
0e 0011101|00101101|01001101010011100|1000 0x3A5A9A9C8
0f 0011101|00011000|01111100001010110|0000 0x3A30F8560
10 0011101|00011110|01111101000111110|0011 0x3A3CFA3E3
11 0011101|00011110|01111101110010001|0101 0x3A3CFB915
12 0011101|00011110|01111110010010101|0100 0x3A3CFC954
13 0011110|00011110|01111110101000100|0010 0x3C3CFD442
14 0011110|01101100|01111110101110011|1110 0x3CD8FD73E
BX = 111 Event : 40
00 0011001|00001101|01010011100010000|1101 0x321AA710D
01 0011110|01010111|01110001111000000|1011 0x3CAEE3C0B
BX = 000 Event : 41
00 1100100|00001101|01000100011110010|1101 0xC81A88F2D
01 0011101|00011000|01001101001011101|0100 0x3A309A5D4
BX = 001 Event : 42
00 0011001|01001100|01010011100101010|0001 0x3298A72A1
01 0011101|01011101|01001100000011011|1100 0x3ABA981BC
02 0011010|00101000|01110000001111010|1100 0x3450E07AC
BX = 010 Event : 43
00 0011101|01000010|01010001111001111|0010 0x3A84A3CF2
01 0011101|01001000|01010001110111010|0001 0x3A90A3BA1
02 0011101|01001000|01010001111011010|1001 0x3A90A3DA9
03 0011101|01001000|01010011101101010|0000 0x3A90A76A0
04 0011101|01001000|01010011110010100|1011 0x3A90A794B
05 0011001|01001100|01010011010000000|0101 0x3298A6805
06 0011001|01001100|01010011001100110|0010 0x3298A6662
07 0011001|01001100|01010011001010000|0000 0x3298A6500
08 0011101|00000011|01110110111000101|0110 0x3A06EDC56
09 0011101|00000011|01110111111100010|0001 0x3A06EFE21
0a 0011101|00000011|01111000000100111|1101 0x3A06F027D
0b 0011101|00000011|01111000011011100|0010 0x3A06F0DC2
0c 0011101|00000011|01111101100110010|0000 0x3A06FB320
0d 0011101|00000011|01111110010011010|0001 0x3A06FC9A1
0e 0011001|00001101|01110110110010011|0100 0x321AED934
0f 0011001|00001101|01110110010010100|0000 0x321AEC940
10 0011001|00010011|01110111101011100|0011 0x3226EF5C3
11 0011001|00010011|01110111100000111|1100 0x3226EF07C
12 0011001|00010011|01110110101101110|0000 0x3226ED6E0
13 0011001|00010011|01110110100111001|1100 0x3226ED39C
14 0011001|00010011|01110110011111110|1000 0x3226ECFE8
15 0011001|00010011|01110110011100100|1011 0x3226ECE4B
16 0011001|00100011|01110110000010100|0000 0x3246EC140
17 0011000|01111011|01111000001100001|1011 0x30F6F061B
BX = 011 Event : 44
00 0011001|00001101|01001001100100110|1011 0x321A9326B
01 0011001|00001101|01001001000100010|0011 0x321A92223
02 0011001|00001101|01001000111000010|1101 0x321A91C2D
03 0011001|00010011|01001001011011100|1010 0x322692DCA
04 0011001|00010011|01001000001011110|0111 0x3226905E7
05 0011001|00010011|01000111110010100|0011 0x32268F943
06 0011001|00010011|01000111011110101|1001 0x32268EF59
07 0011110|00011110|01010101110001000|0000 0x3C3CAB880
08 0011110|00011110|01010111001011001|0010 0x3C3CAE592
09 0011101|01101100|01110101010011111|0001 0x3AD8EA9F1
BX = 100 Event : 45
00 1100100|00100011|01000100001111001|0100 0xC84688794
01 0011001|00101000|01001010000010000|1010 0x32509410A
02 0011110|01000010|01000101011010110|0000 0x3C848AD60
03 0011001|01100001|01001000011011000|0110 0x32C290D86
04 0011001|00001101|01110001110111100|1100 0x321AE3BCC
05 0011110|01010111|01110000111100011|1011 0x3CAEE1E3B
06 0011110|01010111|01110001001111100|1101 0x3CAEE27CD
07 0011101|01110001|01111010110101111|1010 0x3AE2F5AFA
08 0011101|01110001|01111010111000100|1100 0x3AE2F5C4C
09 0011101|01110001|01111011011001110|1001 0x3AE2F6CE9
BX = 101 Event : 46
00 0011101|01000010|01010011101101111|1010 0x3A84A76FA
01 0011101|00001000|01111110000010110|0101 0x3A10FC165
02 0011001|00001101|01111101001000011|0110 0x321AFA436
03 0011001|00010011|01111100111011001|0100 0x3226F9D94
04 0011111|00011000|01101110101001011|1000 0x3E30DD4B8
05 0011111|00011000|01101111001010100|0000 0x3E30DE540
06 0011101|00011000|01111011110000010|0000 0x3A30F7820
07 0011101|00011000|01111100010100110|0001 0x3A30F8A61
08 0011110|00011110|01101111100100010|0000 0x3C3CDF220
09 0011110|00011110|01110010101110010|0010 0x3C3CE5722
0a 0011101|00011110|01111000000000010|0011 0x3A3CF0023
0b 0011101|00011110|01111000010000001|1001 0x3A3CF0819
0c 0011101|00011110|01111010001011100|0010 0x3A3CF45C2
0d 0011101|00011110|01111011000011001|0001 0x3A3CF6191
0e 0011101|00011110|01111011010101110|0000 0x3A3CF6AE0
0f 0011001|00100011|01111111001110100|0111 0x3246FE747
10 0011000|00100011|01111001011000100|1001 0x3046F2C49
11 0011101|00110011|01111100100101010|0100 0x3A66F92A4
12 0011001|00111101|01111011001100001|1010 0x327AF661A
13 0011001|00111101|01110011010001111|0011 0x327AE68F3
14 0011110|01000010|01110001100110110|0110 0x3C84E3366
15 0011101|01011101|01110101101001001|0110 0x3ABAEB496
BX = 110 Event : 47
00 0011001|01111011|01000111010100000|1101 0x32F68EA0D
01 0011110|00110011|01110010001011111|1011 0x3C66E45FB
02 0011001|00111000|01110010101100101|1000 0x3270E5658
03 0011001|00111000|01110001101001100|1110 0x3270E34CE
04 0011001|00111000|01110001011111101|1000 0x3270E2FD8
05 0011010|00111000|01101111111111011|1011 0x3470DFFBB
06 0011010|00111000|01101111110000001|1011 0x3470DF81B
07 0011010|00111000|01101111000110010|0000 0x3470DE320
08 0011010|00111000|01101110111010011|0011 0x3470DDD33
09 0011001|00111101|01110010101011010|1011 0x327AE55AB
0a 0011001|00111101|01110000111011110|0010 0x327AE1DE2
0b 0011010|00111101|01110000001110101|0010 0x347AE0752
0c 0011110|01000010|01110011100100101|1100 0x3C84E725C
0d 0011101|01011101|01111011100001000|1100 0x3ABAF708C
0e 0011110|01011101|01111111010000010|0111 0x3CBAFE827
0f 0011110|01011101|10000000001001010|0110 0x3CBB004A6
BX = 111 Event : 48
00 0011110|00001000|01000110010101000|0011 0x3C108CA83
01 0011101|01001000|01010001010110001|0111 0x3A90A2B17
02 0011101|01010111|01001111011001100|1110 0x3AAE9ECCE
03 0011101|01010111|01001111100010110|0001 0x3AAE9F161
04 0011101|01011101|01001111011000001|0110 0x3ABA9EC16
05 0011000|01100001|01001111110100001|0001 0x30C29FA11
06 0011000|01100001|01001110110101101|0100 0x30C29DAD4
07 0011000|01100001|01001110010100011|1001 0x30C29CA39
08 0011000|01100001|01001110001110011|1101 0x30C29C73D
09 0011101|01101100|01001110011111001|0111 0x3AD89CF97
0a 0011110|00000011|01110000101111001|0110 0x3C06E1796
0b 0011001|01010010|01110100111101011|0000 0x32A4E9EB0
0c 0011001|01010010|01110100110110001|1101 0x32A4E9B1D
0d 0011001|01110101|01111101010011000|0110 0x32EAFA986
0e 0011000|01110101|01111000000011011|1100 0x30EAF01BC
0f 0011001|01111011|01111100110010100|0101 0x32F6F9945
BX = 000 Event : 49
00 1100100|00001101|01000011001000110|0001 0xC81A86461
01 1100100|00010011|01000011110011001|0111 0xC82687997
02 1100011|01010010|01000001111010010|0100 0xC6A483D24
03 1101000|01011101|01000001110011100|0000 0xD0BA839C0
04 1100011|01100110|01000001010001001|0100 0xC6CC82894
05 1101000|01101100|01000001100100100|1000 0xD0D883248
06 1100011|01110101|01000001010101010|0011 0xC6EA82AA3
07 0011110|00011000|01001001000111001|1000 0x3C3092398
08 0011111|00011000|01011001000010010|1011 0x3E30B212B
09 0011010|00101000|01011000001000001|1010 0x3450B041A
0a 0011110|00101101|01011000000000110|1011 0x3C5AB006B
0b 0011110|00101101|01110001110000101|1000 0x3C5AE3858
BX = 001 Event : 50
00 0011001|00100011|01010101101000001|1011 0x3246AB41B
01 0011001|01100110|01001001010001100|1001 0x32CC928C9
02 0011010|01100110|01000101011101111|0111 0x34CC8AEF7
03 0011010|01100110|01000101000100101|1010 0x34CC8A25A
04 0011111|01101100|01000100101110011|0110 0x3ED889736
05 0011111|01101100|01000100110011000|0011 0x3ED889983
06 0011111|01101100|01000100111110111|1101 0x3ED889F7D
07 0011111|01101100|01000101010000110|0110 0x3ED88A866
08 0011001|00100011|01111011001101100|1001 0x3246F66C9
BX = 010 Event : 51
00 1100011|00001101|01000000100101011|0010 0xC61A812B2
01 1100011|00001101|01000000011000011|0010 0xC61A80C32
02 0011111|01011101|01011001000100010|1000 0x3EBAB2228
03 0011010|01100001|01011001001011111|1011 0x34C2B25FB
04 0011111|01101100|01011001001010010|1001 0x3ED8B2529
05 0011111|01010111|01101111001011110|0101 0x3EAEDE5E5
BX = 011 Event : 52
00 0011101|00011000|01001101010111100|0111 0x3A309ABC7
01 0011010|00100011|01010111110001100|1010 0x3446AF8CA
02 0011101|00000011|01111000000010010|0000 0x3A06F0120
BX = 100 Event : 53
00 1100100|01001100|01000010111011111|0001 0xC89885DF1
01 0011001|00100011|01001000110100111|1011 0x324691A7B
02 0011110|00001000|01110001001101101|1010 0x3C10E26DA
03 0011001|00001101|01111101111000010|0110 0x321AFBC26
04 0011001|00001101|01110001100110010|1101 0x321AE332D
05 0011001|00010011|01111101110000010|0111 0x3226FB827
06 0011101|00011000|01111100111001001|0110 0x3A30F9C96
07 0011110|00011110|01110011001000110|1101 0x3C3CE646D
08 0011101|00011110|01111100001100001|0111 0x3A3CF8617
09 0011001|00101000|01110100001011000|0011 0x3250E8583
0a 0011001|00101000|01110100000011000|1010 0x3250E818A
0b 0011101|00101101|01110100100100010|1101 0x3A5AE922D
0c 0011101|00101101|01110111000001010|1000 0x3A5AEE0A8
0d 0011101|00101101|01111000101100000|1000 0x3A5AF1608
0e 0011101|00101101|01111011011101101|0101 0x3A5AF6ED5
0f 0011101|00110011|01110100111000001|1011 0x3A66E9C1B
10 0011101|00110011|01110101100010100|1000 0x3A66EB148
11 0011101|00110011|01111011000011001|0101 0x3A66F6195
12 0011000|00111000|01111001011101111|1011 0x3070F2EFB
BX = 101 Event : 54
00 0011001|00001101|01010001100001000|0100 0x321AA3084
01 0011110|01001000|01001001011001110|1110 0x3C9092CEE
02 0011101|01101100|01010010101010111|1001 0x3AD8A5579
03 0011101|01101100|01010011001010001|1010 0x3AD8A651A
04 0011110|01101100|01010110001100010|0001 0x3CD8AC621
05 0011110|01101100|01010110010010111|1011 0x3CD8AC97B
06 0011101|01110001|01010011011011010|1011 0x3AE2A6DAB
07 0011110|01110001|01010101001001010|1100 0x3CE2AA4AC
08 0011110|01110001|01010101010111010|0010 0x3CE2AABA2
09 0011110|01110001|01010101110000011|0101 0x3CE2AB835
BX = 110 Event : 55
00 1101000|00101101|01000010000000100|1110 0xD05A8404E
01 0011001|00111000|01001011010010011|0000 0x327096930
02 0011110|01000010|01010101011111001|1101 0x3C84AAF9D
03 0011001|00111000|01111101111000010|0101 0x3270FBC25
04 0011101|01000010|01111010101011010|1000 0x3A84F55A8
05 0011001|01110101|01110011100011110|0011 0x32EAE71E3
BX = 111 Event : 56
00 0011001|01001100|01010000101000101|1101 0x3298A145D
01 0011101|01011101|01001101001111101|0101 0x3ABA9A7D5
02 0011101|00110011|01110111110111000|1101 0x3A66EFB8D
03 0011110|01000010|01111110011010100|0100 0x3C84FCD44
BX = 000 Event : 57
00 1101001|00000011|01000100011011001|0010 0xD20688D92
01 1100100|00001101|01000100000011100|0011 0xC81A881C3
02 1100100|00010011|01000011010011000|0101 0xC82686985
03 1101000|00011110|01000011110110011|0001 0xD03C87B31
04 1100100|00100011|01000011000010101|0010 0xC84686152
05 1100100|00101000|01000010011110011|0010 0xC85084F32
06 0011110|00000011|01000110011010010|0110 0x3C068CD26
07 0011101|00011000|01001100001100101|1100 0x3A309865C
08 0011110|00011000|01010101100011001|0100 0x3C30AB194
09 0011101|00011110|01001100100100100|1010 0x3A3C9924A
0a 0011110|00011110|01010101101001110|0010 0x3C3CAB4E2
0b 0011001|00100011|01010100110111000|0110 0x3246A9B86
0c 0011001|00100011|01001101011011111|1110 0x32469ADFE
0d 0011101|00101101|01001110001111111|1100 0x3A5A9C7FC
0e 0011101|00101101|01010011000101011|0011 0x3A5AA62B3
0f 0011101|00110011|01001110101001110|1100 0x3A669D4EC
10 0011101|00110011|01001111011110001|1001 0x3A669EF19
11 0011101|00110011|01010010100011000|1110 0x3A66A518E
12 0011001|00111000|01010010111110110|0100 0x3270A5F64
13 0011001|00111000|01010010100010001|0011 0x3270A5113
14 0011001|00111000|01010001010011110|0001 0x3270A29E1
15 0011001|00111000|01010000101110100|0011 0x3270A1743
16 0011001|00111000|01010000011010101|1000 0x3270A0D58
17 0011001|00111000|01010000010100101|0000 0x3270A0A50
18 0011000|00111000|01010000001100000|0010 0x3070A0602
19 0011000|00111000|01010000000100110|1010 0x3070A026A
1a 0011001|00111101|01010010110100001|1010 0x327AA5A1A
1b 0011001|00111101|01010001001101110|0000 0x327AA26E0
1c 0011001|00111101|01010001000110100|1100 0x327AA234C
1d 0011000|00111101|01010000001111011|0111 0x307AA07B7
1e 0011101|01000010|01001010100111010|0101 0x3A84953A5
1f 0011111|01000010|01011001101001011|1011 0x3E84B34BB
20 0011001|00010011|01110000101101110|0100 0x3226E16E4
21 0011010|01111011|01101110110011000|0000 0x34F6DD980
BX = 001 Event : 58
00 0011110|00001000|01010111011101000|0011 0x3C10AEE83
01 0011111|00011110|01000100101001110|0001 0x3E3C894E1
02 0011110|00011110|01000110001101000|0101 0x3C3C8C685
03 0011110|00011110|01000110010001000|0010 0x3C3C8C882
04 0011110|00011110|01000110010111000|0001 0x3C3C8CB81
05 0011110|00011110|01000110110100001|0100 0x3C3C8DA14
06 0011110|00011110|01000111100111001|0101 0x3C3C8F395
07 0011110|00011110|01001000101000000|0001 0x3C3C91401
08 0011001|00100011|01001100011111011|0110 0x324698FB6
09 0011110|01101100|01010101111100010|0110 0x3CD8ABE26
0a 0011110|01101100|01010110000000010|0011 0x3CD8AC023
0b 0011110|01101100|01010110001011100|1101 0x3CD8AC5CD
0c 0011101|00101101|01111110001100101|0111 0x3A5AFC657
0d 0011001|01100001|01111010101111100|0010 0x32C2F57C2
0e 0011101|01110001|01111010000101100|1010 0x3AE2F42CA
BX = 010 Event : 59
00 1100011|00101000|01000001111100010|1001 0xC65083E29
01 1100011|00101000|01000001101001110|0010 0xC650834E2
02 1100011|00101000|01000001011111100|1001 0xC65082FC9
03 1101000|00101101|01000001000011110|1010 0xD05A821EA
04 1100011|00111000|01000010000011110|1000 0xC670841E8
05 1100011|00111000|01000001100100011|0001 0xC67083231
06 1100011|00111101|01000010001110110|0000 0xC67A84760
07 1101000|01000010|01000010101100001|1001 0xD08485619
08 1101000|01000010|01000010110010010|1101 0xD0848592D
09 1101000|01001000|01000010111111111|1100 0xD09085FFC
0a 1100100|01001100|01000011100010001|1100 0xC8988711C
0b 1100100|01001100|01000011010011000|1010 0xC8988698A
0c 1100100|01010010|01000011111001011|1011 0xC8A487CBB
0d 1100100|01010010|01000011101111110|1011 0xC8A4877EB
0e 1101001|01011101|01000100010000010|0111 0xD2BA88827
0f 1101001|01011101|01000100100011011|1110 0xD2BA891BE
10 1101001|01011101|01000100111111010|1101 0xD2BA89FAD
11 0011110|00001000|01000110011100010|0001 0x3C108CE21
12 0011001|00010011|01010110011010101|1000 0x3226ACD58
13 0011001|00100011|01000111101101111|0001 0x32468F6F1
14 0011110|00101101|01000101011010001|1101 0x3C5A8AD1D
15 0011110|00101101|01000110001111101|1101 0x3C5A8C7DD
16 0011110|00101101|01000111010111010|1000 0x3C5A8EBA8
17 0011110|00101101|01000111100100100|0000 0x3C5A8F240
18 0011110|00101101|01000111101011001|0001 0x3C5A8F591
19 0011101|00101101|01001010001000110|0111 0x3A5A94467
1a 0011101|00101101|01001011101110110|0000 0x3A5A97760
1b 0011110|00101101|01010101000111010|1011 0x3C5AAA3AB
1c 0011110|00110011|01001000000011101|0001 0x3C66901D1
1d 0011001|00111000|01001000000011001|0001 0x327090191
1e 0011110|01000010|01010101001110101|1011 0x3C84AA75B
1f 0011001|01001100|01000111111111001|0010 0x32988FF92
20 0011110|01011101|01001000001010111|0100 0x3CBA90574
21 0011001|01100110|01010011110110100|1000 0x32CCA7B48
22 0011110|01101100|01001000101101010|0100 0x3CD8916A4
23 0011101|01110001|01010100010010010|1100 0x3AE2A892C
24 0011001|01110101|01001001001110111|0010 0x32EA92772
25 0011110|01011101|01111110111010011|1010 0x3CBAFDD3A
26 0011110|01101100|01111111000010010|1100 0x3CD8FE12C
BX = 011 Event : 60
00 1101001|01000010|01000100111101010|0010 0xD28489EA2
01 0011001|00111101|01010011110111010|0011 0x327AA7BA3
02 0011001|00111101|01010011110010100|0000 0x327AA7940
03 0011001|00111101|01010010001111101|0100 0x327AA47D4
04 0011101|01001000|01001011111110110|0000 0x3A9097F60
05 0011101|01001000|01010010011001101|0101 0x3A90A4CD5
06 0011101|01001000|01010010111111100|1100 0x3A90A5FCC
07 0011101|01010111|01010010010111110|0010 0x3AAEA4BE2
08 0011001|00101000|01111101011000011|0011 0x3250FAC33
09 0011001|01100001|01111111101001001|0000 0x32C2FF490
0a 0011110|01101100|01111110011011111|0000 0x3CD8FCDF0
0b 0011110|01110001|01110001000100010|0110 0x3CE2E2226
0c 0011101|01110001|01111101001010011|1101 0x3AE2FA53D
0d 0011110|01110001|01111111010001100|1011 0x3CE2FE8CB
0e 0011001|01110101|01110000111011001|0011 0x32EAE1D93
0f 0011001|01111011|01111100111001110|1011 0x32F6F9CEB
10 0011001|01111011|01110001011110111|0011 0x32F6E2F73
BX = 100 Event : 61
00 0011001|01110101|01010100001001110|0101 0x32EAA84E5
01 0011101|00110011|01111101001101000|0111 0x3A66FA687
02 0011101|01000010|01111100110110100|0111 0x3A84F9B47
03 0011010|01111011|01101111101000110|1001 0x34F6DF469
BX = 101 Event : 62
00 1100100|01100001|01000010011101110|1010 0xC8C284EEA
01 0011001|00111000|01010001011101001|0001 0x3270A2E91
02 0011001|00111000|01000111111001111|0010 0x32708FCF2
03 0011010|00111000|01101111111100101|0001 0x3470DFE51
04 0011110|01000010|01110000111111000|0001 0x3C84E1F81
05 0011101|01000010|01110011101111010|0111 0x3A84E77A7
06 0011110|01001000|01110001011010001|1000 0x3C90E2D18
07 0011101|01001000|01111101110111100|0010 0x3A90FBBC2
08 0011001|01001100|01111101001111000|0110 0x3298FA786
09 0011001|01010010|01110010000000110|1101 0x32A4E406D
0a 0011101|01010111|01110111010000100|1010 0x3AAEEE84A
0b 0011101|01010111|01110111100010100|1100 0x3AAEEF14C
0c 0011101|01010111|01111011011001110|0110 0x3AAEF6CE6
0d 0011101|01010111|01111101111010001|0111 0x3AAEFBD17
BX = 110 Event : 63
00 0011101|01000010|01111000001010111|0000 0x3A84F0570
01 0011001|01001100|01111011001011100|1010 0x3298F65CA
02 0011001|01010010|01111011010000110|0010 0x32A4F6862
03 0011001|01100001|01111101000101110|1001 0x32C2FA2E9
04 0011001|01100001|01111100011001111|0110 0x32C2F8CF6
BX = 111 Event : 64
00 0011001|00100011|01010110010111111|1110 0x3246ACBFE
01 0011101|00101101|01010001010000110|0011 0x3A5AA2863
02 0011101|00101101|01010001111111111|0011 0x3A5AA3FF3
03 0011101|00101101|01010010011101000|0100 0x3A5AA4E84
04 0011101|00101101|01010010101101101|0000 0x3A5AA56D0
05 0011101|00101101|01010011011010101|0001 0x3A5AA6D51
06 0011101|00101101|01010011011101010|1000 0x3A5AA6EA8
07 0011101|00110011|01010000010001001|0110 0x3A66A0896
08 0011101|00110011|01010000010110100|0010 0x3A66A0B42
09 0011001|00111000|01010011110011010|0111 0x3270A79A7
0a 0011001|00111000|01010011010011011|0101 0x3270A69B5
0b 0011000|00111000|01001111110000001|1010 0x30709F81A
0c 0011001|00111101|01010100011000011|1001 0x327AA8C39
0d 0011000|00111101|01001111000110111|0001 0x307A9E371
0e 0011000|00111101|01001110011101101|0110 0x307A9CED6
0f 0011101|01000010|01001110101110011|1001 0x3A849D739
10 0011101|01000010|01001110111101101|0010 0x3A849DED2
11 0011101|01000010|01001111000011101|1001 0x3A849E1D9
12 0011101|01000010|01001111111101010|0011 0x3A849FEA3
13 0011101|01000010|01010000101111000|1001 0x3A84A1789
14 0011101|01000010|01010001111100100|0001 0x3A84A3E41
15 0011101|01000010|01010010000000100|1001 0x3A84A4049
16 0011101|01000010|01010010000111001|1001 0x3A84A4399
17 0011101|01000010|01010010010010011|1001 0x3A84A4939
18 0011101|01000010|01010010110010111|1101 0x3A84A597D
19 0011101|01000010|01010011011110000|0100 0x3A84A6F04
1a 0011101|01000010|01010011101110100|1011 0x3A84A774B
1b 0011101|01000010|01010011110011001|0010 0x3A84A7992
1c 0011101|01000010|01010011111001001|1001 0x3A84A7C99
1d 0011101|01000010|01010100010011101|1000 0x3A84A89D8
1e 0011110|01000010|01010101000011011|0011 0x3C84AA1B3
1f 0011110|01000010|01010101101111110|1011 0x3C84AB7EB
20 0011101|01001000|01010001011100000|1011 0x3A90A2E0B
21 0011101|01001000|01010001110111010|0010 0x3A90A3BA2
22 0011101|01001000|01010010111101100|1100 0x3A90A5ECC
23 0011101|01001000|01010011111110011|0100 0x3A90A7F34
24 0011001|01100110|01111110001101100|0010 0x32CCFC6C2
25 0011001|01100110|01111101100010010|1100 0x32CCFB12C
BX = 000 Event : 65
00 0011101|00000011|01001100011001010|0011 0x3A0698CA3
01 0011101|00001000|01001100011001010|0001 0x3A1098CA1
02 0011010|01100001|01011000000000111|0011 0x34C2B0073
03 0011101|01110001|01010001110111010|0101 0x3AE2A3BA5
04 0011010|01110101|01010111100001000|0011 0x34EAAF083
05 0011101|01001000|01111011100100010|0111 0x3A90F7227
BX = 001 Event : 66
00 0011000|01010010|01001110111110111|0110 0x30A49DF76
BX = 010 Event : 67
00 1101000|00011000|01000011000110101|1110 0xD0308635E
01 1100100|00100011|01000101000011110|0000 0xC8468A1E0
02 1100011|00100011|01000001010010100|1010 0xC6468294A
03 1100100|00101000|01000100110101011|1001 0xC85089AB9
04 1101001|00101101|01000100100000101|1101 0xD25A8905D
05 1101001|00110011|01000100001100111|1011 0xD2668867B
06 1100100|00111000|01000100010101011|0000 0xC87088AB0
07 1100100|00111101|01000100010000100|0000 0xC87A88840
08 1101000|01000010|01000001100110100|0010 0xD08483342
09 1101000|01000010|01000001110010111|1010 0xD0848397A
0a 1101001|01000010|01000100000100000|1000 0xD28488208
0b 1101001|01000010|01000100001000001|1000 0xD28488418
0c 1101001|01000010|01000100001101100|1100 0xD284886CC
0d 1101000|01001000|01000010000011111|1000 0xD090841F8
0e 1101000|01001000|01000011010100010|0100 0xD09086A24
0f 1101000|01001000|01000011011100100|1001 0xD09086E49
10 1101000|01001000|01000011101111101|0011 0xD090877D3
11 1101000|01001000|01000011110101000|1000 0xD09087A88
12 1101000|01101100|01000011101110010|1101 0xD0D88772D
13 1101000|01110001|01000001101100101|0111 0xD0E283657
14 1101000|01110001|01000001111110011|1101 0xD0E283F3D
15 1101000|01110001|01000010000010100|0011 0xD0E284143
16 1101000|01110001|01000010001000101|1001 0xD0E284459
17 1101000|01110001|01000010001100000|1011 0xD0E28460B
18 1100011|01110101|01000001011010110|1010 0xC6EA82D6A
19 1100011|01111011|01000000101001100|1011 0xC6F6814CB
1a 0011010|01001100|01011000001011100|0010 0x3498B05C2
1b 0011010|01001100|01011000000000001|1101 0x3498B001D
1c 0011101|01011101|01010000110001000|0010 0x3ABAA1882
1d 0011001|01110101|01001001000001100|1101 0x32EA920CD
1e 0011110|00011110|01110000100101111|0101 0x3C3CE12F5
1f 0011001|00101000|01111011101000110|1101 0x3250F746D
20 0011101|01000010|01110111011011111|1101 0x3A84EEDFD
21 0011101|01001000|01110110110010000|0100 0x3A90ED904
22 0011101|01001000|01110111111111101|1101 0x3A90EFFDD
23 0011001|01010010|01110101010010000|0111 0x32A4EA907
24 0011101|01010111|01110110001100111|0101 0x3AAEEC675
25 0011101|01011101|01110101101011110|0101 0x3ABAEB5E5
26 0011101|01011101|01110101110101001|1001 0x3ABAEBA99
27 0011101|01011101|01110101111010011|1101 0x3ABAEBD3D
28 0011000|01100001|01111000101000101|1001 0x30C2F1459
29 0011001|01100001|01110110000011111|0100 0x32C2EC1F4
2a 0011001|01100110|01110011011101001|1000 0x32CCE6E98
2b 0011001|01100110|01110001111100001|0001 0x32CCE3E11
2c 0011010|01100110|01101110110111000|1100 0x34CCDDB8C
2d 0011111|01101100|01101110101100000|1000 0x3ED8DD608
2e 0011110|01101100|01101111101110111|0101 0x3CD8DF775
2f 0011110|01101100|01101111110011100|0001 0x3CD8DF9C1
30 0011110|01101100|01101111110111100|1001 0x3CD8DFBC9
31 0011110|01101100|01101111111011100|1100 0x3CD8DFDCC
32 0011110|01101100|01110001111101111|1100 0x3CD8E3EFC
BX = 011 Event : 68
00 1101000|00001000|01000010001101011|0100 0xD010846B4
01 0011101|01001000|01010001110000101|1000 0x3A90A3858
02 0011010|01010010|01000101010100100|1011 0x34A48AA4B
03 0011110|01010111|01000110010010011|0010 0x3CAE8C932
04 0011101|01010111|01010001001100110|0001 0x3AAEA2661
05 0011101|01010111|01010001010000001|1000 0x3AAEA2818
06 0011101|01010111|01010001011111011|0011 0x3AAEA2FB3
07 0011101|01010111|01010001101100000|1110 0x3AAEA360E
08 0011101|01011101|01010001000000111|1011 0x3ABAA207B
09 0011001|01100001|01010001000011111|0010 0x32C2A21F2
0a 0011001|01100110|01010000110001111|0010 0x32CCA18F2
0b 0011010|01100110|01000110110010001|1000 0x34CC8D918
0c 0011110|01101100|01001000010110110|0010 0x3CD890B62
0d 0011000|01110101|01001111100000001|0100 0x30EA9F014
0e 0011001|01111011|01010011100101111|0110 0x32F6A72F6
0f 0011001|01111011|01001100100010110|0011 0x32F699163
10 0011001|01111011|01001100011101100|1000 0x32F698EC8
11 0011110|00000011|01110001111011010|1000 0x3C06E3DA8
12 0011110|00000011|01110010010011001|0011 0x3C06E4993
13 0011110|00000011|01110010011011001|1010 0x3C06E4D9A
14 0011110|00000011|01110011011100000|1011 0x3C06E6E0B
15 0011110|00000011|01110011011111010|1101 0x3C06E6FAD
16 0011101|00000011|01110011101111010|0001 0x3A06E77A1
17 0011101|00000011|01110111000111010|0000 0x3A06EE3A0
18 0011110|00011000|01110011001010110|1110 0x3C30E656E
19 0011101|01010111|01111000110100101|1110 0x3AAEF1A5E
1a 0011001|01110101|01110001101000010|1100 0x32EAE342C
BX = 100 Event : 69
00 1101000|01110001|01000000010101011|0101 0xD0E280AB5
01 1100011|01111011|01000000010010010|0100 0xC6F680924
02 0011101|00101101|01010001010101011|0001 0x3A5AA2AB1
03 0011001|01010010|01001000000001110|1001 0x32A4900E9
04 0011101|01010111|01001101000011000|1001 0x3AAE9A189
05 0011001|01100001|01001000000000100|0001 0x32C290041
06 0011001|01100001|01000110111001011|1101 0x32C28DCBD
07 0011000|00010011|01111000100011011|1101 0x3026F11BD
08 0011101|01000010|01110101100111111|0011 0x3A84EB3F3
BX = 101 Event : 70
00 0011010|00100011|01010111110000010|1010 0x3446AF82A
01 0011010|00101000|01010111100001000|0000 0x3450AF080
02 0011110|00110011|01001001010111110|1001 0x3C6692BE9
03 0011001|00100011|01110101010100101|0100 0x3246EAA54
04 0011110|01011101|01110000111111101|1100 0x3CBAE1FDC
05 0011110|01011101|01110001000111000|0010 0x3CBAE2382
06 0011001|01100110|01110000111101001|1001 0x32CCE1E99
07 0011010|01100110|01110000100011001|0100 0x34CCE1194
08 0011110|01101100|01110000000011011|1001 0x3CD8E01B9
09 0011110|01101100|01110000001000110|1001 0x3CD8E0469
0a 0011110|01101100|01110001011000111|0001 0x3CD8E2C71
BX = 110 Event : 71
00 1100100|01010010|01000100110000101|0110 0xC8A489856
01 1101000|01110001|01000001011111110|1001 0xD0E282FE9
02 0011110|00011000|01001000000010111|0011 0x3C3090173
03 0011010|01010010|01000110101110001|0100 0x34A48D714
BX = 111 Event : 72
00 0011001|00010011|01001011100011101|0110 0x3226971D6
01 0011110|00101101|01000110001101110|0010 0x3C5A8C6E2
02 0011110|00101101|01000110010010011|1001 0x3C5A8C939
03 0011110|00101101|01000111011111001|1000 0x3C5A8EF98
04 0011110|00110011|01000101101010101|1100 0x3C668B55C
05 0011001|00001101|01110011001001111|0010 0x321AE64F2
06 0011110|00011110|01110011010111011|1110 0x3C3CE6BBE
07 0011101|00011110|01111011110101100|1110 0x3A3CF7ACE
08 0011001|00101000|01111011110011011|1011 0x3250F79BB
09 0011110|00110011|01110001100000110|0010 0x3C66E3062
BX = 000 Event : 73
00 0011101|00011000|01001010011111111|1000 0x3A3094FF8
01 0011101|00101101|01010000011110011|0111 0x3A5AA0F37
02 0011110|00101101|01010111110011100|1011 0x3C5AAF9CB
03 0011110|01101100|01010111000000100|1010 0x3CD8AE04A
04 0011101|00000011|01110110111000101|0111 0x3A06EDC57
05 0011101|00000011|01111000000110111|1100 0x3A06F037C
06 0011101|00001000|01110110000110010|1010 0x3A10EC32A
07 0011101|00001000|01110111001111111|1100 0x3A10EE7FC
08 0011101|00001000|01110111101111000|1101 0x3A10EF78D
09 0011001|00001101|01110101001011011|1011 0x321AEA5BB
0a 0011000|00010011|01111001111101000|0010 0x3026F3E82
0b 0011001|00010011|01110101111011010|1001 0x3226EBDA9
0c 0011001|00010011|01110100001010010|0010 0x3226E8522
0d 0011001|00010011|01110100000111000|1000 0x3226E8388
0e 0011101|00011000|01110110010011101|1010 0x3A30EC9DA
0f 0011101|00011110|01110110001111101|0111 0x3A3CEC7D7
10 0011001|00100011|01110110011101110|1010 0x3246ECEEA
11 0011001|00100011|01110110011000100|0001 0x3246ECC41
12 0011001|00100011|01110110010001110|1011 0x3246EC8EB
13 0011000|00111101|01111001000011111|0011 0x307AF21F3
BX = 001 Event : 74
00 0011001|00010011|01001010111111001|1001 0x322695F99
01 0011001|00111000|01001010110001110|1110 0x3270958EE
02 0011001|00101000|01110011100101001|1010 0x3250E729A
03 0011101|00110011|01111000110101010|0010 0x3A66F1AA2
04 0011001|01100001|01110111000011101|0000 0x32C2EE1D0
05 0011000|01111011|01110111111101100|0011 0x30F6EFEC3
BX = 010 Event : 75
00 0011010|00010011|01000110001011000|1110 0x34268C58E
01 0011001|00101000|01001011111000010|1001 0x325097C29
02 0011001|01001100|01010111000100011|0010 0x3298AE232
03 0011001|00010011|01111101011110010|0010 0x3226FAF22
04 0011101|00011000|01110100010100011|0110 0x3A30E8A36
05 0011101|00011000|01110100111000001|0100 0x3A30E9C14
06 0011101|00011000|01110101011010101|0011 0x3A30EAD53
07 0011101|00011000|01110110001100111|0010 0x3A30EC672
08 0011101|00011000|01110110100100110|0000 0x3A30ED260
09 0011101|00011000|01110111000000000|0000 0x3A30EE000
0a 0011101|00011000|01110111100101110|1011 0x3A30EF2EB
0b 0011101|00011000|01110111110011000|1000 0x3A30EF988
0c 0011101|00011000|01111000001000010|1010 0x3A30F042A
0d 0011101|00011000|01111000111111111|0110 0x3A30F1FF6
0e 0011101|00011000|01111001001111111|0100 0x3A30F27F4
0f 0011101|00011000|01111001110001000|0101 0x3A30F3885
10 0011101|00011000|01111101101011100|0000 0x3A30FB5C0
11 0011101|00011000|01111101110111100|1011 0x3A30FBBCB
12 0011110|00011000|01111110011001111|1011 0x3C30FCCFB
13 0011110|00011000|01111110100100100|0000 0x3C30FD240
14 0011110|00011000|01111110101011001|1100 0x3C30FD59C
15 0011110|00011000|01111110111101101|0001 0x3C30FDED1
16 0011110|00011000|01111111010110111|0100 0x3C30FEB74
BX = 011 Event : 76
00 1101000|00001000|01000000100101110|1000 0xD010812E8
01 0011110|00000011|01001000010100001|0011 0x3C0690A13
02 0011110|00000011|01001000011101011|0010 0x3C0690EB2
03 0011110|00000011|01001000110100101|1001 0x3C0691A59
04 0011110|01010111|01000110110111011|0001 0x3CAE8DBB1
05 0011110|00011110|01101111111101100|1100 0x3C3CDFECC
06 0011110|00011110|01110001000011000|0011 0x3C3CE2183
07 0011110|00101101|01110001101010110|1001 0x3C5AE3569
08 0011001|00111101|01110010101000000|0110 0x327AE5406
09 0011001|01110101|01110100000101101|0000 0x32EAE82D0
BX = 100 Event : 77
00 1100100|00111000|01000011111010101|1010 0xC87087D5A
01 0011101|00011110|01010010011011000|0110 0x3A3CA4D86
02 0011110|01011101|01001000110011010|1101 0x3CBA919AD
03 0011101|01011101|01001100000101011|0000 0x3ABA982B0
04 0011010|01100001|01000110000011101|0101 0x34C28C1D5
05 0011001|01100110|01001000010011000|0000 0x32CC90980
06 0011101|01101100|01001100000010000|0001 0x3AD898101
07 0011110|01110001|01000111100001001|1011 0x3CE28F09B
08 0011001|01111011|01001101111011001|1001 0x32F69BD99
09 0011010|01111011|01000110011011100|0001 0x34F68CDC1
0a 0011001|00111101|10000000101000111|0100 0x327B01474
0b 0011001|01010010|01111111011110100|1000 0x32A4FEF48
0c 0011001|01100110|01111011100011011|0010 0x32CCF71B2
0d 0011101|01110001|01111011000010100|1000 0x3AE2F6148
0e 0011001|01110101|01111011000010001|0001 0x32EAF6111
0f 0011001|01111011|01110001111101100|1001 0x32F6E3EC9
BX = 101 Event : 78
00 0011010|00101000|01000110011001101|1001 0x34508CCD9
01 0011001|00100011|01110110011111110|1000 0x3246ECFE8
02 0011001|00101000|01110110010001110|1000 0x3250EC8E8
03 0011101|00110011|01110101101001001|1000 0x3A66EB498
04 0011001|00111000|01110100101111100|0100 0x3270E97C4
05 0011001|00111000|01110100011011100|0101 0x3270E8DC5
06 0011001|00111101|01110100010011101|0100 0x327AE89D4
07 0011110|01000010|01110010111011100|0011 0x3C84E5DC3
08 0011110|01000010|01110011100100101|0011 0x3C84E7253
09 0011101|01000010|01110011111100100|0010 0x3A84E7E42
0a 0011101|01000010|01110100001001110|0100 0x3A84E84E4
0b 0011110|01001000|01110010011000011|0101 0x3C90E4C35
0c 0011001|01001100|01110001010111000|1001 0x3298E2B89
BX = 110 Event : 79
00 0011101|00000011|01010011100000000|0010 0x3A06A7002
01 0011110|00001000|01010100100000111|1010 0x3C10A907A
02 0011001|01001100|01010110011101111|1101 0x3298ACEFD
03 0011010|01110101|01011000110000101|0110 0x34EAB1856
04 0011110|00001000|01101111100011101|1010 0x3C10DF1DA
05 0011110|00011110|01110010011111110|1011 0x3C3CE4FEB
06 0011110|00110011|01110000110011001|0101 0x3C66E1995
07 0011001|01100001|01111011111001010|1101 0x32C2F7CAD
BX = 111 Event : 80
00 1101000|00000011|01000010101010000|1000 0xD00685508
01 1101000|00000011|01000011001000110|1011 0xD0068646B
02 1101000|00000011|01000011100100000|1000 0xD00687208
03 1101000|00000011|01000011101100111|1100 0xD0068767C
04 1101001|00000011|01000100000001010|0001 0xD206880A1
05 1100100|00100011|01000100100011000|0110 0xC84689186
06 1100100|00100011|01000011111110001|1000 0xC84687F18
07 1100100|00100011|01000011110101010|1110 0xC84687AAE
08 1100100|01010010|01000010101100110|0000 0xC8A485660
09 1100100|01110101|01000011101101000|1100 0xC8EA8768C
0a 0011111|01110001|01101110100010001|0000 0x3EE2DD110
BX = 000 Event : 81
00 1101000|01001000|01000011011100100|1011 0xD09086E4B
01 0011010|01110101|01000101100001001|0110 0x34EA8B096
BX = 001 Event : 82
00 1101001|01010111|01000101000000101|1000 0xD2AE8A058
01 0011101|00011000|01010011110111110|0110 0x3A30A7BE6
02 0011101|00011000|01010100000111000|1100 0x3A30A838C
03 0011110|00011000|01111110110111000|0110 0x3C30FDB86
BX = 010 Event : 83
00 0011101|00000011|01001111000100111|0100 0x3A069E274
01 0011101|00011000|01001011011000010|1010 0x3A3096C2A
02 0011110|01010111|01010111000111001|1000 0x3CAEAE398
03 0011001|01100110|01010110111111110|0001 0x32CCADFE1
04 0011001|01110101|01010101100010110|0010 0x32EAAB162
BX = 011 Event : 84
00 1101000|00110011|00111111111001011|0010 0xD0667FCB2
01 1100011|00111000|01000000000000100|0101 0xC67080045
02 1100011|00111000|00111111101110110|0010 0xC6707F762
03 1100100|01010010|01000100001111001|1110 0xC8A48879E
04 0011101|00000011|01001111100100001|1001 0x3A069F219
05 0011110|00011110|01010111001001110|0101 0x3C3CAE4E5
06 0011001|00111000|01010000110110100|0011 0x3270A1B43
07 0011001|00111000|01001011111100010|1110 0x327097E2E
08 0011000|00111101|01001111110001011|0101 0x307A9F8B5
09 0011110|01001000|01001000101010101|0100 0x3C9091554
0a 0011101|01001000|01001111111101010|0010 0x3A909FEA2
0b 0011001|01010010|01010100001101110|0110 0x32A4A86E6
0c 0011000|01010010|01001110101011101|0001 0x30A49D5D1
0d 0011101|01010111|01001110010101111|1001 0x3AAE9CAF9
0e 0011110|01011101|01001000000010111|1000 0x3CBA90178
0f 0011101|01011101|01001110000111010|1010 0x3ABA9C3AA
10 0011000|01100001|01001110001001110|1000 0x30C29C4E8
11 0011001|01100001|01001100100010001|0000 0x32C299110
12 0011001|01100110|01001100001110001|0111 0x32CC98717
13 0011111|01110001|01000100101011001|1000 0x3EE289598
14 0011110|01110001|01001001011010011|0010 0x3CE292D32
15 0011101|00000011|01111101011101101|1001 0x3A06FAED9
16 0011101|00001000|01111010111001010|0110 0x3A10F5CA6
17 0011101|00001000|01111011000001111|0000 0x3A10F60F0
18 0011101|00001000|01111011001111001|0000 0x3A10F6790
19 0011001|00010011|01110001001011000|0110 0x3226E2586
1a 0011001|00010011|01110000110100100|0101 0x3226E1A45
1b 0011110|00011000|01110001110001011|1010 0x3C30E38BA
1c 0011110|00011000|01110010001011111|1000 0x3C30E45F8
1d 0011000|00101000|01111000011101011|0011 0x3050F0EB3
1e 0011110|01000010|10000000110011101|0110 0x3C85019D6
1f 0011110|01010111|01110000110111110|0110 0x3CAEE1BE6
BX = 100 Event : 85
00 0011001|00010011|01010001110010011|1101 0x3226A393D
01 0011101|00101101|01010000111110010|0110 0x3A5AA1F26
02 0011101|00101101|01010001010111011|0011 0x3A5AA2BB3
03 0011101|00110011|01010010011000011|1110 0x3A66A4C3E
04 0011111|01010111|01000101000001101|1011 0x3EAE8A0DB
05 0011000|00001101|01111001011000100|0010 0x301AF2C42
06 0011000|00001101|01111001010000100|1011 0x301AF284B
07 0011000|00001101|01111000100000000|0110 0x301AF1006
08 0011000|00001101|01111000010001011|1001 0x301AF08B9
09 0011101|01000010|01111101101110111|0010 0x3A84FB772
0a 0011101|01000010|01111101110100110|1001 0x3A84FBA69
BX = 101 Event : 86
00 1101001|01000010|01000011111110101|1000 0xD28487F58
01 0011110|01000010|01001001011001110|1000 0x3C8492CE8
02 0011110|01001000|01000110000011110|1000 0x3C908C1E8
03 0011110|01001000|01010101011101001|0001 0x3C90AAE91
04 0011001|01001100|01010101000110111|1101 0x3298AA37D
05 0011000|00010011|01111001111010011|0111 0x3026F3D37
06 0011101|00011000|01111001101011101|0101 0x3A30F35D5
07 0011110|01001000|01110011101101111|0010 0x3C90E76F2
BX = 110 Event : 87
00 1101000|01011101|00111111010011111|0101 0xD0BA7E9F5
01 1100100|01100001|01000100100101000|1000 0xC8C289288
02 1100100|01111011|01000100010001010|0110 0xC8F6888A6
03 0011110|00101101|01000111100111001|0100 0x3C5A8F394
04 0011010|01001100|01000110100100111|1100 0x34988D27C
05 0011010|01001100|01000110001000010|1101 0x34988C42D
06 0011010|01010010|01000110000100011|1101 0x34A48C23D
07 0011101|01001000|01111000101000000|0111 0x3A90F1407
BX = 111 Event : 88
00 1101001|01010111|01000100110111110|0101 0xD2AE89BE5
01 0011010|00010011|01011000101000101|1001 0x3426B1459
02 0011110|00011000|01011000100100100|1010 0x3C30B124A
03 0011110|00110011|01011000001100000|1011 0x3C66B060B
04 0011110|01011101|01000110101000111|0100 0x3CBA8D474
05 0011001|00111000|01110101000100001|1001 0x3270EA219
06 0011001|00111000|01110100100100001|1001 0x3270E9219
07 0011001|00111101|01110101011000000|0000 0x327AEAC00
08 0011101|01000010|01110101010111010|1011 0x3A84EABAB
09 0011001|01001100|01110101100001010|1000 0x3298EB0A8
BX = 000 Event : 89
00 1101000|01001000|01000001110000110|1001 0xD09083869
01 1100011|01001100|01000010000111111|1101 0xC698843FD
02 0011001|00001101|01001001000100010|1101 0x321A9222D
03 0011101|00011000|01010000100000011|1101 0x3A30A103D
04 0011001|00100011|01000111010110000|0100 0x32468EB04
05 0011010|01100001|01011001011100011|1010 0x34C2B2E3A
06 0011000|00001101|01111000000101011|0110 0x301AF02B6
BX = 001 Event : 90
00 0011001|00001101|01001011110111101|1010 0x321A97BDA
01 0011001|00001101|01001010111110011|0011 0x321A95F33
02 0011001|00001101|01001010111001001|1000 0x321A95C98
03 0011110|00011110|01010111111000111|0011 0x3C3CAFC73
04 0011110|00101101|01010111011001000|0011 0x3C5AAEC83
05 0011110|00001000|01101111100110010|1001 0x3C10DF329
06 0011010|00001101|01110000011001111|0010 0x341AE0CF2
07 0011001|00010011|01110001000111000|1001 0x3226E2389
08 0011110|00011000|01110011000111100|1010 0x3C30E63CA
09 0011101|00011110|01111010011101011|1011 0x3A3CF4EBB
0a 0011101|00011110|01111010111110100|1110 0x3A3CF5F4E
0b 0011110|00011110|01111110110001110|0110 0x3C3CFD8E6
0c 0011000|00101000|01111000110100000|1110 0x3050F1A0E
0d 0011001|00101000|01110011110011000|1010 0x3250E798A
0e 0011101|00101101|01111000001010111|1010 0x3A5AF057A
0f 0011101|00101101|01111000101001011|0001 0x3A5AF14B1
10 0011001|01100110|01111111000010101|0001 0x32CCFE151
11 0011111|01101100|01101110111010101|0000 0x3ED8DDD50
12 0011101|01110001|01110110101011011|0001 0x3AE2ED5B1
13 0011101|01110001|01110110110110110|0010 0x3AE2EDB62
14 0011101|01110001|01110111010111111|1001 0x3AE2EEBF9
15 0011101|01110001|01110111100010100|0011 0x3AE2EF143
16 0011101|01110001|01111101100000111|0001 0x3AE2FB071
17 0011010|01110101|01110000001100000|1010 0x34EAE060A
18 0011001|01111011|01111100101111001|0100 0x32F6F9794
BX = 010 Event : 91
00 1100100|01110101|01000011100000110|0101 0xC8EA87065
01 0011101|00000011|01010001100110000|1011 0x3A06A330B
02 0011001|00001101|01010110111101110|1101 0x321AADEED
03 0011001|00111101|01000111101111010|0111 0x327A8F7A7
04 0011111|01001000|01011001001100010|0010 0x3E90B2622
05 0011010|01001100|01011001001000100|0010 0x3498B2442
06 0011101|01011101|01010001010100001|1010 0x3ABAA2A1A
07 0011101|01110001|01010001100010101|1101 0x3AE2A315D
BX = 011 Event : 92
00 1101001|01010111|01000100110111110|0101 0xD2AE89BE5
01 0011110|00000011|01000110101010001|1101 0x3C068D51D
02 0011010|00010011|01011000101000101|1001 0x3426B1459
03 0011110|00011000|01011000100100100|1010 0x3C30B124A
04 0011110|00110011|01011000001100000|1011 0x3C66B060B
05 0011110|01011101|01000110101000111|0100 0x3CBA8D474
06 0011001|00111000|01110101000100001|1001 0x3270EA219
07 0011001|00111000|01110100100100001|1001 0x3270E9219
08 0011001|00111101|01110101011000101|0001 0x327AEAC51
09 0011101|01000010|01110101010110101|1010 0x3A84EAB5A
0a 0011001|01001100|01110101100001010|1000 0x3298EB0A8
BX = 100 Event : 93
00 0011101|00000011|01110110111011011|0100 0x3A06EDDB4
01 0011101|00000011|01110111000111111|1101 0x3A06EE3FD
02 0011001|01001100|01111111100101001|0010 0x3298FF292
03 0011001|01001100|01111101101100111|1010 0x3298FB67A
04 0011001|01001100|01111101001101101|0101 0x3298FA6D5
05 0011010|01100110|01110000001010101|1010 0x34CCE055A
BX = 101 Event : 94
00 0011001|00001101|01001011111000010|1010 0x321A97C2A
01 0011001|00001101|01001010111001001|1000 0x321A95C98
02 0011110|00011110|01010111111000111|0011 0x3C3CAFC73
03 0011110|00101101|01010111011001000|0011 0x3C5AAEC83
04 0011000|00111000|01001110001011001|0111 0x30709C597
05 0011110|00000011|10000000001101001|0101 0x3C0700695
06 0011110|00001000|01101111100110010|1001 0x3C10DF329
07 0011010|00001101|01110000011001111|0010 0x341AE0CF2
08 0011001|00010011|01110001000111000|1001 0x3226E2389
09 0011110|00011000|01110011000111100|1011 0x3C30E63CB
0a 0011101|00011110|01111010011101011|1011 0x3A3CF4EBB
0b 0011101|00011110|01111010111110100|1110 0x3A3CF5F4E
0c 0011110|00011110|01111110110001110|0110 0x3C3CFD8E6
0d 0011000|00101000|01111000110100101|1110 0x3050F1A5E
0e 0011001|00101000|01110011110011000|1010 0x3250E798A
0f 0011101|00101101|01111000001010111|1010 0x3A5AF057A
10 0011101|00101101|01111000101001011|0001 0x3A5AF14B1
11 0011101|01110001|01110110101011011|0001 0x3AE2ED5B1
12 0011101|01110001|01110110110110110|0010 0x3AE2EDB62
13 0011101|01110001|01110111010111111|1010 0x3AE2EEBFA
14 0011101|01110001|01110111100010100|0011 0x3AE2EF143
BX = 110 Event : 95
00 1101000|00001000|01000000100101110|0000 0xD010812E0
01 0011001|00001101|01010000100011111|0000 0x321AA11F0
02 0011110|01010111|01000110110111011|0001 0x3CAE8DBB1
03 0011001|01100001|01010000111100100|0010 0x32C2A1E42
04 0011110|00101101|01110001101010110|1001 0x3C5AE3569
BX = 111 Event : 96
00 0011001|01100110|01010001000001001|1000 0x32CCA2098
BX = 000 Event : 97
00 0011010|00101000|01000110011000111|1001 0x34508CC79
01 0011110|01001000|01001000000110010|1001 0x3C9090329
02 0011001|00100011|01110110011111110|1000 0x3246ECFE8
03 0011001|00101000|01110110010001110|1000 0x3250EC8E8
04 0011110|00101101|01110000101001001|0010 0x3C5AE1492
05 0011110|00101101|01110000111011000|0001 0x3C5AE1D81
06 0011110|00101101|01110001001110111|1010 0x3C5AE277A
07 0011110|00110011|01101111011011000|1100 0x3C66DED8C
08 0011101|00110011|01110101011111111|1101 0x3A66EAFFD
09 0011101|00110011|01110101101001001|1000 0x3A66EB498
0a 0011001|00111000|01110100101111100|0100 0x3270E97C4
0b 0011001|00111000|01110100011011100|0101 0x3270E8DC5
0c 0011001|00111101|01110100010011101|0100 0x327AE89D4
0d 0011110|01000010|01110010111011100|0011 0x3C84E5DC3
0e 0011110|01000010|01110011100100101|0011 0x3C84E7253
0f 0011101|01000010|01110011111100100|0010 0x3A84E7E42
10 0011101|01000010|01110100001001110|0100 0x3A84E84E4
11 0011110|01001000|01110010011000011|0101 0x3C90E4C35
12 0011001|01001100|01110001010111000|1001 0x3298E2B89
BX = 001 Event : 98
00 1101000|00110011|00111111111001011|0010 0xD0667FCB2
01 1100011|00111000|01000000000000100|0101 0xC67080045
02 1100011|00111000|00111111101110110|0010 0xC6707F762
BX = 010 Event : 99
00 1101000|00000011|01000010101010000|1000 0xD00685508
01 1101001|00000011|01000100000001010|0001 0xD206880A1
02 1100100|00100011|01000100111010111|1000 0xC84689D78
03 1100100|00100011|01000100100011000|0110 0xC84689186
04 1100100|00100011|01000100010001111|0000 0xC846888F0
05 1100100|00100011|01000011111110001|1000 0xC84687F18
06 1100100|00100011|01000011110101010|1110 0xC84687AAE
07 0011001|00010011|01001001101110110|0011 0x322693763
08 0011101|01011101|01001011011110111|0110 0x3ABA96F76
09 0011111|01110001|01101110100010001|0000 0x3EE2DD110
BX = 011 Event : 100
00 0011001|00101000|01010011101111111|1010 0x3250A77FA
01 0011110|01110001|01001001011010011|0100 0x3CE292D34
02 0011001|01110101|01001001010110001|0001 0x32EA92B11
03 0011010|01100001|01101111111100000|1101 0x34C2DFE0D
04 0011000|01100110|01111000100010101|0111 0x30CCF1157
05 0011001|01111011|01110100110000001|1100 0x32F6E981C
