BX = 000 Event : 1
00 0001110|111000100101|00010000110100|100 0x1DC4A21A4
01 0001110|111000101010|00010000111101|111 0x1DC5421EF
02 0001100|111000110110|00001100011110|101 0x19C6C18F5
03 0001101|111000110110|00001101110010|110 0x1BC6C1B96
04 0001110|111000111001|00010010010010|110 0x1DC722496
05 0000001|000011010101|00000000111000|100 0x021AA01C4
06 0000010|000100000111|00001001011110|011 0x0420E12F3
07 0000011|000110010101|00001110100000|110 0x0632A1D06
08 0000011|000110011111|00001110011111|110 0x0633E1CFE
09 0001100|000111110111|00001100011000|101 0x183EE18C5
0a 0000011|000111110110|00001100101101|101 0x063EC196D
0b 0000100|001000101101|00010000101001|110 0x0845A214E
0c 0000100|111110100010|00111101101110|110 0x09F447B76
0d 0000100|000011110110|00111111000001|101 0x081EC7E0D
BX = 001 Event : 2
00 0000001|111000000010|00000011001100|001 0x03C040661
01 0000001|111000000101|00000011001111|010 0x03C0A067A
02 0001101|111000111011|00001111011110|110 0x1BC761EF6
03 0001101|111111101000|00001110110001|100 0x1BFD01D8C
04 0001101|111111101011|00010000000011|010 0x1BFD6201A
05 0000010|000001011001|00001001010101|110 0x040B212AE
06 0000010|000001110100|00000101101011|110 0x040E80B5E
07 0001011|000001110111|00000101001100|110 0x160EE0A66
08 0000001|001000011110|00000101000101|011 0x0243C0A2B
09 0001101|111101110101|00111110111010|011 0x1BEEA7DD3
BX = 010 Event : 3
00 0000001|111000001100|00000100101011|110 0x03C18095E
01 0000100|111100110010|00010001010101|011 0x09E6422AB
02 0000010|111110100010|00000101101010|000 0x05F440B50
03 0000001|111110100010|00000011111100|100 0x03F4407E4
04 0000001|000001101111|00000010110110|011 0x020DE05B3
05 0000100|111110011101|00111110010000|100 0x09F3A7C84
06 0000100|111111000101|00111110000001|100 0x09F8A7C0C
BX = 011 Event : 4
00 0000011|110111010011|00001011001100|111 0x07BA61667
01 0001010|000010101011|00000000011011|011 0x1415600DB
02 0000011|000011001110|00001101000110|110 0x0619C1A36
03 0001011|000111100000|00000110001000|100 0x163C00C44
04 0000100|111100101011|00111101100010|101 0x09E567B15
05 0000100|000001100011|00111110100001|000 0x080C67D08
BX = 100 Event : 5
00 0000100|110111001011|00010010011110|101 0x09B9624F5
01 0000100|111000000000|00010010010000|110 0x09C002486
02 0000010|111110101100|00000111011111|111 0x05F580EFF
03 0001101|111111011110|00001110100111|100 0x1BFBC1D3C
04 0001100|111111110000|00001000101000|110 0x19FE01146
05 0000010|000000110001|00001010000110|101 0x040621435
06 0000100|000011101110|00010010011000|100 0x081DC24C4
07 0001110|000111110100|00010010000011|011 0x1C3E8241B
08 0000001|001000110101|00000100010000|010 0x0246A0882
09 0001101|111111111111|01000000000110|001 0x1BFFE8031
0a 0001101|000010010000|00111111001001|011 0x1A1207E4B
BX = 101 Event : 6
00 0000010|110111100111|00001001011000|110 0x05BCE12C6
01 0001011|111001001010|00000001110100|101 0x17C9403A5
02 0001011|111010111011|00000101010001|111 0x17D760A8F
03 0001100|111011000000|00001011000110|110 0x19D801636
04 0001101|000000000100|00001111011011|010 0x1A0081EDA
05 0000001|000011100111|00000000010010|101 0x021CE0095
06 0000001|001000010100|00000011011001|000 0x0242806C8
07 0000010|001000101000|00001001101100|000 0x044501360
BX = 110 Event : 7
00 0001011|111011100000|00000101000110|111 0x17DC00A37
01 0000010|111100110010|00000111001101|101 0x05E640E6D
02 0000100|001000111010|00111110101001|011 0x084747D4B
BX = 111 Event : 8
00 0000011|110111011101|00001101100111|000 0x07BBA1B38
01 0000010|110111011101|00001000100101|110 0x05BBA112E
02 0000010|110111110001|00000101111100|101 0x05BE20BE5
03 0000011|111100110101|00001101110001|000 0x07E6A1B88
04 0001110|000010010000|00010001010000|101 0x1C1202285
05 0000011|000011000110|00001101100110|000 0x0618C1B30
06 0000011|000011010000|00001101100111|000 0x061A01B38
07 0001101|111101110101|00111111101111|001 0x1BEEA7F79
08 0001101|000010010010|00111111111010|100 0x1A1247FD4
BX = 000 Event : 9
00 0001011|000000000100|00000100111110|011 0x1600809F3
01 0000010|001000100110|00001010111001|010 0x0444C15CA
02 0000011|001000110010|00001011010111|110 0x0646416BE
BX = 001 Event : 10
00 0001100|111000010011|00001001110000|101 0x19C261385
01 0001011|111010101110|00000111110100|000 0x17D5C0FA0
02 0001011|111010110001|00000111111100|110 0x17D620FE6
03 0001100|111011000010|00001011111101|101 0x19D8417ED
04 0000011|111100001101|00001101111010|001 0x07E1A1BD1
05 0000011|111100001101|00001101010101|010 0x07E1A1AAA
06 0000011|111100001111|00001110010000|100 0x07E1E1C84
07 0000001|111100001111|00000011011101|011 0x03E1E06EB
08 0000011|111100011100|00001111000001|010 0x07E381E0A
09 0000011|111100011100|00001110010000|011 0x07E381C83
0a 0000011|111100100110|00001110001100|010 0x07E4C1C62
0b 0000011|111100110010|00001110111110|001 0x07E641DF1
0c 0001101|111101010000|00001110000011|010 0x1BEA01C1A
0d 0001101|111101010000|00001110010001|100 0x1BEA01C8C
0e 0000100|111010010100|00111111011101|101 0x09D287EED
BX = 010 Event : 11
00 0001011|111000110110|00000101000100|100 0x17C6C0A24
01 0001011|111000110110|00000101001100|001 0x17C6C0A61
02 0000011|111111010111|00001101101100|100 0x07FAE1B64
03 0001011|111111100110|00000001111101|001 0x17FCC03E9
04 0001010|000010101011|00000000011000|110 0x1415600C6
BX = 011 Event : 12
00 0000001|110111010101|00000001001010|011 0x03BAA0253
01 0001100|111000010011|00001000111001|111 0x19C2611CF
02 0000011|111001111011|00001011001101|101 0x07CF6166D
03 0000001|111100001000|00000011110011|100 0x03E10079C
04 0000100|111110111110|00010001110110|011 0x09F7C23B3
05 0001011|000000000110|00000010001011|110 0x1600C045E
06 0001011|000000010011|00000110011010|110 0x160260CD6
07 0001101|000111111100|00001110001100|101 0x1A3F81C65
08 0000011|001000000000|00001110101000|101 0x064001D45
09 0000100|111011111001|00111111100110|011 0x09DF27F33
0a 0000100|111100011100|00111101001010|001 0x09E387A51
0b 0001110|111101001101|00111101000101|110 0x1DE9A7A2E
0c 0000100|000101011101|00111100110110|011 0x082BA79B3
0d 0000100|001000001000|00111100111111|001 0x0841079F9
BX = 100 Event : 13
00 0000001|110111010011|00000001000001|100 0x03BA6020C
01 0001011|000010000001|00000101011101|010 0x161020AEA
02 0001100|000010101110|00001010001001|111 0x1815C144F
03 0000100|000101111001|00010010001001|011 0x082F2244B
04 0000001|000101111110|00000010111101|011 0x022FC05EB
05 0001011|000111000010|00000101111100|000 0x163840BE0
06 0001101|000111010100|00001111100100|000 0x1A3A81F20
07 0001011|000111101111|00000111001011|011 0x163DE0E5B
08 0000010|001000101011|00001001110100|001 0x0445613A1
09 0000010|001000101011|00001000010100|110 0x0445610A6
BX = 101 Event : 14
00 0001011|111100111110|00000101100101|000 0x17E7C0B28
01 0001011|111101001101|00000101101011|101 0x17E9A0B5D
02 0000010|000001010110|00001000010100|010 0x040AC10A2
03 0000011|001000100011|00001101000110|010 0x064461A32
BX = 110 Event : 15
00 0001100|111101001101|00001011101100|010 0x19E9A1762
01 0000100|111110011000|00010000010100|110 0x09F3020A6
02 0000011|111111010111|00001101110111|100 0x07FAE1BBC
03 0001101|000000000001|00001110111010|000 0x1A0021DD0
04 0001100|000000001110|00001011111101|110 0x1801C17EE
05 0000010|000001000010|00000110111010|010 0x040840DD2
06 0001011|000010111000|00000010111000|001 0x1617005C1
07 0001010|000101000000|00000000100001|010 0x14280010A
08 0001011|000101000101|00000001000011|100 0x1628A021C
BX = 111 Event : 16
00 0001110|111000001100|00010000110001|101 0x1DC18218D
01 0000001|111100001000|00000000100110|111 0x03E100137
02 0000001|111100001010|00000001000010|100 0x03E140214
03 0000100|111110111110|00010001110110|110 0x09F7C23B6
04 0000010|000001000111|00000110110111|101 0x0408E0DBD
05 0000001|000001010001|00000100001000|110 0x020A20846
06 0000010|000001100011|00001000011101|101 0x040C610ED
07 0000001|001000110010|00000101001110|100 0x024640A74
BX = 000 Event : 17
00 0000100|000011000001|00111110111000|000 0x081827DC0
BX = 001 Event : 18
00 0001101|111000000100|00001101100111|101 0x1BC081B3D
01 0000010|111100010111|00000110010010|100 0x05E2E0C94
02 0000011|111100101011|00001101110001|100 0x07E561B8C
03 0000001|111110100111|00000011000000|100 0x03F4E0604
04 0001100|111111101011|00001100000110|011 0x19FD61833
05 0001010|000010110000|00000000001001|110 0x14160004E
06 0000011|000101011101|00001100011101|100 0x062BA18EC
07 0000011|000101111110|00001101111010|011 0x062FC1BD3
08 0000011|000110000000|00001100110000|010 0x063001982
09 0000001|000110001010|00000011100110|000 0x023140730
BX = 010 Event : 19
00 0001011|111000111110|00000001101110|010 0x17C7C0372
01 0000011|111001100001|00001101000010|010 0x07CC21A12
02 0000010|111001100110|00001001110100|011 0x05CCC13A3
03 0000011|111001101110|00001100110110|101 0x07CDC19B5
04 0000001|111001101110|00000100010000|010 0x03CDC0882
05 0000001|111010100101|00000000001001|011 0x03D4A004B
06 0000001|111100001111|00000010000101|000 0x03E1E0428
07 0000010|111100101000|00001010001001|011 0x05E50144B
08 0000100|111110100111|00001111001101|001 0x09F4E1E69
09 0000011|111110100111|00001101111111|110 0x07F4E1BFE
0a 0000010|000100000111|00000111101100|010 0x0420E0F62
0b 0000100|000100001111|00010010010010|000 0x0821E2490
0c 0001100|000100100000|00001010100100|111 0x182401527
0d 0001101|000100111011|00001111011011|011 0x1A2761EDB
0e 0000100|000101111011|00010001111110|101 0x082F623F5
0f 0001110|111000011101|00111110011001|010 0x1DC3A7CCA
10 0001110|111001000011|00111101111010|001 0x1DC867BD1
11 0001110|111010110001|00111101111101|100 0x1DD627BEC
12 0000100|111100011100|00111101110101|011 0x09E387BAB
13 0001110|111101011010|00111110000110|100 0x1DEB47C34
BX = 011 Event : 20
00 0001011|111010110001|00000100101010|011 0x17D620953
01 0001110|000101010100|00010010000001|101 0x1C2A8240D
02 0001011|000111001111|00000001001011|000 0x1639E0258
BX = 100 Event : 21
00 0001101|111001000000|00001101110111|101 0x1BC801BBD
01 0001100|111111101011|00001001000010|100 0x19FD61214
02 0000011|000000110110|00001100000010|011 0x0606C1813
03 0000100|000001000010|00010000110000|010 0x080842182
04 0000010|000001010001|00001001001000|011 0x040A21243
05 0000010|000011010101|00001000111001|111 0x041AA11CF
06 0001101|000100010011|00001111000011|100 0x1A2261E1C
07 0001011|000100110100|00000011001111|001 0x162680679
08 0001011|000100110110|00000011010000|000 0x1626C0680
09 0000001|001000010111|00000100000001|110 0x0242E080E
0a 0000100|110111101100|00111110100000|100 0x09BD87D04
0b 0001110|000101000101|00111101110110|100 0x1C28A7BB4
0c 0001101|000110111000|00111110101001|111 0x1A3707D4F
BX = 101 Event : 22
00 0000011|111001110000|00001011100110|110 0x07CE01736
01 0000011|111010001010|00001100011010|100 0x07D1418D4
02 0000011|111110100000|00001100010001|000 0x07F401888
03 0000001|111110111011|00000100111010|000 0x03F7609D0
04 0000011|111111010100|00001101001100|110 0x07FA81A66
05 0000100|000011011010|00010001111110|101 0x081B423F5
06 0001011|000111110111|00000101111111|111 0x163EE0BFF
07 0000100|110111010011|00111110100110|110 0x09BA67D36
08 0001110|000010111111|00111101111101|011 0x1C17E7BEB
BX = 110 Event : 23
00 0001011|000000100010|00000001010100|101 0x1604402A5
01 0000001|000011101100|00000010001011|110 0x021D8045E
02 0000001|000110011111|00000011111011|001 0x0233E07D9
03 0001011|000110101110|00000110101100|001 0x1635C0D61
04 0000010|000111111110|00000111000001|011 0x043FC0E0B
BX = 111 Event : 24
00 0000010|110111100111|00000110110100|011 0x05BCE0DA3
01 0001100|111000101111|00001100001100|110 0x19C5E1866
02 0000011|111010000010|00001100101101|010 0x07D04196A
03 0000010|111010000010|00001000111111|000 0x05D0411F8
04 0000010|111010000111|00001001101110|100 0x05D0E1374
05 0000001|111100110101|00000001100011|101 0x03E6A031D
06 0000010|111110011011|00000101101111|001 0x05F360B79
07 0000001|111110100000|00000001100011|011 0x03F40031B
08 0001100|000010110101|00001010001111|011 0x1816A147B
09 0000001|001000110000|00000000010111|000 0x0246000B8
BX = 000 Event : 25
00 0000011|111100011110|00001100100111|101 0x07E3C193D
01 0000011|111100111111|00001100110110|011 0x07E7E19B3
02 0001101|111101001011|00001111000000|110 0x1BE961E06
03 0001101|111101010010|00001110101110|011 0x1BEA41D73
04 0001100|000000001011|00001100011110|010 0x1801618F2
05 0000010|000001001111|00000111000111|001 0x0409E0E39
06 0000010|000001101010|00000110111001|110 0x040D40DCE
07 0000010|000100000101|00001000110011|111 0x0420A119F
08 0000010|000100000111|00001000100111|000 0x0420E1138
09 0001101|000010011111|00111111101110|101 0x1A13E7F75
BX = 001 Event : 26
00 0001100|111011011001|00001100110101|110 0x19DB219AE
01 0001011|111011101000|00000010111001|100 0x17DD005CC
02 0000100|111100100011|00010001011110|001 0x09E4622F1
03 0001101|111101000011|00001111100111|110 0x1BE861F3E
04 0001101|111101100110|00001111100100|100 0x1BECC1F24
05 0000100|111110100010|00010001001101|110 0x09F44226E
06 0000011|000001000101|00001101000001|110 0x0608A1A0E
07 0001101|000100100010|00001101110100|101 0x1A2441BA5
08 0001110|000111000000|00010010000110|111 0x1C3802437
09 0000010|001000101011|00000111001010|011 0x044560E53
0a 0000100|110111111101|00111101001110|010 0x09BFA7A72
0b 0001110|111000001100|00111101101011|011 0x1DC187B5B
BX = 010 Event : 27
00 0000010|000001011011|00000110110001|011 0x040B60D8B
01 0000001|001000110000|00000100111101|100 0x0246009EC
BX = 011 Event : 28
00 0000010|110111000001|00000111010010|110 0x05B820E96
01 0000011|110111010011|00001101011110|010 0x07BA61AF2
02 0000010|111010011011|00001000101101|110 0x05D36116E
03 0000010|111100001111|00001010110101|000 0x05E1E15A8
04 0000010|000011000001|00001010101011|110 0x04182155E
05 0000001|000011010011|00000101010100|010 0x021A60AA2
06 0000010|000011011101|00001010110101|000 0x041BA15A8
07 0001101|000101011001|00001110001100|010 0x1A2B21C62
08 0000001|000110001010|00000011011010|001 0x0231406D1
09 0000011|001000100110|00001110010111|100 0x0644C1CBC
0a 0000001|001000100110|00000000011111|000 0x0244C00F8
0b 0000100|110111011000|00111111000001|100 0x09BB07E0C
BX = 100 Event : 29
00 0001100|111000010001|00001011001111|011 0x19C22167B
01 0001100|000000000110|00001011001101|000 0x1800C1668
02 0001100|000000000110|00001011111000|001 0x1800C17C1
03 0000001|000000110001|00000010000000|110 0x020620406
04 0000010|000011110011|00000110001110|100 0x041E60C74
BX = 101 Event : 30
00 0000001|111100111010|00000010111101|001 0x03E7405E9
01 0000010|111111000011|00001010111110|010 0x05F8615F2
02 0000101|000001010100|00010010100100|100 0x0A0A82524
03 0001100|000101011100|00001001010101|110 0x182B812AE
04 0000010|000101011101|00001001111000|110 0x042BA13C6
05 0000001|000101101100|00000100110101|000 0x022D809A8
06 0000010|000110001000|00000111111000|001 0x043100FC1
07 0000001|000110010111|00000001111100|001 0x0232E03E1
08 0001101|111010101100|00111111001001|110 0x1BD587E4E
09 0001101|111011001010|00111111010101|101 0x1BD947EAD
BX = 110 Event : 31
00 0000001|110110111111|00000100011000|010 0x03B7E08C2
01 0000001|110111000001|00000100001101|101 0x03B82086D
02 0000010|111001100001|00000110100010|010 0x05CC20D12
03 0001011|111011000101|00000011111011|100 0x17D8A07DC
04 0001101|111011011001|00010000001001|011 0x1BDB2204B
05 0000001|111110001110|00000011110001|011 0x03F1C078B
06 0001011|111111100001|00000100101100|011 0x17FC20963
07 0000010|000000110110|00000110011000|100 0x0406C0CC4
08 0000001|000000111011|00000010101101|001 0x020760569
09 0001100|000100011000|00001011011011|011 0x1823016DB
0a 0000100|000101100000|00010000100000|001 0x082C02101
0b 0001011|000111100000|00000111011101|111 0x163C00EEF
0c 0001100|000111100101|00001010011000|111 0x183CA14C7
0d 0001101|000100011000|00111111001100|101 0x1A2307E65
BX = 111 Event : 32
00 0000001|110111100100|00000000001001|110 0x03BC8004E
01 0000100|110111100111|00001111010110|010 0x09BCE1EB2
02 0000010|000100000000|00000111010000|110 0x042000E86
03 0000011|000110011010|00001011001111|000 0x063341678
04 0001101|111011101010|00111110110010|000 0x1BDD47D90
05 0001101|111011101101|00111110110100|000 0x1BDDA7DA0
06 0000100|111100001000|00111110101111|000 0x09E107D78
07 0000100|111100001010|00111110101111|000 0x09E147D78
08 0001101|000010100100|00111111011100|101 0x1A1487EE5
BX = 000 Event : 33
00 0001011|111010111000|00000110100011|010 0x17D700D1A
01 0001011|111011000010|00000011011100|110 0x17D8406E6
02 0000010|111100101101|00000110010001|100 0x05E5A0C8C
03 0001011|111101101001|00000101111000|000 0x17ED20BC0
04 0000001|111110100111|00000001100110|011 0x03F4E0333
05 0000011|000011111101|00001011010000|010 0x061FA1682
06 0000001|000100001100|00000100111111|010 0x0221809FA
BX = 001 Event : 34
00 0000001|110111001110|00000000101110|001 0x03B9C0171
01 0000001|110111010000|00000010001011|001 0x03BA00459
02 0000010|111010001111|00000110010010|011 0x05D1E0C93
03 0001100|111010110110|00001100001100|100 0x19D6C1864
04 0001101|111010110110|00001101111010|101 0x1BD6C1BD5
05 0001101|111010111011|00001110101100|101 0x1BD761D65
06 0001100|111011000000|00001011101101|100 0x19D80176C
07 0001101|111011000010|00010000000000|110 0x1BD842006
08 0001100|111011000101|00001011110010|110 0x19D8A1796
09 0001101|111011000101|00001111101111|010 0x1BD8A1F7A
0a 0001100|111011000111|00001010110011|100 0x19D8E159C
0b 0001101|111011000111|00001101111101|110 0x1BD8E1BEE
0c 0001101|111011001010|00001111110001|000 0x1BD941F88
0d 0001101|111011011001|00001111110100|100 0x1BDB21FA4
0e 0001101|111011011001|00010000000000|100 0x1BDB22004
0f 0001101|111011100011|00001101111011|110 0x1BDC61BDE
10 0001101|111011101010|00001111101110|001 0x1BDD41F71
11 0000100|111011111110|00001111100000|001 0x09DFC1F01
12 0000010|111100000000|00000101100101|101 0x05E000B2D
13 0000001|111100100001|00000000110100|010 0x03E4201A2
14 0001101|000010010111|00001111010101|101 0x1A12E1EAD
15 0000100|001000001101|00010000010100|111 0x0841A20A7
16 0000100|110111101100|00111100110111|100 0x09BD879BC
17 0000100|110111110001|00111100110001|001 0x09BE27989
BX = 010 Event : 35
00 0001101|000110110110|00001111000110|011 0x1A36C1E33
01 0001110|111000100101|00111101000000|011 0x1DC4A7A03
02 0000100|000001101101|00111110100011|011 0x080DA7D1B
BX = 011 Event : 36
00 0000010|111001111011|00000110011111|101 0x05CF60CFD
01 0000100|111010011001|00010000010001|101 0x09D32208D
02 0001011|111101111010|00000111000101|101 0x17EF40E2D
03 0000100|111110100010|00010000011101|010 0x09F4420EA
04 0000011|111110100010|00001100101000|000 0x07F441940
05 0001011|000110111101|00000100000111|010 0x1637A083A
06 0000010|001000111100|00000111110010|011 0x044780F93
BX = 100 Event : 37
00 0000010|111110111011|00001000010100|011 0x05F7610A3
01 0000011|000001000000|00001101011000|011 0x060801AC3
02 0001101|000101000011|00010000001001|011 0x1A286204B
03 0001010|000111000010|00000000010101|000 0x1438400A8
BX = 101 Event : 38
00 0001100|000111001100|00001011010101|111 0x1839816AF
BX = 110 Event : 39
00 0001011|111001010010|00000101000011|000 0x17CA40A18
01 0000101|111110001100|00010010100000|100 0x0BF182504
02 0000011|000001100000|00001100110000|011 0x060C01983
03 0000001|000100000111|00000011100101|010 0x0220E072A
04 0001011|000101001111|00000011011111|010 0x1629E06FA
05 0001110|000111010001|00111101110001|110 0x1C3A27B8E
BX = 111 Event : 40
00 0000100|111001100001|00010001110101|110 0x09CC223AE
01 0000100|111001100100|00010000010001|001 0x09CC82089
02 0001101|111010111101|00001111011010|110 0x1BD7A1ED6
03 0001100|111101010010|00001001101101|001 0x19EA41369
04 0000100|111110010110|00010001100001|110 0x09F2C230E
05 0000100|111110011000|00010001100100|101 0x09F302325
06 0001100|111111110010|00001010100100|011 0x19FE41523
07 0001011|111111110111|00001000011110|011 0x17FEE10F3
08 0000011|000001010100|00001110111110|101 0x060A81DF5
09 0000011|000001010110|00001110111011|110 0x060AC1DDE
0a 0000100|000001011011|00001111101001|010 0x080B61F4A
0b 0001110|000101010010|00010001101101|001 0x1C2A42369
0c 0001101|000101011100|00001111111000|110 0x1A2B81FC6
0d 0000010|000101100111|00000101111001|010 0x042CE0BCA
BX = 000 Event : 41
00 0001100|111111011100|00001100111010|010 0x19FB819D2
01 0001011|111111101000|00000100110101|101 0x17FD009AD
02 0001011|000010100001|00000010000010|010 0x161420412
03 0001011|000100100000|00000101110010|100 0x162400B94
04 0001110|000100101100|00010001011110|000 0x1C25822F0
BX = 001 Event : 42
00 0001011|111000001110|00000111011101|000 0x17C1C0EE8
01 0001011|111000001110|00000111110000|010 0x17C1C0F82
02 0001011|111000011000|00000111101010|111 0x17C300F57
03 0001011|111001000000|00000101101111|101 0x17C800B7D
04 0000010|111010011001|00001000100000|010 0x05D321102
05 0000001|111100010010|00000010110110|001 0x03E2405B1
06 0000010|111100101101|00001010010110|010 0x05E5A14B2
07 0000011|111110011101|00001110000000|010 0x07F3A1C02
08 0000011|111110101100|00001101100011|111 0x07F581B1F
09 0001101|000110111001|00001101100101|011 0x1A3721B2B
0a 0001110|000010001101|00111110011101|000 0x1C11A7CE8
0b 0000100|000011000001|00111111001001|011 0x081827E4B
BX = 010 Event : 43
00 0000011|110110111111|00001011100000|101 0x07B7E1705
01 0000011|110111011000|00001011101111|011 0x07BB0177B
02 0001100|111000100010|00001100111110|000 0x19C4419F0
03 0001110|111000111110|00010010010011|101 0x1DC7C249D
04 0000100|111001010111|00010000001111|100 0x09CAE207C
05 0000011|111001011010|00001100100001|110 0x07CB4190E
06 0000010|111001011100|00001010000011|000 0x05CB81418
07 0000100|111001100001|00001111001111|101 0x09CC21E7D
08 0000100|111001100100|00001111010011|000 0x09CC81E98
09 0000001|111010000101|00000101010001|001 0x03D0A0A89
0a 0000001|000000101001|00000011000000|011 0x020520603
0b 0000100|000001010100|00001111110101|110 0x080A81FAE
0c 0001011|000010000001|00000010100111|110 0x16102053E
BX = 011 Event : 44
00 0000010|111001101011|00001000100000|011 0x05CD61103
01 0001100|111011011110|00001010010010|011 0x19DBC1493
02 0000011|000011110001|00001011110101|011 0x061E217AB
03 0000010|000110000000|00000110000000|010 0x043000C02
04 0000011|000111110100|00001011101111|011 0x063E8177B
BX = 100 Event : 45
00 0001010|111000101100|00000000001001|000 0x15C580048
01 0000100|111010001010|00010010000000|100 0x09D142404
02 0000011|111011111011|00001110110001|011 0x07DF61D8B
03 0000001|000001011001|00000101010111|101 0x020B20ABD
04 0001101|000010101011|00001110011101|101 0x1A1561CED
05 0001011|000101010010|00000001000110|001 0x162A40231
06 0001101|000101010010|00001110101010|100 0x1A2A41D54
07 0001101|000101010010|00001110110100|111 0x1A2A41DA7
08 0001011|000101011001|00001000011110|100 0x162B210F4
09 0001010|000110111000|00000000110101|000 0x1437001A8
0a 0001100|000111001010|00001000111011|001 0x1839411D9
0b 0001110|000111001111|00010010010000|101 0x1C39E2485
0c 0000100|110111100010|00111101010011|111 0x09BC47A9F
0d 0000100|000001001010|00111110100110|010 0x080947D32
BX = 101 Event : 46
00 0001100|111001000101|00001010001001|110 0x19C8A144E
01 0000010|111010011011|00001010011010|110 0x05D3614D6
02 0001100|111010100111|00001001000101|100 0x19D4E122C
03 0000001|111100100110|00000011000110|110 0x03E4C0636
04 0001011|111101101001|00000100111000|110 0x17ED209C6
05 0000100|000011001001|00010000001110|110 0x081922076
06 0000001|000011001110|00000001101011|100 0x0219C035C
07 0000011|001000010111|00001100001000|111 0x0642E1847
BX = 110 Event : 47
00 0000100|110111111011|00001111011101|010 0x09BF61EEA
01 0001101|111001000101|00010000010101|011 0x1BC8A20AB
02 0000001|111001010111|00000000000110|000 0x03CAE0030
03 0000010|111010000111|00001010100101|001 0x05D0E1529
04 0000001|111010001111|00000000011111|000 0x03D1E00F8
05 0001011|111010111101|00000001101000|110 0x17D7A0346
06 0001100|111011010001|00001000111111|010 0x19DA211FA
07 0000001|111100001111|00000011111110|101 0x03E1E07F5
08 0000010|111100101101|00000111010110|100 0x05E5A0EB4
09 0000001|111100110111|00000100010011|100 0x03E6E089C
0a 0001011|111110000010|00000101110101|111 0x17F040BAF
0b 0001011|111110000010|00000110001011|001 0x17F040C59
0c 0001101|000010010111|00001110001111|100 0x1A12E1C7C
0d 0000100|000011001110|00010001100111|001 0x0819C2339
0e 0000100|000011001110|00010001011001|111 0x0819C22CF
0f 0000011|001000000011|00001110111011|101 0x064061DDD
10 0001101|111000110001|00111111011101|010 0x1BC627EEA
11 0001110|111101110011|00111101001001|011 0x1DEE67A4B
12 0000100|111110010001|00111110001101|011 0x09F227C6B
BX = 111 Event : 48
00 0000100|111110100000|00010000111111|011 0x09F4021FB
01 0000100|111110101100|00010000011010|011 0x09F5820D3
02 0000100|111110111011|00001111100000|010 0x09F761F02
03 0001011|000100011000|00000111100000|001 0x162300F01
04 0001011|000100011000|00001000001000|010 0x162301042
05 0000001|000101111001|00000011111011|001 0x022F207D9
06 0001011|000111101111|00000011001000|100 0x163DE0644
07 0001011|000111110010|00000010111110|011 0x163E405F3
08 0000011|000111111110|00001100000010|010 0x063FC1812
09 0001110|000010110011|00111101101011|000 0x1C1667B58
0a 0001110|000010111111|00111101101100|100 0x1C17E7B64
BX = 000 Event : 49
00 0000011|111001111000|00001101010010|001 0x07CF01A91
01 0001011|111101110011|00000001001100|100 0x17EE60264
02 0000011|111110110100|00001110010011|010 0x07F681C9A
03 0000010|000110010000|00000111110101|110 0x043200FAE
04 0000100|001001000001|00010010000001|110 0x08482240E
05 0001101|000010101011|00111111010010|111 0x1A1567E97
BX = 001 Event : 50
00 0001100|111111110111|00001011110000|110 0x19FEE1786
01 0001100|000000011111|00001001100001|010 0x1803E130A
02 0000011|000011110110|00001100111000|001 0x061EC19C1
03 0000010|001000010111|00000111010101|110 0x0442E0EAE
04 0001101|000000100010|00111111100011|111 0x1A0447F1F
05 0000100|000011100100|01000000000101|010 0x081C8802A
BX = 010 Event : 51
00 0000011|110111101100|00001100111100|011 0x07BD819E3
01 0000011|110111101110|00001100111100|011 0x07BDC19E3
02 0000100|110111111101|00010010011010|111 0x09BFA24D7
03 0001101|111001010010|00010000100110|110 0x1BCA42136
04 0001011|111101100001|00000111100010|111 0x17EC20F17
05 0001101|111101100110|00010000100111|011 0x1BECC213B
06 0001011|111110000111|00000111111010|111 0x17F0E0FD7
07 0000010|111111001101|00000110100010|010 0x05F9A0D12
08 0001101|111111011001|00001101011110|010 0x1BFB21AF2
09 0000001|001000100110|00000000101110|010 0x0244C0172
0a 0000100|111110100101|00111111110011|101 0x09F4A7F9D
0b 0000100|000101110001|00111110000100|011 0x082E27C23
BX = 011 Event : 52
00 0000001|110111001001|00000001101111|101 0x03B92037D
01 0000010|110111011101|00000111011111|011 0x05BBA0EFB
02 0001011|111001001111|00000110111100|001 0x17C9E0DE1
03 0001010|111001010010|00000000110100|111 0x15CA401A7
04 0000011|111010010001|00001100111100|010 0x07D2219E2
05 0000100|111100100110|00001111011101|001 0x09E4C1EE9
06 0000100|111100110101|00010000111100|000 0x09E6A21E0
07 0001101|111101000110|00010000011000|100 0x1BE8C20C4
08 0000010|000001100101|00001001110101|110 0x040CA13AE
09 0001011|000010101011|00000101111100|001 0x161560BE1
0a 0001101|000101011100|00010000000000|011 0x1A2B82003
0b 0001100|000111110010|00001100000011|101 0x183E4181D
0c 0000011|000111110110|00001100001011|000 0x063EC1858
0d 0000100|110111010011|00111101010011|011 0x09BA67A9B
BX = 100 Event : 53
00 0000011|110111110011|00001101100001|011 0x07BE61B0B
01 0001100|111101010000|00001100011011|100 0x19EA018DC
02 0001101|000000011010|00001111110001|011 0x1A0341F8B
03 0001011|000001111100|00000010011111|001 0x160F804F9
04 0001011|000110110011|00000110101001|110 0x163660D4E
05 0001110|000110111101|00010001100011|100 0x1C37A231C
06 0001110|000110111101|00010001101010|010 0x1C37A2352
07 0001110|111101011111|00111101010011|001 0x1DEBE7A99
08 0001110|111101111111|00111110000000|100 0x1DEFE7C04
09 0000100|001000110101|00111101000101|100 0x0846A7A2C
BX = 101 Event : 54
00 0000010|000001000101|00001000110110|101 0x0408A11B5
01 0000011|000001010001|00001101110100|110 0x060A21BA6
02 0000100|000001010100|00010000001000|011 0x080A82043
03 0000010|000001010100|00001001011001|000 0x040A812C8
04 0000100|000001101000|00010001100100|011 0x080D02323
05 0000001|000001110100|00000010101111|110 0x020E8057E
06 0001011|000010110101|00000010010110|101 0x1616A04B5
07 0000100|000001010001|00111111100000|010 0x080A27F02
BX = 110 Event : 55
00 0000100|111001101110|00010000010111|010 0x09CDC20BA
01 0000001|111010000111|00000100101110|101 0x03D0E0975
02 0000001|111010001010|00000100101100|110 0x03D140966
03 0000010|111010001100|00000111100011|110 0x05D180F1E
04 0000100|111010100101|00010001010101|010 0x09D4A22AA
05 0001101|111010101001|00010000100000|011 0x1BD522103
06 0001011|111011010110|00001000100001|001 0x17DAC1109
07 0001101|111011011001|00001110110111|101 0x1BDB21DBD
08 0000001|111100001010|00000100000001|001 0x03E140809
09 0000001|000100001010|00000011001001|101 0x02214064D
0a 0000100|110111111101|00111110011000|000 0x09BFA7CC0
BX = 111 Event : 56
00 0000001|111000000000|00000000101000|100 0x03C000144
01 0000100|111010001010|00010000001110|110 0x09D142076
02 0000100|111010011001|00001111010011|110 0x09D321E9E
03 0001011|111010101001|00000010000000|101 0x17D520405
04 0001011|111010101100|00000110010100|010 0x17D580CA2
05 0001101|111011000111|00001111111101|100 0x1BD8E1FEC
06 0000001|111100100001|00000000000011|110 0x03E42001E
07 0000001|111100100011|00000010001010|011 0x03E460453
08 0000001|000001110100|00000100001010|101 0x020E80855
09 0001011|000100100101|00000111100100|100 0x1624A0F24
0a 0001011|000100101010|00000111010110|100 0x162540EB4
0b 0000011|000110100001|00001110101000|100 0x063421D44
0c 0000100|111001110000|00111101000101|000 0x09CE07A28
0d 0000100|000001001010|00111110100111|000 0x080947D38
BX = 000 Event : 57
00 0000001|110111000001|00000011101010|000 0x03B820750
01 0000100|110111000100|00010000111001|001 0x09B8821C9
02 0000011|110111000100|00001110001000|000 0x07B881C40
03 0000010|110111000101|00001010101011|001 0x05B8A1559
04 0000001|110111000100|00000011010101|000 0x03B8806A8
05 0000010|110111000110|00001000011101|100 0x05B8C10EC
06 0000011|110111001001|00001101110111|001 0x07B921BB9
07 0000001|110111011000|00000000101011|000 0x03BB00158
08 0000010|110111100010|00001000100011|001 0x05BC41119
09 0001101|111000001110|00001101101110|101 0x1BC1C1B75
0a 0000011|111001110110|00001110010111|100 0x07CEC1CBC
0b 0000100|111011110100|00010000101101|110 0x09DE8216E
0c 0000001|111100001000|00000100100000|110 0x03E100906
0d 0001100|111111110000|00001100101010|100 0x19FE01954
0e 0001011|000111000010|00000111001000|110 0x163840E46
0f 0001100|000111110111|00001100010100|110 0x183EE18A6
10 0000100|000011110011|00111110100110|110 0x081E67D36
BX = 001 Event : 58
00 0001100|111111101000|00001001010000|110 0x19FD01286
01 0001011|111111111100|00000011110010|000 0x17FF80790
02 0000010|000000111000|00000110001100|110 0x040700C66
03 0001011|000010000001|00000011110010|101 0x161020795
04 0001100|000010010101|00001100001001|100 0x1812A184C
05 0000010|000011011111|00000111001011|111 0x041BE0E5F
06 0001011|000101000101|00000001001001|111 0x1628A024F
07 0001100|000101001010|00001101000000|110 0x182941A06
BX = 010 Event : 59
00 0000100|111011110001|00010000110100|111 0x09DE221A7
01 0000010|000011010000|00000111001010|001 0x041A00E51
02 0000011|000110001101|00001100100100|101 0x0631A1925
03 0001110|000101000000|00111110000000|100 0x1C2807C04
BX = 011 Event : 60
00 0000010|000001010100|00000111001101|001 0x040A80E69
01 0000010|000011101100|00000111000111|011 0x041D80E3B
02 0001110|000111110100|00111101100110|010 0x1C3E87B32
BX = 100 Event : 61
00 0000010|111000000111|00001000000001|011 0x05C0E100B
01 0000100|111001111000|00001111111011|001 0x09CF01FD9
02 0001011|111010110011|00000001001000|011 0x17D660243
03 0001100|111011100101|00001001110101|111 0x19DCA13AF
04 0001100|000010001011|00001010010101|101 0x1811614AD
05 0001100|000010110000|00001001111001|101 0x1816013CD
06 0001011|000100100000|00000100111000|100 0x1624009C4
07 0001011|000100110100|00000100101001|000 0x162680948
08 0001010|000101100001|00000000101011|001 0x142C20159
BX = 101 Event : 62
00 0000010|111001110110|00001001101110|110 0x05CEC1376
01 0001010|111011000101|00000000001001|111 0x15D8A004F
02 0001100|111011011110|00001100101101|001 0x19DBC1969
03 0000011|111100000000|00001011101001|101 0x07E00174D
04 0000011|111100000011|00001011101001|101 0x07E06174D
05 0000001|000001100000|00000100000111|100 0x020C0083C
06 0001100|000111010100|00001011011110|000 0x183A816F0
07 0001100|000111111001|00001100010111|100 0x183F218BC
08 0000010|001000011100|00001000000011|101 0x04438101D
09 0000100|111100010111|00111111001011|010 0x09E2E7E5A
BX = 110 Event : 63
00 0001011|111000110110|00000101000100|100 0x17C6C0A24
01 0001011|111000110110|00000101001100|001 0x17C6C0A61
BX = 111 Event : 64
00 0000001|110111000001|00000010001000|101 0x03B820445
01 0000001|110111100010|00000100100001|110 0x03BC4090E
02 0000001|111000000111|00000010110010|110 0x03C0E0596
03 0000010|111001011010|00000110011000|111 0x05CB40CC7
04 0001011|111010101110|00000101101001|101 0x17D5C0B4D
05 0000010|111100111100|00000111111000|000 0x05E780FC0
06 0001010|111100111100|00000000000011|010 0x15E78001A
07 0000010|000001100011|00001010000110|111 0x040C61437
08 0001011|000010010101|00000010000100|011 0x1612A0423
09 0001101|000100011101|00001111101100|101 0x1A23A1F65
0a 0000100|001000111100|00010000110000|101 0x084782185
0b 0000100|000000101001|00111101001010|011 0x080527A53
BX = 000 Event : 65
00 0000100|111010011001|00001111011110|111 0x09D321EF7
01 0000010|111100000011|00001000111110|101 0x05E0611F5
02 0001110|000000011101|00010001001100|110 0x1C03A2266
BX = 001 Event : 66
00 0000001|110111100100|00000000100101|111 0x03BC8012F
01 0000010|111111011001|00001001011011|110 0x05FB212DE
02 0000001|000000110011|00000100100110|001 0x020660931
03 0001100|000100100101|00001010000010|011 0x1824A1413
04 0001100|000100100111|00001010000010|011 0x1824E1413
05 0000010|000110011111|00000111000100|000 0x0433E0E20
06 0000100|001000110101|00001111100011|110 0x0846A1F1E
07 0000100|111011111001|00111111110110|001 0x09DF27FB1
08 0001101|111101010010|00111111101001|101 0x1BEA47F4D
09 0000100|000100000000|00111101011101|100 0x082007AEC
0a 0001101|000100111011|00111111111101|010 0x1A2767FEA
BX = 010 Event : 67
00 0000100|110111100111|00001111010110|010 0x09BCE1EB2
01 0001101|111001001101|00001110110100|101 0x1BC9A1DA5
02 0000001|111010100101|00000010011000|001 0x03D4A04C1
03 0001011|111010100010|00000010011100|000 0x17D4404E0
04 0000010|000011001110|00001001100100|110 0x0419C1326
05 0001100|000100101100|00001010000111|010 0x18258143A
06 0000001|000110010111|00000001111001|010 0x0232E03CA
07 0001110|111101111101|00111101010110|000 0x1DEFA7AB0
08 0000100|111111001111|00111101011001|011 0x09F9E7ACB
09 0000100|111111001111|00111101010011|001 0x09F9E7A99
0a 0000100|000011011000|00111101111110|000 0x081B07BF0
BX = 011 Event : 68
00 0001011|000000000110|00000111011100|110 0x1600C0EE6
01 0000001|000000111000|00000011100010|011 0x020700713
02 0000001|000001010100|00000010110000|010 0x020A80582
03 0001011|000100100010|00000100011110|010 0x1624408F2
04 0001110|000111011001|00010001000000|110 0x1C3B22206
BX = 100 Event : 69
00 0000011|110111011101|00001110001100|101 0x07BBA1C65
01 0000011|000000111000|00001101111101|100 0x060701BEC
02 0000001|000001001010|00000100001010|000 0x020940850
03 0000001|000001101111|00000010001101|110 0x020DE046E
04 0001100|000111110010|00001011101001|100 0x183E4174C
05 0000100|000001101101|00111101100010|110 0x080DA7B16
BX = 101 Event : 70
00 0000010|110110111111|00000111100100|100 0x05B7E0F24
01 0001011|111001001000|00000110001011|111 0x17C900C5F
02 0001101|111100111100|00010000100100|001 0x1BE782121
03 0001110|111101001000|00010001011110|011 0x1DE9022F3
04 0000011|111110100010|00001100100010|111 0x07F441917
05 0000011|000011101100|00001100100100|110 0x061D81926
06 0000100|111111001111|00111110110111|000 0x09F9E7DB8
BX = 110 Event : 71
00 0000100|111001011010|00010010000001|000 0x09CB42408
01 0000001|111010100101|00000000001001|011 0x03D4A004B
02 0001011|000000011111|00000110100000|111 0x1603E0D07
03 0000010|000100000111|00000111101100|010 0x0420E0F62
04 0001101|000111111001|00001101001110|001 0x1A3F21A71
05 0000011|000111111110|00001101001001|000 0x063FC1A48
06 0001101|111010110011|00111111000010|110 0x1BD667E16
07 0001101|000101011110|00111111101000|001 0x1A2BC7F41
08 0001101|000110110110|00111111010101|100 0x1A36C7EAC
09 0001101|000110111000|00111111010111|100 0x1A3707EBC
BX = 111 Event : 72
00 0001100|111000101100|00001100100111|110 0x19C58193E
01 0001110|111001001101|00010001101010|110 0x1DC9A2356
02 0000011|111001101001|00001110000110|101 0x07CD21C35
03 0001100|111101110000|00001011110010|111 0x19EE01797
04 0001011|111111011100|00000010011111|101 0x17FB804FD
05 0001011|000000010011|00000001000011|000 0x160260218
06 0000011|000111110100|00001011101011|111 0x063E8175F
07 0000010|000111110110|00000110110001|010 0x043EC0D8A
08 0000100|001000100001|00010010001001|001 0x084422449
09 0001101|111010101100|00111110100101|011 0x1BD587D2B
BX = 000 Event : 73
00 0000001|110111110011|00000011001001|011 0x03BE6064B
01 0000010|111010010100|00001010110101|011 0x05D2815AB
02 0000010|111010100101|00000110011011|000 0x05D4A0CD8
03 0001011|111010011111|00000110001110|110 0x17D3E0C76
04 0001011|111010100111|00000001001001|011 0x17D4E024B
05 0001011|111011011011|00000110011010|011 0x17DB60CD3
06 0001100|111101001000|00001011100100|011 0x19E901723
07 0001100|111101001000|00001011101010|001 0x19E901751
08 0000011|000100000010|00001100001011|001 0x062041859
09 0001011|000100011000|00000001100010|100 0x162300314
0a 0001100|000111000111|00001011000110|110 0x1838E1636
0b 0001101|000111110100|00001101011000|000 0x1A3E81AC0
0c 0001101|000111110100|00001101100100|010 0x1A3E81B22
0d 0000011|001000001101|00001110001000|000 0x0641A1C40
0e 0000010|001000011001|00001000100011|000 0x044321118
0f 0000010|001000101101|00001000011100|101 0x0445A10E5
10 0000010|001000110101|00001010010011|110 0x0446A149E
11 0000011|001000110111|00001100001011|110 0x0646E185E
12 0000100|111110110100|00111101011101|001 0x09F687AE9
13 0001110|000111001010|00111101000010|010 0x1C3947A12
BX = 001 Event : 74
00 0000100|111001110011|00010000010111|011 0x09CE620BB
01 0000100|111100000101|00010001011000|110 0x09E0A22C6
02 0000010|001000100011|00001010101010|101 0x044461555
03 0000011|001000110101|00001100000011|010 0x0646A181A
04 0000011|001000110111|00001100000011|010 0x0646E181A
BX = 010 Event : 75
00 0000100|110110111111|00001111010011|000 0x09B7E1E98
01 0000010|111001110011|00001000001011|100 0x05CE6105C
02 0001011|000100100000|00000010111011|100 0x1624005DC
03 0001011|000100100010|00000010011111|001 0x1624404F9
04 0001101|000100100111|00001111111010|011 0x1A24E1FD3
05 0001110|000100111110|00010001000000|110 0x1C27C2206
06 0001011|000101011001|00000011000100|011 0x162B20623
07 0000011|000110101001|00001011100011|010 0x06352171A
08 0000010|000110101001|00001000001011|100 0x04352105C
09 0001101|000111110010|00001101111110|001 0x1A3E41BF1
0a 0001100|000111110100|00001100100100|011 0x183E81923
0b 0001101|000111110111|00001110110101|110 0x1A3EE1DAE
0c 0000100|000110011010|00111101000011|100 0x083347A1C
0d 0001110|000110110011|00111101010011|000 0x1C3667A98
0e 0000100|001000011110|00111111001011|100 0x0843C7E5C
BX = 011 Event : 76
00 0000010|111100111111|00001010001000|000 0x05E7E1440
01 0000100|000011011101|00010001111100|001 0x081BA23E1
02 0000011|000100000111|00001110100010|010 0x0620E1D12
03 0001100|000100111001|00001100100111|000 0x182721938
04 0000010|000110100100|00000101111001|011 0x043480BCB
05 0001011|000111001111|00000101001100|001 0x1639E0A61
06 0001110|111101111000|00111101110111|011 0x1DEF07BBB
BX = 100 Event : 77
00 0000010|110111101110|00001000101010|010 0x05BDC1152
01 0001011|111000101111|00000110010111|101 0x17C5E0CBD
02 0000011|111100100011|00001011001001|111 0x07E46164F
03 0000011|111110010011|00001100101000|111 0x07F261947
04 0000011|111111000101|00001101110100|110 0x07F8A1BA6
05 0000011|111111010010|00001100001011|010 0x07FA4185A
06 0001011|000010010111|00000100101111|011 0x1612E097B
07 0001100|000010111010|00001010111101|011 0x1817415EB
08 0000001|000011000110|00000100000001|100 0x0218C080C
09 0000010|000011100010|00001000101101|001 0x041C41169
0a 0000011|000100000010|00001110110100|010 0x062041DA2
0b 0000001|000100000101|00000010001000|001 0x0220A0441
0c 0000011|000110100100|00001110011111|010 0x063481CFA
0d 0000011|000110100110|00001110011111|010 0x0634C1CFA
0e 0000100|001000111111|00010001001110|011 0x0847E2273
BX = 101 Event : 78
00 0000011|111010011011|00001101101110|100 0x07D361B74
01 0000010|111110010011|00001000010010|110 0x05F261096
02 0001101|000000011010|00001111100111|001 0x1A0341F39
03 0001110|000000100100|00010000111010|010 0x1C04821D2
04 0000100|000001011110|00010010010100|000 0x080BC24A0
05 0000100|000011010101|00001111100011|000 0x081AA1F18
06 0001100|000110111101|00001011110000|010 0x1837A1782
BX = 110 Event : 79
00 0000010|110111011010|00000111000100|000 0x05BB40E20
01 0001100|111001000101|00001001011011|000 0x19C8A12D8
02 0000001|111001010111|00000100010000|101 0x03CAE0885
03 0000011|111010011011|00001110100010|101 0x07D361D15
04 0001011|111011100101|00000110111100|101 0x17DCA0DE5
05 0001011|000010011111|00000100010111|001 0x1613E08B9
06 0001011|000111101111|00000110010100|000 0x163DE0CA0
07 0000100|000011001011|00111110011001|110 0x081967CCE
08 0000100|000011101100|00111111100010|110 0x081D87F16
BX = 111 Event : 80
00 0000001|111000001100|00000011000011|000 0x03C180618
01 0001011|111000001110|00000010101000|101 0x17C1C0545
02 0000001|111001011010|00000100001010|100 0x03CB40854
03 0000001|111010000101|00000100010000|000 0x03D0A0880
04 0001100|111010110011|00001000100100|110 0x19D661126
05 0001100|111011101010|00001001100111|001 0x19DD41339
06 0000100|111100110000|00010001001110|100 0x09E602274
07 0001110|000010000011|00010000110101|100 0x1C10621AC
08 0001011|000101001000|00000111101101|010 0x162900F6A
09 0001110|111001001010|00111110010011|011 0x1DC947C9B
BX = 000 Event : 81
00 0000100|110111110110|00001111001101|000 0x09BEC1E68
01 0001011|111000010001|00000100000111|100 0x17C22083C
02 0000001|111011110100|00000011011100|110 0x03DE806E6
03 0001011|111101010010|00000011010000|000 0x17EA40680
04 0001011|111101110011|00000011000100|011 0x17EE60623
05 0000001|111111000000|00000000111000|100 0x03F8001C4
06 0001010|000000011101|00000000000110|010 0x1403A0032
07 0000100|000001000000|00001111111110|011 0x080801FF3
08 0000011|000001011011|00001100100010|101 0x060B61915
09 0001011|000010001011|00000101100011|111 0x161160B1F
0a 0001101|000010010111|00010000011110|001 0x1A12E20F1
0b 0000100|110111001011|00111100111101|001 0x09B9679E9
0c 0001101|111010110011|00111111110111|000 0x1BD667FB8
BX = 001 Event : 82
00 0001110|111011100011|00010001100001|110 0x1DDC6230E
01 0001100|111101010000|00001000110010|000 0x19EA01190
02 0001100|111101011010|00001000110010|000 0x19EB41190
03 0001101|111101101110|00010000011011|000 0x1BEDC20D8
04 0000010|000101110100|00000110111001|111 0x042E80DCF
BX = 010 Event : 83
00 0000010|110111101100|00001010111011|101 0x05BD815DD
01 0000011|111001111011|00001110011010|011 0x07CF61CD3
02 0000011|111010000010|00001100111000|110 0x07D0419C6
03 0000011|111010010110|00001100111100|100 0x07D2C19E4
04 0000010|111010100000|00000110011011|011 0x05D400CDB
05 0000001|111100100001|00000100111100|000 0x03E4209E0
06 0001101|111101000011|00001101101110|101 0x1BE861B75
07 0001011|111111101101|00000011000100|100 0x17FDA0624
08 0001011|000000000001|00000001000000|110 0x160020206
09 0001011|000000000001|00000010010110|101 0x1600204B5
0a 0001011|000000011101|00000011100010|100 0x1603A0714
0b 0001011|000010000011|00000101110010|111 0x161060B97
0c 0000001|000110100100|00000001110100|101 0x0234803A5
0d 0001101|111000011011|01000000010101|011 0x1BC3680AB
0e 0000100|000101111110|00111111010101|001 0x082FC7EA9
0f 0001110|000111110111|00111101100010|011 0x1C3EE7B13
10 0000100|000111110100|00111101011001|101 0x083E87ACD
BX = 011 Event : 84
00 0000001|110111000110|00000001101110|100 0x03B8C0374
01 0000011|111001011111|00001011110100|000 0x07CBE17A0
02 0000011|111001110110|00001011101111|100 0x07CEC177C
03 0000001|111010011110|00000000001011|100 0x03D3C005C
04 0000001|111010100000|00000000100010|011 0x03D400113
05 0000001|111010100011|00000010110011|101 0x03D46059D
06 0001010|111010100010|00000000110100|000 0x15D4401A0
07 0001100|111010110110|00001100011011|100 0x19D6C18DC
08 0001100|111011000010|00001100011110|101 0x19D8418F5
09 0001100|111011000111|00001100011011|101 0x19D8E18DD
0a 0001100|111011001100|00001100110001|010 0x19D98198A
0b 0000001|111100100110|00000011000011|011 0x03E4C061B
0c 0000001|111100101000|00000011000000|010 0x03E500602
0d 0001100|000000001011|00001000101010|101 0x180161155
0e 0001100|000000011000|00001001010000|110 0x180301286
0f 0000010|000011110110|00000111010011|010 0x041EC0E9A
BX = 100 Event : 85
00 0001011|111101000011|00000100011101|000 0x17E8608E8
01 0001100|000110111011|00001001000100|000 0x183761220
02 0001101|111101010000|00111111011100|101 0x1BEA07EE5
BX = 101 Event : 86
00 0000010|110111101001|00001000111111|111 0x05BD211FF
01 0000001|111111000000|00000010110011|010 0x03F80059A
02 0001100|000010001011|00001000110000|110 0x181161186
03 0001100|000010010000|00001000101011|100 0x18120115C
04 0001100|000010010010|00001001001011|000 0x181241258
05 0001010|000100011101|00000000100101|011 0x1423A012B
06 0001100|000101001000|00001010100011|110 0x18290151E
07 0000100|000110000011|00111110011101|101 0x083067CED
08 0000100|000110000101|00111110011001|110 0x0830A7CCE
BX = 110 Event : 87
00 0000001|111010010001|00000000001100|011 0x03D220063
01 0000100|111011110001|00001111010011|101 0x09DE21E9D
02 0000011|111100001101|00001101001100|101 0x07E1A1A65
03 0000010|111100110000|00001010010110|101 0x05E6014B5
04 0000010|111100110000|00001001011001|101 0x05E6012CD
05 0000100|111100110010|00010000100011|010 0x09E64211A
06 0000010|111100110010|00001010010110|101 0x05E6414B5
07 0000010|111100110010|00001001001000|100 0x05E641244
08 0000100|111110100111|00010001100111|011 0x09F4E233B
09 0000100|000101110110|00010000001111|101 0x082EC207D
0a 0001011|000110111000|00000110011100|101 0x163700CE5
0b 0001011|000111000000|00000110010111|100 0x163800CBC
0c 0000011|001000111010|00001110100000|111 0x064741D07
0d 0001110|111101101011|00111101001101|101 0x1DED67A6D
0e 0000100|000000111000|00111101100101|011 0x080707B2B
BX = 111 Event : 88
00 0000001|110111000100|00000011101011|110 0x03B88075E
01 0000001|110111001110|00000100011101|101 0x03B9C08ED
02 0001010|111000011101|00000000100101|101 0x15C3A012D
03 0000001|111001100001|00000010101101|100 0x03CC2056C
04 0000001|111010001100|00000011100010|101 0x03D180715
05 0000010|111010010110|00000110111010|101 0x05D2C0DD5
06 0001100|111011000101|00001100111000|110 0x19D8A19C6
07 0001100|111011011001|00001001011110|110 0x19DB212F6
08 0000100|111100001111|00010000110011|001 0x09E1E2199
09 0001100|111101011111|00001001100100|110 0x19EBE1326
0a 0001011|111101110011|00000001000011|001 0x17EE60219
0b 0001100|111111011100|00001100110101|011 0x19FB819AB
0c 0001011|000000001001|00000101101100|100 0x160120B64
0d 0000100|000011010011|00001111001100|110 0x081A61E66
0e 0000100|001000110000|00111101001101|010 0x084607A6A
BX = 000 Event : 89
00 0000001|111110100010|00000011111100|100 0x03F4407E4
01 0000010|000011011111|00001010110110|110 0x041BE15B6
02 0001100|000100101111|00001000110110|000 0x1825E11B0
03 0000011|000110011100|00001011011010|011 0x0633816D3
04 0000011|000110011100|00001011010011|001 0x063381699
05 0001101|000111110100|00001110100100|011 0x1A3E81D23
06 0000011|000111110110|00001110010011|001 0x063EC1C99
BX = 001 Event : 90
00 0000001|110111010000|00000100001111|100 0x03BA0087C
01 0000100|111011111011|00010001110011|010 0x09DF6239A
02 0000010|111110100101|00000110111001|010 0x05F4A0DCA
03 0000010|111110100101|00000110101000|111 0x05F4A0D47
04 0000011|111110111001|00001011001010|011 0x07F721653
05 0000010|111110111110|00000101100111|010 0x05F7C0B3A
06 0001100|111111100110|00001011101010|010 0x19FCC1752
07 0001100|111111101011|00001011111010|110 0x19FD617D6
08 0001011|111111110111|00000101001110|011 0x17FEE0A73
09 0000100|000001110010|00001111110101|000 0x080E41FA8
BX = 010 Event : 91
00 0000010|110111111011|00001001011011|111 0x05BF612DF
01 0001110|111000110110|00010001111010|101 0x1DC6C23D5
02 0001100|111010110011|00001010111001|111 0x19D6615CF
03 0001011|000001111001|00000111110011|011 0x160F20F9B
04 0001011|000010011010|00000110100011|011 0x161340D1B
05 0001011|000010111111|00001000001011|100 0x1617E105C
06 0000001|000100000010|00000011100010|101 0x022040715
07 0001011|000100100010|00000011010000|011 0x162440683
08 0001011|000100100111|00000010111110|001 0x1624E05F1
09 0001101|111111101101|00111111000101|110 0x1BFDA7E2E
0a 0000100|001000000011|00111110110111|011 0x084067DBB
BX = 011 Event : 92
00 0000001|110111000100|00000011101101|101 0x03B88076D
01 0000001|110111001110|00000100011101|101 0x03B9C08ED
02 0001010|111000011101|00000000100101|101 0x15C3A012D
03 0000001|111001100001|00000010101101|100 0x03CC2056C
04 0000001|111010001100|00000011100010|101 0x03D180715
05 0000010|111010010110|00000110111010|101 0x05D2C0DD5
06 0001100|111011000101|00001100111000|110 0x19D8A19C6
07 0001100|111011011001|00001001011110|110 0x19DB212F6
08 0000100|111100001111|00010000110011|001 0x09E1E2199
09 0001100|111101011111|00001001100100|110 0x19EBE1326
0a 0001011|111101110011|00000001000011|001 0x17EE60219
0b 0001100|111111011100|00001100110101|011 0x19FB819AB
0c 0001011|000000001001|00000101101011|100 0x160120B5C
0d 0000100|000011010011|00001111001100|110 0x081A61E66
0e 0000100|001000110000|00111101001101|001 0x084607A69
BX = 100 Event : 93
00 0000100|111100101000|00001111011001|011 0x09E501ECB
01 0001011|000111001111|00000111001101|110 0x1639E0E6E
02 0001100|000111010110|00001011000011|001 0x183AC1619
BX = 101 Event : 94
00 0000001|110111010000|00000100001111|100 0x03BA0087C
01 0000100|111011111011|00010001110011|010 0x09DF6239A
02 0000011|111110111001|00001011001010|011 0x07F721653
03 0000010|111110111110|00000101100111|010 0x05F7C0B3A
04 0001100|111111100110|00001011101010|010 0x19FCC1752
05 0001100|111111101011|00001011111010|110 0x19FD617D6
06 0000100|000001110010|00001111110101|000 0x080E41FA8
07 0001010|000100111110|00000000101011|000 0x1427C0158
BX = 110 Event : 95
00 0000010|110111010011|00001001110001|101 0x05BA6138D
01 0000011|111100100001|00001101000110|110 0x07E421A36
02 0000100|111100110000|00010001011011|001 0x09E6022D9
03 0000100|000011011101|00010001111100|001 0x081BA23E1
04 0000011|000100000111|00001110100010|010 0x0620E1D12
05 0001100|000100111001|00001100100110|000 0x182721930
06 0000010|000110100100|00000101111001|011 0x043480BCB
07 0001110|111101111000|00111101110111|011 0x1DEF07BBB
BX = 111 Event : 96
00 0001100|111101010000|00001000110000|001 0x19EA01181
01 0001011|000010101001|00000101111010|000 0x161520BD0
02 0000010|000011010011|00001000000001|000 0x041A61008
03 0000010|000101100000|00001010001110|001 0x042C01471
04 0000010|000101110100|00000110111001|111 0x042E80DCF
05 0000100|000101110110|00010010001001|011 0x082EC244B
06 0000100|000101111011|00111101010001|010 0x082F67A8A
07 0001110|000110110110|00111101110100|001 0x1C36C7BA1
08 0001110|000111011110|00111101100101|001 0x1C3BC7B29
09 0001110|000111101101|00111101011111|011 0x1C3DA7AFB
0a 0001110|000111111001|00111101001101|000 0x1C3F27A68
0b 0001110|000111111100|00111101000011|000 0x1C3F87A18
BX = 000 Event : 97
00 0000011|111010011011|00001101101110|100 0x07D361B74
01 0001101|000000011010|00001111100111|001 0x1A0341F39
02 0001110|000000100100|00010000111010|010 0x1C04821D2
03 0000100|000001011110|00010010010010|000 0x080BC2490
04 0001011|000011000010|00000010111111|000 0x1618405F8
05 0000001|000011000110|00000011000100|100 0x0218C0624
06 0001100|000110111101|00001011110000|010 0x1837A1782
07 0001101|111001001010|00111110110001|001 0x1BC947D89
BX = 001 Event : 98
00 0000001|110111000110|00000001101110|100 0x03B8C0374
01 0000001|110111010000|00000001100100|111 0x03BA00327
02 0000001|110111111000|00000010011011|110 0x03BF004DE
03 0001101|111000110110|00010000001111|010 0x1BC6C207A
04 0000100|111110011000|00010000011100|000 0x09F3020E0
05 0000011|111110111011|00001110110001|100 0x07F761D8C
06 0000010|000001101111|00001010110001|001 0x040DE1589
07 0001011|000010000011|00000001110011|110 0x16106039E
08 0000010|000011100100|00001000111111|011 0x041C811FB
09 0001100|000101010111|00001001100001|100 0x182AE130C
0a 0001100|000111001111|00001001011100|000 0x1839E12E0
0b 0000100|110111000100|00111111101001|011 0x09B887F4B
0c 0000100|111001010111|00111101000110|011 0x09CAE7A33
0d 0000100|111010001111|00111110110010|111 0x09D1E7D97
BX = 010 Event : 99
00 0001011|000101001000|00000111101101|010 0x162900F6A
01 0000011|001000100001|00001101111000|000 0x064421BC0
02 0000100|111110110001|00111111001110|101 0x09F627E75
BX = 011 Event : 100
00 0000010|110111111101|00001000100000|000 0x05BFA1100
01 0000001|111000001100|00000100111000|001 0x03C1809C1
02 0001011|111000001100|00000100111110|100 0x17C1809F4
03 0001011|111000100000|00000011100110|100 0x17C400734
04 0001011|111000110110|00000110101000|001 0x17C6C0D41
05 0001011|111000111011|00000110110001|101 0x17C760D8D
06 0001011|111001010010|00000010010110|000 0x17CA404B0
07 0001010|111010101001|00000000110111|100 0x15D5201BC
08 0000011|111100001000|00001110000110|011 0x07E101C33
09 0000001|111110010110|00000011001011|010 0x03F2C065A
0a 0000010|111110111001|00000111001000|000 0x05F720E40
0b 0000001|111111001000|00000011101110|100 0x03F900774
0c 0001011|000000001011|00000111110111|000 0x160160FB8
0d 0000010|000000101001|00000101101010|011 0x040520B53
0e 0000001|000000110001|00000101011010|101 0x020620AD5
0f 0001110|111001001000|00111100111010|001 0x1DC9079D1
