BX = 000 Event : 1
00 010010010001|1011100|00110000101101|001 0x491B86169
01 010010001011|1011100|00011110111010|100 0x48BB83DD4
02 010010111001|1101110|00101110101010|100 0x4B9DC5D54
03 010100110100|0010001|00000101011110|010 0x534220AF2
04 010111011001|1101110|00100100000111|110 0x5D9DC483E
05 010110001101|1011100|00111011011011|001 0x58DB876D9
BX = 001 Event : 2
00 010011100101|1011100|00000000100011|000 0x4E5B80118
01 010011010111|1011100|00100010000111|000 0x4D7B84438
02 010001111111|1101110|00111111000001|100 0x47FDC7E0C
03 010101010000|0010001|00001100100010|001 0x550221911
04 010011101011|0010001|00010001101111|010 0x4EB22237A
05 010100111011|0100011|00111010011000|001 0x53B4674C1
06 010111100110|1101110|00101010101100|000 0x5E6DC5560
07 010110100101|1101110|00001011000010|110 0x5A5DC1616
08 010110100010|1101110|00000110000001|101 0x5A2DC0C0D
09 010111001100|1011100|00110001011100|100 0x5CCB862E4
0a 010111001100|1011100|00110001010101|100 0x5CCB862AC
BX = 010 Event : 3
00 010011011101|1011100|00110010111001|000 0x4DDB865C8
01 010011011000|1011100|00110011000000|000 0x4D8B86600
02 010010011000|1011100|00101001100111|100 0x498B8533C
03 010101101111|0010001|00001000111111|000 0x56F2211F8
04 010101100101|0010001|00100101001100|010 0x565224A62
05 010101100000|0010001|00000111111101|010 0x560220FEA
06 010100111110|0010001|00101001010100|100 0x53E2252A4
07 010011100001|0010001|00010100010111|001 0x4E12228B9
08 010100001110|0100011|00111000101011|101 0x50E46715D
09 010111111010|1101110|00011011100101|011 0x5FADC372B
0a 010111011110|1101110|00100011001001|011 0x5DEDC464B
0b 010110010001|1101110|00001100011110|100 0x591DC18F4
0c 010110010010|1101110|00011111011101|000 0x592DC3EE8
0d 010110001101|1101110|00011111011111|000 0x58DDC3EF8
0e 010111000010|1011100|00110001101010|001 0x5C2B86351
0f 010110110111|1011100|00101011000101|101 0x5B7B8562D
10 010110100010|1011100|00101100000111|010 0x5A2B8583A
BX = 011 Event : 4
00 010010100010|1101110|00111101100101|100 0x4A2DC7B2C
01 010100101100|0010001|00101110010101|000 0x52C225CA8
02 010011101101|0100011|00111111101001|000 0x4ED467F48
03 010011101000|0100011|00111111100111|000 0x4E8467F38
04 010111001001|1101110|00000111110000|010 0x5C9DC0F82
05 010110011100|1011100|00111011111000|000 0x59CB877C0
BX = 100 Event : 5
00 010001111101|1011100|00001100110101|100 0x47DB819AC
01 010100110001|0010001|00010100001111|010 0x53122287A
02 010100001111|0010001|00001100110101|101 0x50F2219AD
03 010100001101|0010001|00101101100001|100 0x50D225B0C
04 010011110101|0010001|00010010010011|110 0x4F522249E
05 010011101111|0010001|00101101111110|000 0x4EF225BF0
06 010011100011|0010001|00101000100111|001 0x4E3225139
07 010100001010|0100011|00110111111100|010 0x50A466FE2
08 010011101010|0100011|00111010010001|000 0x4EA467488
09 011000010011|1101110|00011010011101|001 0x613DC34E9
BX = 101 Event : 6
00 010011100111|1011100|00100111010110|100 0x4E7B84EB4
01 010010011101|1011100|00000101000010|000 0x49DB80A10
02 010001110111|1011100|00000000110101|100 0x477B801AC
03 010101101010|0010001|00100111010010|100 0x56A224E94
04 010101000101|0010001|00010111111110|110 0x545222FF6
05 010101000000|0010001|00101101101111|010 0x540225B7A
06 010100100111|0010001|00010101101100|001 0x527222B61
07 010100011111|0010001|00000110110001|000 0x51F220D88
08 010100000100|0010001|00001110101101|001 0x504221D69
09 010101000110|0100011|00110111010111|001 0x546466EB9
0a 011000100010|1101110|00011100000111|010 0x622DC383A
0b 010111001110|1101110|00100000011101|011 0x5CEDC40EB
0c 010110001100|1101110|00101010110010|010 0x58CDC5592
0d 010111100110|1011100|00111100111011|000 0x5E6B879D8
0e 010111000110|1011100|00110100100001|000 0x5C6B86908
0f 010110010011|1011100|00101011001101|010 0x593B8566A
BX = 110 Event : 7
00 010011001101|1011100|00001110111011|001 0x4CDB81DD9
01 010100111011|0010001|00010011001011|101 0x53B22265D
02 010100111001|0010001|00101000110111|010 0x5392251BA
03 010100001011|0010001|00100110011001|101 0x50B224CCD
04 010011110011|0010001|00101011101001|001 0x4F3225749
05 010100000011|0100011|00111010100100|110 0x503467526
06 010111001011|1101110|00000010111110|100 0x5CBDC05F4
BX = 111 Event : 8
00 010011000010|1011100|00010011100110|100 0x4C2B82734
01 010001111010|1011100|00110101001110|000 0x47AB86A70
02 010001110101|1011100|00110101011011|100 0x475B86ADC
03 010101100011|0010001|00010100110110|101 0x5632229B5
04 010101001010|0010001|00101110110010|000 0x54A225D90
05 010101000101|0010001|00010001001100|000 0x545222260
06 010100110001|0010001|00110111000101|100 0x531226E2C
07 011000001110|1101110|00101000111100|010 0x60EDC51E2
08 011000001111|1101110|00101010111100|100 0x60FDC55E4
09 010110111010|1101110|00100000000101|110 0x5BADC402E
0a 010110010010|1101110|00000111001101|110 0x592DC0E6E
0b 010111001100|1011100|00110010111001|011 0x5CCB865CB
BX = 000 Event : 9
00 010011010011|1011100|00110011010101|100 0x4D3B866AC
01 010011001111|1101110|00110011011111|100 0x4CFDC66FC
02 010101101101|0010001|00011111000000|101 0x56D223E05
03 010011110010|0010001|00101001010101|010 0x4F22252AA
04 010011110100|0010001|00000010101101|010 0x4F422056A
05 011000011011|1101110|00000011011110|100 0x61BDC06F4
06 010111110101|1101110|00101010000101|001 0x5F5DC5429
07 010111010111|1101110|00010011000101|101 0x5D7DC262D
08 010110111111|1101110|00100000110100|110 0x5BFDC41A6
09 010111100010|1011100|00111100010000|110 0x5E2B87886
BX = 001 Event : 10
00 010010001011|1011100|00011100111010|100 0x48BB839D4
01 010011101000|1101110|00111110101101|001 0x4E8DC7D69
02 010101011110|0010001|00101101010101|010 0x55E225AAA
03 010100011100|0010001|00101100000110|101 0x51C225835
04 010100000101|0010001|00100010011000|101 0x5052244C5
05 010011110101|0010001|00101110101000|110 0x4F5225D46
06 010100010001|0100011|00110011010111|101 0x5114666BD
07 010111111100|1101110|00000110111110|110 0x5FCDC0DF6
08 010111111011|1101110|00101011101001|010 0x5FBDC574A
09 011000001110|1011100|00110000100010|001 0x60EB86111
0a 010111100110|1011100|00101111111000|011 0x5E6B85FC3
0b 010111100001|1011100|00101111110101|010 0x5E1B85FAA
BX = 010 Event : 11
00 010100000001|1011100|00000101111001|000 0x501B80BC8
01 010011100011|1011100|00000101011100|000 0x4E3B80AE0
02 010011000001|1011100|00101100000010|000 0x4C1B85810
03 010010011111|1011100|00111001100111|100 0x49FB8733C
04 010010000010|1011100|00001011111000|000 0x482B817C0
05 010101101111|0010001|00001010011011|010 0x56F2214DA
06 010100100111|0010001|00101111000110|100 0x527225E34
07 010100010100|0010001|00001100111110|100 0x5142219F4
08 011000011010|1101110|00000101111010|110 0x61ADC0BD6
09 010111010010|1101110|00010110100000|110 0x5D2DC2D06
0a 010111110001|1011100|00111011100111|010 0x5F1B8773A
BX = 011 Event : 12
00 010011011010|1011100|00110101100110|000 0x4DAB86B30
01 010010110010|1011100|00000011110100|100 0x4B2B807A4
02 010010011010|1011100|00010111010001|000 0x49AB82E88
03 010010111000|1101110|00111010010101|001 0x4B8DC74A9
04 010101010100|0010001|00010101101010|000 0x554222B50
05 010101000001|0010001|00100101000101|101 0x541224A2D
06 010100110111|0010001|00100101010000|110 0x537224A86
07 010100001011|0010001|00110100000000|010 0x50B226802
08 010100000111|0010001|00000100101101|010 0x50722096A
09 010011110010|0010001|00000110100000|101 0x4F2220D05
0a 011000010110|1101110|00000100011110|110 0x616DC08F6
0b 011000010011|1101110|00011011111101|110 0x613DC37EE
0c 010110111110|1101110|00101011000100|101 0x5BEDC5625
0d 010110011001|1101110|00100110011000|000 0x599DC4CC0
0e 010110110010|1011100|00101011000111|010 0x5B2B8563A
BX = 100 Event : 13
00 010011100101|1011100|00011100000100|000 0x4E5B83820
01 010011011001|1011100|00101000101001|100 0x4D9B8514C
02 010011001010|1011100|00110100010100|100 0x4CAB868A4
03 010111100110|1101110|00010111111011|101 0x5E6DC2FDD
04 010111111100|1011100|00101100100010|010 0x5FCB85912
BX = 101 Event : 14
00 010011111111|1011100|00001110000011|001 0x4FFB81C19
01 010011000100|1011100|00001000011100|000 0x4C4B810E0
02 010001111110|1011100|00101000011001|000 0x47EB850C8
03 010101110111|0010001|00000001110101|100 0x5772203AC
04 010101101001|0010001|00110000111011|001 0x5692261D9
05 010101011001|0010001|00100000110000|001 0x559224181
06 010011101011|0010001|00001101011011|001 0x4EB221AD9
07 011000000100|1101110|00011010000101|110 0x604DC342E
08 011000000100|1101110|00011010010101|010 0x604DC34AA
09 010111010010|1101110|00011010110001|001 0x5D2DC3589
0a 010110011111|1011100|00110001101101|001 0x59FB86369
BX = 110 Event : 15
00 010100000011|1011100|00011010101001|001 0x503B83549
01 010010000110|1011100|00010011111001|000 0x486B827C8
02 010101100001|0010001|00101000110110|010 0x5612251B2
03 010101100011|0010001|00000001110101|010 0x5632203AA
04 010100100010|0010001|00011111000111|001 0x522223E39
05 010011100111|0010001|00001100011011|010 0x4E72218DA
06 010100111011|0100011|00111001000010|001 0x53B467211
07 010110101011|1101110|00100001100001|011 0x5ABDC430B
08 010110011011|1101110|00001100100101|110 0x59BDC192E
BX = 111 Event : 16
00 010100000111|1011100|00000101001111|001 0x507B80A79
01 010110000001|0010001|00101101001010|001 0x581225A51
02 010101111100|0010001|00101110001000|000 0x57C225C40
03 010011110011|0010001|00000100110100|001 0x4F32209A1
04 011000100100|1101110|00000110111011|110 0x624DC0DDE
05 011000100100|1101110|00000111010111|011 0x624DC0EBB
06 010111100110|1101110|00011010111000|010 0x5E6DC35C2
07 010111100000|1011100|00110011010001|101 0x5E0B8668D
BX = 000 Event : 17
00 010011100110|1011100|00001100111110|001 0x4E6B819F1
01 010011011111|1011100|00101010111001|100 0x4DFB855CC
02 010011010101|1011100|00101011000001|000 0x4D5B85608
03 010010011110|1011100|00110110101101|100 0x49EB86D6C
04 010010000011|1011100|00100101011010|001 0x483B84AD1
05 010001111111|1011100|00110110101000|000 0x47FB86D40
06 010010110100|1101110|00101110101101|100 0x4B4DC5D6C
07 010010101111|1101110|00101110100001|100 0x4AFDC5D0C
08 010010011011|1101110|00110110001100|100 0x49BDC6C64
09 010001111101|1101110|00110110011110|000 0x47DDC6CF0
0a 010101011001|0010001|00010110001101|001 0x559222C69
0b 010101000101|0010001|00001111111110|001 0x545221FF1
0c 010100011110|0010001|00110000000110|000 0x51E226030
0d 010100011000|0010001|00110000001000|001 0x518226041
0e 010011110000|0010001|00011011001111|101 0x4F022367D
0f 010100011101|0100011|00111000101100|101 0x51D467165
10 011000100110|1101110|00000001000111|010 0x626DC023A
11 011000011000|1101110|00101001001001|110 0x618DC524E
12 010111101101|1101110|00101100110001|001 0x5EDDC5989
13 010110110100|1101110|00011100111100|010 0x5B4DC39E2
14 010110100101|1101110|00011100101110|110 0x5A5DC3976
15 011000000000|1011100|00111010010111|101 0x600B874BD
16 010111110111|1011100|00101100111110|000 0x5F7B859F0
BX = 001 Event : 18
00 010011111001|1011100|00010100000011|001 0x4F9B82819
01 010101101101|0010001|00011110100000|001 0x56D223D01
02 010100000011|0010001|00010110110110|000 0x503222DB0
03 010011111001|0010001|00000001101101|101 0x4F922036D
04 010011101011|0010001|00010011010000|010 0x4EB222682
05 011000001111|1101110|00100000010101|010 0x60FDC40AA
06 010111111100|1101110|00100010101100|110 0x5FCDC4566
07 010111100110|1101110|00001100101100|101 0x5E6DC1965
08 010111101011|1101110|00101010010101|010 0x5EBDC54AA
09 010111100110|1101110|00101010001000|110 0x5E6DC5446
0a 010111011100|1011100|00111101000010|110 0x5DCB87A16
BX = 010 Event : 19
00 010100001001|1011100|00101111100011|100 0x509B85F1C
01 010001111110|1011100|00101000000110|000 0x47EB85030
02 010101110111|0010001|00011011001100|010 0x577223662
03 010101001111|0010001|00010000101010|101 0x54F222155
04 010101000000|0010001|00000001110011|001 0x540220399
05 010100010010|0010001|00101101011100|010 0x512225AE2
06 010011111010|0010001|00101111101100|000 0x4FA225F60
07 010011111000|0010001|00101010100111|110 0x4F822553E
08 010101000101|0100011|00111010100111|101 0x54546753D
09 010100000101|0100011|00110111100011|000 0x505466F18
0a 011000011101|1101110|00011011101010|010 0x61DDC3752
0b 010111111011|1101110|00011111100101|110 0x5FBDC3F2E
0c 010111010001|1101110|00000001011110|001 0x5D1DC02F1
0d 010110100101|1101110|00010000001011|001 0x5A5DC2059
BX = 011 Event : 20
00 010010100010|1011100|00101001000100|001 0x4A2B85221
01 010101100011|0010001|00010001000001|101 0x56322220D
02 010101001001|0010001|00101101010101|101 0x549225AAD
03 010100010111|0010001|00101101001110|000 0x517225A70
04 010100010010|0010001|00101101011010|101 0x512225AD5
05 010011110110|0010001|00110000101111|001 0x4F6226179
06 010011110000|0100011|00110000011101|001 0x4F04660E9
07 010111110010|1101110|00100100000001|000 0x5F2DC4808
08 010111100110|1101110|00010100110111|011 0x5E6DC29BB
09 010111001011|1101110|00101111000010|000 0x5CBDC5E10
0a 011000001111|1011100|00111100000110|101 0x60FB87835
0b 010111000011|1011100|00101111001101|010 0x5C3B85E6A
BX = 100 Event : 21
00 010100001111|1011100|00110010100011|000 0x50FB86518
01 010010011111|1011100|00010110011110|100 0x49FB82CF4
02 010010011010|1011100|00011011100110|100 0x49AB83734
03 010011010101|1101110|00110010010111|000 0x4D5DC64B8
04 010010101110|1101110|00101111011111|100 0x4AEDC5EFC
05 010101010000|0010001|00001011011101|101 0x5502216ED
06 010100100110|0010001|00000011011000|010 0x5262206C2
07 010100001000|0010001|00110110011000|101 0x508226CC5
08 010101101000|0100011|00111010100011|101 0x56846751D
09 010110101011|1101110|00001001111011|100 0x5ABDC13DC
0a 010110011011|1101110|00011001000011|000 0x59BDC3218
0b 010110010110|1101110|00011001000110|001 0x596DC3231
0c 011000001110|1011100|00111111011100|110 0x60EB87EE6
0d 011000001001|1011100|00111111011010|110 0x609B87ED6
BX = 101 Event : 22
00 010011000101|1011100|00000110111011|001 0x4C5B80DD9
01 010010001101|1011100|00110100011001|000 0x48DB868C8
02 010010001000|1101110|00110100011110|100 0x488DC68F4
03 010110000101|0010001|00110100111101|001 0x5852269E9
04 010101001111|0010001|00011111011000|010 0x54F223EC2
05 010100010101|0010001|00100110111000|100 0x515224DC4
06 010011111110|0010001|00101110000111|100 0x4FE225C3C
07 010100001110|0100011|00111000010110|110 0x50E4670B6
08 011000011000|1101110|00001111101001|101 0x618DC1F4D
09 010110100010|1101110|00000110000101|001 0x5A2DC0C29
BX = 110 Event : 23
00 010011101111|1011100|00101101001010|000 0x4EFB85A50
01 010001110110|1101110|00111011110001|001 0x476DC7789
02 010100100111|0010001|00010100110101|001 0x5272229A9
03 010100001001|0010001|00011111111101|100 0x509223FEC
04 010011101011|0010001|00011101101100|010 0x4EB223B62
05 010101100110|0100011|00110101001011|010 0x566466A5A
06 010100100001|0100011|00110001111100|100 0x5214663E4
07 010111100110|1101110|00010000101010|110 0x5E6DC2156
08 010111100110|1101110|00010101100011|101 0x5E6DC2B1D
09 010110101010|1101110|00011100111100|110 0x5AADC39E6
0a 010111001011|1011100|00110011111110|100 0x5CBB867F4
BX = 111 Event : 24
00 010010110000|1011100|00100101110111|000 0x4B0B84BB8
01 010010110010|1011100|00000011101101|100 0x4B2B8076C
02 010010110010|1011100|00110111100011|000 0x4B2B86F18
03 010001111110|1011100|00100110100110|100 0x47EB84D34
04 010011000000|1101110|00111111111101|000 0x4C0DC7FE8
05 010010101010|1101110|00110111110100|100 0x4AADC6FA4
06 010100000000|0010001|00100101101110|001 0x500224B71
07 010011100001|0010001|00010100100110|010 0x4E1222932
08 010111001101|1101110|00010110111010|011 0x5CDDC2DD3
09 010110101010|1101110|00101001101010|110 0x5AADC5356
BX = 000 Event : 25
00 010011011011|1011100|00010011101100|001 0x4DBB82761
01 010010001011|1011100|00011111101110|001 0x48BB83F71
02 010101101010|0010001|00100111010010|101 0x56A224E95
03 010101011010|0010001|00100001011100|100 0x55A2242E4
04 010101011001|0010001|00011000000000|000 0x559223000
05 010101011010|0010001|00101111111011|010 0x55A225FDA
06 011000001000|1101110|00100110011001|001 0x608DC4CC9
07 010111110110|1101110|00001001010000|001 0x5F6DC1281
08 010111110101|1101110|00001111001100|010 0x5F5DC1E62
09 010110010000|1101110|00100111111101|101 0x590DC4FED
0a 011000011111|1011100|00111000111000|100 0x61FB871C4
BX = 001 Event : 26
00 010100000011|1011100|00101101101000|100 0x503B85B44
01 010010110110|1101110|00111101110000|000 0x4B6DC7B80
02 010001111010|1101110|00110011010010|000 0x47ADC6690
03 010101000110|0010001|00001101000000|001 0x546221A01
04 010100010001|0010001|00110100000010|110 0x511226816
05 010011101111|0010001|00101110000111|101 0x4EF225C3D
06 010011101110|0010001|00000100100110|101 0x4EE220935
07 010100000110|0100011|00110100011110|110 0x5064668F6
08 010111101011|1101110|00001011100100|110 0x5EBDC1726
09 010110100101|1101110|00010110111011|101 0x5A5DC2DDD
0a 010110100011|1101110|00000010100011|110 0x5A3DC051E
0b 010110010110|1101110|00010111110011|011 0x596DC2F9B
0c 010110010001|1101110|00011001011001|100 0x591DC32CC
0d 010111000100|1011100|00111010010111|000 0x5C4B874B8
BX = 010 Event : 27
00 010011101001|1011100|00000100111011|001 0x4E9B809D9
01 010011011010|1011100|00101010110101|100 0x4DAB855AC
02 010101111110|0010001|00110010001000|001 0x57E226441
03 010101110100|0010001|00110010010000|010 0x574226482
04 010101101000|0010001|00011010110110|001 0x5682235B1
05 010101001111|0010001|00001111010001|001 0x54F221E89
06 010100101101|0010001|00001011010011|110 0x52D22169E
07 010100010111|0010001|00011000001001|100 0x51722304C
08 010011111100|0010001|00000111100110|010 0x4FC220F32
09 011000000100|1101110|00011000110010|110 0x604DC3196
0a 011000000001|1101110|00101101111110|001 0x601DC5BF1
0b 010111101000|1101110|00100011110110|010 0x5E8DC47B2
0c 010110100011|1011100|00110011000001|010 0x5A3B8660A
BX = 011 Event : 28
00 010010011011|1101110|00000001001001|000 0x49BDC0248
01 010011100001|1011100|00001111011100|100 0x4E1B81EE4
02 010011001001|1011100|00001001011001|100 0x4C9B812CC
03 010010011111|1011100|00000001011001|000 0x49FB802C8
04 010101100001|0010001|00110011010001|001 0x561226689
05 010100100010|0010001|00001111000111|000 0x522221E38
06 010100100001|0010001|00000011110000|101 0x521220785
07 010100011000|0010001|00100000011001|000 0x5182240C8
08 010100011011|0010001|00110100110011|010 0x51B22699A
09 010100000001|0010001|00000110100011|001 0x501220D19
0a 010011101100|0010001|00100010101100|010 0x4EC224562
0b 010011101100|0010001|00110010000001|010 0x4EC22640A
0c 010101011101|0100011|00110011001010|001 0x55D466651
0d 010100010110|0100011|00110100011010|010 0x5164668D2
0e 010110100000|1101110|00011000010000|101 0x5A0DC3085
0f 010110001100|1101110|00011100000001|101 0x58CDC380D
10 011000000101|1011100|00111100101001|010 0x605B8794A
11 010110001111|1011100|00101010011111|011 0x58FB854FB
BX = 100 Event : 29
00 010011111110|1011100|00010100011000|000 0x4FEB828C0
01 010101000101|0010001|00011111010010|010 0x545223E92
02 010100101101|0010001|00001011101110|100 0x52D221774
03 010100010011|0010001|00001111000000|001 0x513221E01
04 010100101110|0100011|00110101001000|010 0x52E466A42
05 010110011010|1101110|00010011000010|100 0x59ADC2614
BX = 101 Event : 30
00 010011000111|1011100|00010010000100|100 0x4C7B82424
01 010010011111|1011100|00010101110100|000 0x49FB82BA0
02 010010010100|1011100|00110111001010|000 0x494B86E50
03 010010001011|1011100|00101111100001|100 0x48BB85F0C
04 010100001011|1101110|00111110011001|100 0x50BDC7CCC
05 010010001100|1101110|00110110111000|000 0x48CDC6DC0
06 010010000110|1101110|00101111101011|100 0x486DC5F5C
07 010101001111|0010001|00011001010010|110 0x54F223296
08 010101001111|0010001|00011001001000|000 0x54F223240
09 010100110010|0010001|00001101111110|100 0x532221BF4
0a 010100000000|0010001|00110001110100|101 0x5002263A5
0b 010011101010|0010001|00101101001111|010 0x4EA225A7A
0c 010011100001|0010001|00011011001111|000 0x4E1223678
0d 010011111110|0100011|00110010010011|110 0x4FE46649E
0e 011000001010|1101110|00001011000100|000 0x60ADC1620
0f 011000001011|1101110|00100010101101|110 0x60BDC456E
10 011000000101|1101110|00001011000010|000 0x605DC1610
11 011000000110|1101110|00100011001101|000 0x606DC4668
12 010111111011|1101110|00011110111100|000 0x5FBDC3DE0
13 010111110111|1101110|00100011011010|001 0x5F7DC46D1
14 010111110001|1101110|00101011101011|110 0x5F1DC575E
15 010111011111|1101110|00100110101011|000 0x5DFDC4D58
16 010111011000|1101110|00001010100101|110 0x5D8DC152E
17 010111011010|1101110|00100110100111|101 0x5DADC4D3D
18 010111011011|1101110|00100110110100|001 0x5DBDC4DA1
19 010110010000|1101110|00010001101100|000 0x590DC2360
1a 010110111011|1011100|00110110100101|100 0x5BBB86D2C
BX = 110 Event : 31
00 010010010011|1011100|00000100100001|001 0x493B80909
01 010010001111|1101110|00111100010111|100 0x48FDC78BC
02 010010000101|1101110|00111100001110|000 0x485DC7870
03 010101100111|0010001|00110101001010|110 0x567226A56
04 010100101111|0010001|00000100110000|010 0x52F220982
05 010011111111|0010001|00001111100011|000 0x4FF221F18
06 010011101001|0010001|00101001111101|101 0x4E92253ED
07 010101100000|0100011|00110101100000|110 0x560466B06
08 010111011100|1101110|00011010010010|010 0x5DCDC3492
09 010110111011|1101110|00100100011100|110 0x5BBDC48E6
0a 010111001010|1011100|00101100111101|011 0x5CAB859EB
BX = 111 Event : 32
00 010010111110|1011100|00100010111101|100 0x4BEB845EC
01 010010111010|1011100|00001001011111|000 0x4BAB812F8
02 010010110011|1011100|00101101110101|100 0x4B3B85BAC
03 010010010001|1011100|00111010011000|001 0x491B874C1
04 010001111110|1011100|00101000011110|001 0x47EB850F1
05 010011100010|1101110|00110101110100|000 0x4E2DC6BA0
06 010010111110|1101110|00101110101100|000 0x4BEDC5D60
07 010010001010|1101110|00111010011011|000 0x48ADC74D8
08 010100110001|0010001|00011011011111|100 0x5312236FC
09 011000010101|1101110|00000110110000|100 0x615DC0D84
0a 011000010101|1101110|00000110111000|100 0x615DC0DC4
0b 011000001111|1101110|00001001100110|010 0x60FDC1332
BX = 000 Event : 33
00 010100000011|1101110|00111001101110|001 0x503DC7371
01 010101011100|0010001|00000101101000|110 0x55C220B46
02 010100011000|0010001|00100000110111|100 0x5182241BC
03 010011100100|0010001|00000101101011|010 0x4E4220B5A
04 011000100010|1101110|00011100101101|011 0x622DC396B
05 010111011111|1011100|00110100000000|010 0x5DFB86802
BX = 001 Event : 34
00 010011100101|1011100|00010001011000|100 0x4E5B822C4
01 010101000000|0010001|00011100001010|010 0x540223852
02 010011110100|0010001|00010101110100|101 0x4F4222BA5
03 011000100010|1101110|00010100101111|001 0x622DC2979
04 011000011010|1101110|00100011001000|110 0x61ADC4646
05 011000010011|1101110|00010100011010|000 0x613DC28D0
06 011000010101|1101110|00100011010010|100 0x615DC4694
07 010111101000|1101110|00101101010100|110 0x5E8DC5AA6
08 010110010001|1101110|00101010000110|000 0x591DC5430
09 010111110010|1011100|00101100111000|110 0x5F2B859C6
0a 010111100001|1011100|00110001010110|101 0x5E1B862B5
0b 010111100001|1011100|00110001001001|001 0x5E1B86249
0c 010110011001|1011100|00101010001110|100 0x599B85474
0d 010110011001|1011100|00101010000011|100 0x599B8541C
BX = 010 Event : 35
00 010011010110|1011100|00010001010111|001 0x4D6B822B9
01 010010001010|1011100|00110111001011|000 0x48AB86E58
02 010010000111|1101110|00110111001101|100 0x487DC6E6C
03 010101100101|0010001|00001000001101|010 0x56522106A
04 010011101111|0010001|00000010110100|110 0x4EF2205A6
05 010111111010|1101110|00010010110101|011 0x5FADC25AB
06 010110100101|1101110|00101001111110|010 0x5A5DC53F2
07 011000011011|1011100|00110101100101|110 0x61BB86B2E
08 010110101101|1011100|00101010011000|010 0x5ADB854C2
BX = 011 Event : 36
00 010011101100|1011100|00110010110000|000 0x4ECB86580
01 010001111011|1011100|00110111111101|001 0x47BB86FE9
02 010001111111|1101110|00111110111000|001 0x47FDC7DC1
03 010101110101|0010001|00101001011111|110 0x5752252FE
04 010101000001|0010001|00100011100011|101 0x54122471D
05 010100100101|0010001|00110101011011|001 0x525226AD9
06 010100011111|0100011|00110101010001|000 0x51F466A88
07 010100010001|0100011|00111101100010|110 0x511467B16
08 010100000010|0100011|00111100111010|000 0x5024679D0
09 010111000001|1101110|00100110111010|100 0x5C1DC4DD4
0a 010110011111|1101110|00010011011101|101 0x59FDC26ED
0b 010110011010|1101110|00010011101100|010 0x59ADC2762
0c 010110101111|1011100|00111111101110|001 0x5AFB87F71
0d 010110101111|1011100|00111101101001|010 0x5AFB87B4A
0e 010110010001|1011100|00111101100111|100 0x591B87B3C
BX = 100 Event : 37
00 010011100000|1011100|00011010010110|001 0x4E0B834B1
01 010011010011|1011100|00110011000111|100 0x4D3B8663C
02 010010011111|1011100|00111000000110|000 0x49FB87030
03 010010011011|1101110|00111000000000|000 0x49BDC7000
04 010101111110|0010001|00100101011000|001 0x57E224AC1
05 010101101001|0010001|00100010000101|101 0x56922442D
06 010101101000|0010001|00000000111010|001 0x5682201D1
07 010100001001|0010001|00000000011011|001 0x5092200D9
08 010011110111|0010001|00110011010011|110 0x4F722669E
09 010011110000|0010001|00010011111111|000 0x4F02227F8
0a 010011110001|0010001|00001010000011|101 0x4F122141D
0b 010100000010|0100011|00110011101000|000 0x502466740
0c 011000010011|1101110|00001101100011|010 0x613DC1B1A
0d 011000000000|1101110|00100000100111|110 0x600DC413E
0e 010111100110|1101110|00011100000101|100 0x5E6DC382C
0f 010111010011|1101110|00011111001010|000 0x5D3DC3E50
10 010110110111|1101110|00101111000011|100 0x5B7DC5E1C
11 010110001010|1101110|00100101100000|000 0x58ADC4B00
12 011000000011|1011100|00110010101111|010 0x603B8657A
13 010110111100|1011100|00110011101001|100 0x5BCB8674C
14 010110111111|1011100|00101110111101|100 0x5BFB85DEC
BX = 101 Event : 38
00 010100000110|1011100|00101000011001|100 0x506B850CC
01 010010011100|1011100|00000111001110|100 0x49CB80E74
02 010011001111|1101110|00111111011110|000 0x4CFDC7EF0
03 010100011001|0010001|00100100110001|010 0x51922498A
04 010011111010|0010001|00001110001110|101 0x4FA221C75
05 010011110101|0010001|00011010110000|101 0x4F5223585
06 010011110010|0010001|00101001010001|100 0x4F222528C
07 010111101110|1101110|00000011110101|100 0x5EEDC07AC
08 010111101100|1101110|00011101100110|010 0x5ECDC3B32
09 010111100001|1101110|00011011101001|101 0x5E1DC374D
0a 010110111010|1101110|00001000011100|001 0x5BADC10E1
0b 010110101010|1101110|00001011100110|001 0x5AADC1731
0c 010110001100|1101110|00011000100111|001 0x58CDC3139
0d 011000010010|1011100|00110010001101|110 0x612B8646E
0e 010111001101|1011100|00111111100011|110 0x5CDB87F1E
0f 010111001101|1011100|00111111001111|010 0x5CDB87E7A
BX = 110 Event : 39
00 010101001111|0010001|00010000101010|001 0x54F222151
01 010101000111|0010001|00001000011011|100 0x5472210DC
02 010100010011|0010001|00000000101111|010 0x51322017A
03 010100001001|0010001|00001111101111|100 0x509221F7C
04 011000010100|1101110|00100000001111|010 0x614DC407A
05 010111101110|1101110|00000010100101|101 0x5EEDC052D
06 010110110011|1101110|00010010110010|011 0x5B3DC2593
07 010110010011|1011100|00101100001111|010 0x593B8587A
BX = 111 Event : 40
00 010100000010|1101110|00111100010011|000 0x502DC7898
01 010101111000|0010001|00001100101011|001 0x578221959
02 010101100011|0010001|00100000000011|000 0x563224018
03 010101100011|0010001|00010010000101|000 0x563222428
04 010101100011|0010001|00101111001000|101 0x563225E45
05 010101010001|0010001|00100110100001|001 0x551224D09
06 010100101101|0010001|00001101101001|101 0x52D221B4D
07 010011101111|0010001|00010111011010|010 0x4EF222ED2
08 010111110110|1101110|00100000010111|000 0x5F6DC40B8
09 010110111100|1101110|00100110100111|000 0x5BCDC4D38
0a 011000001110|1011100|00111111111100|011 0x60EB87FE3
0b 010110111001|1011100|00111111110100|110 0x5B9B87FA6
BX = 000 Event : 41
00 010010011011|1011100|00100010100011|001 0x49BB84519
01 010010010110|1011100|00011111101111|001 0x496B83F79
02 010010010010|1011100|00100110110010|001 0x492B84D91
03 010101011001|0010001|00011001000011|100 0x55922321C
04 010101011010|0010001|00001011100011|100 0x55A22171C
05 010011111111|0010001|00011110111100|000 0x4FF223DE0
06 011000011111|1101110|00100011011101|100 0x61FDC46EC
07 011000001110|1101110|00010110110000|110 0x60EDC2D86
08 010110110011|1101110|00000000110010|000 0x5B3DC0190
09 010110011000|1101110|00101111001100|100 0x598DC5E64
0a 011000010100|1011100|00111100001111|010 0x614B8787A
0b 010110110101|1011100|00111000110101|110 0x5B5B871AE
0c 010110010110|1011100|00101111111010|000 0x596B85FD0
BX = 001 Event : 42
00 010100001001|1011100|00110000010010|100 0x509B86094
01 010011101011|1011100|00001101101000|100 0x4EBB81B44
02 010011100000|1011100|00010100100010|000 0x4E0B82910
03 010001111111|1011100|00101011101100|001 0x47FB85761
04 010101101101|0010001|00010000100100|000 0x56D222120
05 010100110111|0010001|00100101011000|010 0x537224AC2
06 010100110010|0010001|00001010011001|000 0x5322214C8
07 010011110110|0010001|00110001000100|101 0x4F6226225
08 010011101111|0100011|00110001001101|101 0x4EF46626D
09 010111001010|1101110|00000110111100|101 0x5CADC0DE5
0a 010110001100|1101110|00001111001000|110 0x58CDC1E46
0b 011000100010|1011100|00111111000001|010 0x622B87E0A
0c 010110101110|1011100|00110001100111|001 0x5AEB86339
BX = 010 Event : 43
00 010010101001|1011100|00011100101111|100 0x4A9B8397C
01 010010000001|1011100|00011100001000|001 0x481B83841
02 010101011110|0010001|00011011010100|100 0x55E2236A4
03 010100100111|0010001|00101111010001|101 0x527225E8D
04 010100000010|0100011|00110011001010|010 0x502466652
05 011000001011|1101110|00000111100011|011 0x60BDC0F1B
06 010110100100|1011100|00110001011110|010 0x5A4B862F2
BX = 011 Event : 44
00 010011101111|1011100|00101111010011|000 0x4EFB85E98
01 010011100010|1011100|00100101001000|000 0x4E2B84A40
02 010010101110|1011100|00111001010011|100 0x4AEB8729C
03 010010011100|1011100|00001010000000|001 0x49CB81401
04 010010011110|1011100|00000011010111|100 0x49EB806BC
05 010010000001|1011100|00010111101101|100 0x481B82F6C
06 010100001000|1101110|00111011001101|100 0x508DC766C
07 010001111110|1101110|00110101000011|100 0x47EDC6A1C
08 010101011101|0010001|00000010110010|101 0x55D220595
09 010100001111|0010001|00001101101101|100 0x50F221B6C
0a 010100110001|0100011|00111001010111|101 0x5314672BD
0b 010100100000|0100011|00111101011011|101 0x520467ADD
0c 010100010110|0100011|00111101001110|001 0x516467A71
0d 010111110001|1101110|00001010110111|011 0x5F1DC15BB
0e 010111011011|1101110|00000001100001|010 0x5DBDC030A
0f 010110101010|1101110|00011000110001|000 0x5AADC3188
10 011000001000|1011100|00110010001100|000 0x608B86460
BX = 100 Event : 45
00 010011101100|1011100|00110001101100|100 0x4ECB86364
01 010011000110|1011100|00101101100000|100 0x4C6B85B04
02 010011000010|1011100|00010101010011|001 0x4C2B82A99
03 010010111000|1101110|00111001110000|000 0x4B8DC7380
04 010100101101|0010001|00100010110100|010 0x52D2245A2
05 010100010011|0010001|00001110001101|101 0x513221C6D
06 010111101011|1101110|00001101111010|010 0x5EBDC1BD2
07 010110111001|1101110|00001100001110|100 0x5B9DC1874
08 010110110011|1101110|00010110010100|010 0x5B3DC2CA2
09 010110011010|1101110|00010100000000|010 0x59ADC2802
0a 010110010101|1101110|00100111101011|010 0x595DC4F5A
0b 010110001011|1101110|00010100000011|101 0x58BDC281D
0c 010111001111|1011100|00110111000001|010 0x5CFB86E0A
BX = 101 Event : 46
00 010010010101|1011100|00011010100101|000 0x495B83528
01 010010000110|1011100|00011000001110|100 0x486B83074
02 010101010010|0010001|00000101010000|110 0x552220A86
03 010011111100|0010001|00110010111011|110 0x4FC2265DE
04 010011100001|0010001|00011111010000|000 0x4E1223E80
05 010110000100|0100011|00110100010010|001 0x584466891
06 010111110101|1101110|00011010101100|011 0x5F5DC3563
07 010111111011|1101110|00101011011010|010 0x5FBDC56D2
08 010111100110|1101110|00011011111010|011 0x5E6DC37D3
09 010111001001|1101110|00011110001110|011 0x5C9DC3C73
0a 010111000101|1101110|00100011111011|110 0x5C5DC47DE
0b 010110010011|1101110|00000101011001|100 0x593DC0ACC
0c 011000000010|1011100|00101011110110|010 0x602B857B2
0d 010111010100|1011100|00110110000010|010 0x5D4B86C12
0e 010110100010|1011100|00110101100010|001 0x5A2B86B11
BX = 110 Event : 47
00 010010111000|1011100|00010101111111|000 0x4B8B82BF8
01 010010110110|1011100|00101001110110|100 0x4B6B853B4
02 010101010010|0010001|00000110010101|101 0x552220CAD
03 010101001010|0010001|00000001101011|000 0x54A220358
04 010101110010|0100011|00111011001100|010 0x572467662
05 011000100100|1101110|00101100100001|100 0x624DC590C
06 011000000100|1101110|00101010100000|010 0x604DC5502
07 011000101010|1011100|00101100010010|101 0x62AB85895
08 010111111000|1011100|00101010111100|001 0x5F8B855E1
BX = 111 Event : 48
00 010010000100|1011100|00101000111010|100 0x484B851D4
01 010100100001|0010001|00000011000010|000 0x521220610
02 010100110000|0100011|00110010111111|101 0x5304665FD
03 010100011100|0100011|00111011110110|110 0x51C4677B6
04 010011101110|0100011|00111101110011|101 0x4EE467B9D
05 011000011001|1101110|00101011001000|101 0x619DC5645
06 011000011001|1101110|00101011101000|100 0x619DC5744
07 010111000001|1101110|00000010000110|101 0x5C1DC0435
08 010110011011|1101110|00011010100000|000 0x59BDC3500
BX = 000 Event : 49
00 010011110011|1011100|00000011101110|000 0x4F3B80770
01 010010101100|1011100|00101011000101|000 0x4ACB85628
02 010010011011|1011100|00110000100100|100 0x49BB86124
03 010010010111|1011100|00001010000001|100 0x497B8140C
04 010010000101|1101110|00110001100010|000 0x485DC6310
05 010101001100|0010001|00001000110101|110 0x54C2211AE
06 010100110011|0010001|00001001001001|100 0x53322124C
07 010100001001|0010001|00101111001101|010 0x509225E6A
08 010011101110|0010001|00000011111010|100 0x4EE2207D4
09 010100010000|0100011|00110101110110|101 0x510466BB5
0a 011000001001|1101110|00010111100010|011 0x609DC2F13
0b 010111001011|1101110|00000001111111|101 0x5CBDC03FD
0c 010110111001|1101110|00001011010101|011 0x5B9DC16AB
0d 010110111011|1101110|00100010111000|000 0x5BBDC45C0
BX = 001 Event : 50
00 010100000101|1011100|00110010100001|000 0x505B86508
01 010100000000|1011100|00001000011001|001 0x500B810C9
02 010011100000|1011100|00011100101100|100 0x4E0B83964
03 010010011100|1011100|00001000001011|000 0x49CB81058
04 010100001001|0010001|00000001000110|010 0x509220232
05 010011110100|0010001|00000010011110|000 0x4F42204F0
06 010011101101|0010001|00000111101011|001 0x4ED220F59
07 010011101110|0010001|00000011110010|001 0x4EE220791
08 010100010100|0100011|00110111001111|101 0x514466E7D
09 010111110101|1101110|00010010111111|110 0x5F5DC25FE
0a 010110111000|1101110|00010011001011|011 0x5B8DC265B
BX = 010 Event : 51
00 010011111100|1011100|00101001011110|100 0x4FCB852F4
01 010011111000|1011100|00101100100011|001 0x4F8B85919
02 010101100011|0010001|00011111111111|000 0x563223FF8
03 010100101001|0010001|00110010100110|110 0x529226536
04 010100000101|0010001|00100010011000|010 0x5052244C2
05 010011101001|0010001|00101010000101|100 0x4E922542C
06 010100100000|0100011|00110010111111|110 0x5204665FE
07 011000010110|1101110|00000010100110|000 0x616DC0530
08 010110011111|1101110|00010001111001|010 0x59FDC23CA
09 010111001111|1011100|00101100001011|100 0x5CFB8585C
0a 010110110110|1011100|00110110000011|101 0x5B6B86C1D
0b 010110011000|1011100|00110110110111|101 0x598B86DBD
BX = 011 Event : 52
00 010010110011|1011100|00011101000110|001 0x4B3B83A31
01 010101110111|0010001|00011111011010|001 0x577223ED1
02 010101100111|0010001|00000010110000|000 0x567220580
03 011000000101|1101110|00001011001000|000 0x605DC1640
04 011000000000|1101110|00001010111101|101 0x600DC15ED
05 010111101011|1101110|00011011001001|100 0x5EBDC364C
06 010111011101|1101110|00001010111110|010 0x5DDDC15F2
07 010111010001|1101110|00000001001010|110 0x5D1DC0256
08 010110101010|1101110|00001011110101|110 0x5AADC17AE
09 011000011100|1011100|00110010001100|000 0x61CB86460
0a 010111010010|1011100|00111111110111|010 0x5D2B87FBA
0b 010111001101|1011100|00111111110010|011 0x5CDB87F93
0c 010110100011|1011100|00110011111111|001 0x5A3B867F9
BX = 100 Event : 53
00 010011001011|1101110|00111011101011|100 0x4CBDC775C
01 010010011010|1101110|00111000111101|000 0x49ADC71E8
02 010101111101|0010001|00001101001011|010 0x57D221A5A
03 010101101110|0010001|00100011000100|010 0x56E224622
04 010100111101|0010001|00000111110011|101 0x53D220F9D
05 010100000100|0010001|00010100010010|010 0x504222892
06 010100000110|0010001|00110010110010|001 0x506226591
07 010011100000|0010001|00010111001111|100 0x4E0222E7C
08 010110101111|1101110|00011000011101|110 0x5AFDC30EE
09 010110110001|1101110|00101101010010|011 0x5B1DC5A93
0a 010110100110|1101110|00101101001000|110 0x5A6DC5A46
0b 010110110001|1011100|00101100110101|101 0x5B1B859AD
BX = 101 Event : 54
00 010101001111|0010001|00010011010001|001 0x54F222689
01 011000011010|1101110|00100001101000|110 0x61ADC4346
02 010111111010|1101110|00001100011100|010 0x5FADC18E2
03 010110010111|1101110|00101100010111|010 0x597DC58BA
04 010111001001|1011100|00111010100001|000 0x5C9B87508
05 010110011001|1011100|00110011111010|101 0x599B867D5
BX = 110 Event : 55
00 010010000001|1101110|00000001000000|100 0x481DC0204
01 010010110011|1011100|00011100001010|100 0x4B3B83854
02 010010101011|1011100|00001000101111|001 0x4ABB81179
03 010010000110|1011100|00000000110101|100 0x486B801AC
04 010101101000|0010001|00010000100011|010 0x56822211A
05 010101100110|0010001|00110011110100|100 0x5662267A4
06 010100111101|0010001|00001001010100|100 0x53D2212A4
07 010011111010|0010001|00011100011110|001 0x4FA2238F1
08 010011110000|0010001|00011101010100|010 0x4F0223AA2
09 010011101100|0010001|00100010011011|101 0x4EC2244DD
0a 011000001110|1101110|00001101011111|100 0x60EDC1AFC
0b 010111100110|1101110|00101000111011|010 0x5E6DC51DA
0c 010111001100|1101110|00101000110010|101 0x5CCDC5195
0d 010110101010|1101110|00011101101101|101 0x5AADC3B6D
0e 010110011011|1101110|00101001111000|101 0x59BDC53C5
BX = 111 Event : 56
00 010010111101|1011100|00011000011011|100 0x4BDB830DC
01 010010011011|1011100|00110000101111|000 0x49BB86178
02 010010010100|1101110|00110000011001|000 0x494DC60C8
03 010100110011|0010001|00110010011001|101 0x5332264CD
04 010101010111|0100011|00111110101101|010 0x557467D6A
05 010101001110|0100011|00110010100101|000 0x54E466528
06 010011100110|0100011|00111000011001|000 0x4E64670C8
07 011000100011|1101110|00101010010001|110 0x623DC548E
08 010110101101|1101110|00000011001010|110 0x5ADDC0656
BX = 000 Event : 57
00 010100001011|1011100|00101000100110|000 0x50BB85130
01 010010110111|1011100|00110111100100|000 0x4B7B86F20
02 010010001000|1011100|00110100100000|000 0x488B86900
03 010001110111|1011100|00010000001001|000 0x477B82048
04 010011001100|1101110|00111001000000|000 0x4CCDC7200
05 010010110100|1101110|00110111101010|100 0x4B4DC6F54
06 010101110101|0010001|00001000000011|100 0x57522101C
07 010101111000|0010001|00100100000000|100 0x578224804
08 010101100101|0010001|00001010010101|001 0x5652214A9
09 010101011100|0010001|00000110000001|010 0x55C220C0A
0a 010100110001|0010001|00011001010110|000 0x5312232B0
0b 010100110000|0010001|00101100010111|101 0x5302258BD
0c 010100001101|0100011|00111100100100|000 0x50D467920
0d 010111110000|1101110|00011100100110|010 0x5F0DC3932
0e 010111100011|1101110|00000100011110|101 0x5E3DC08F5
0f 010111001110|1101110|00011110101000|001 0x5CEDC3D41
10 010110111010|1101110|00011110110011|010 0x5BADC3D9A
11 010110101100|1101110|00100100001000|100 0x5ACDC4844
12 010110011111|1101110|00000000010111|100 0x59FDC00BC
13 010110010010|1101110|00100000001111|010 0x592DC407A
14 010111000110|1011100|00101010010010|010 0x5C6B85492
BX = 001 Event : 58
00 010101010100|0010001|00011001010011|100 0x55422329C
01 010100010001|0010001|00110100000010|001 0x511226811
02 010100111110|0100011|00111111000001|100 0x53E467E0C
03 011000011101|1101110|00001101111100|101 0x61DDC1BE5
04 010110100110|1101110|00100000011111|011 0x5A6DC40FB
05 010110010001|1101110|00011110000100|011 0x591DC3C23
BX = 010 Event : 59
00 010101011110|0010001|00010010011110|010 0x55E2224F2
01 010100010111|0010001|00011000011100|010 0x5172230E2
02 010011111110|0010001|00110110010111|001 0x4FE226CB9
03 010011101101|0010001|00000111000011|101 0x4ED220E1D
04 010101001001|0100011|00110010010101|001 0x5494664A9
05 010011110110|0100011|00110110000010|001 0x4F6466C11
06 010111111010|1101110|00010011100000|011 0x5FADC2703
07 010111011000|1101110|00101011111101|110 0x5D8DC57EE
08 010110001000|1101110|00100000010100|100 0x588DC40A4
09 010110001000|1101110|00100000011100|001 0x588DC40E1
0a 010111011111|1011100|00101011100001|110 0x5DFB8570E
BX = 011 Event : 60
00 010100001000|1011100|00011100101011|001 0x508B83959
01 010100000011|1011100|00101101110001|100 0x503B85B8C
02 010011111110|1011100|00101110000011|100 0x4FEB85C1C
03 010011000001|1011100|00110111011100|100 0x4C1B86EE4
04 010010100101|1011100|00100000011100|100 0x4A5B840E4
05 010011000001|1101110|00111011000010|001 0x4C1DC7611
06 010101100011|0010001|00000000100001|001 0x563220109
07 010101010100|0010001|00000001100101|010 0x55422032A
08 010101000110|0010001|00110000001001|100 0x54622604C
09 010101000010|0010001|00001000111000|101 0x5422211C5
0a 010100110110|0010001|00010111111010|000 0x536222FD0
0b 010100010011|0010001|00011011111110|010 0x5132237F2
0c 010100001111|0010001|00100011010101|100 0x50F2246AC
0d 010100001010|0010001|00100011011000|100 0x50A2246C4
0e 010100010010|0100011|00111011100101|010 0x51246772A
0f 010100001110|0100011|00111001100000|001 0x50E467301
10 010100000011|0100011|00111011010111|010 0x5034676BA
11 010011101111|0100011|00110001000110|100 0x4EF466234
12 010111110110|1101110|00011110010001|001 0x5F6DC3C89
13 010111101000|1101110|00100001111101|110 0x5E8DC43EE
14 010111100001|1101110|00010100100101|100 0x5E1DC292C
15 010111010000|1101110|00100100101100|010 0x5D0DC4962
16 010110010101|1101110|00010111000101|110 0x595DC2E2E
17 010110001011|1101110|00010010000011|101 0x58BDC241D
18 010110111111|1011100|00111011001101|100 0x5BFB8766C
19 010110011100|1011100|00111011000100|011 0x59CB87623
1a 010110001101|1011100|00101101010111|001 0x58DB85AB9
BX = 100 Event : 61
00 010011110100|1011100|00000010011111|001 0x4F4B804F9
01 010010100101|1011100|00110001111111|100 0x4A5B863FC
02 010010011100|1011100|00100111101011|000 0x49CB84F58
03 010101011110|0010001|00100000111110|100 0x55E2241F4
04 010101011000|0010001|00110101110110|110 0x558226BB6
05 010101000000|0010001|00101110001100|010 0x540225C62
06 010100111110|0010001|00000100111010|100 0x53E2209D4
07 010100100010|0010001|00010011000011|010 0x52222261A
08 010011101110|0010001|00101010010111|100 0x4EE2254BC
09 010011101000|0010001|00001001001010|000 0x4E8221250
0a 010011100100|0010001|00000101110010|000 0x4E4220B90
0b 011000001110|1101110|00011001110010|000 0x60EDC3390
0c 010110101111|1101110|00011000111111|100 0x5AFDC31FC
0d 010110110000|1011100|00111011110011|001 0x5B0B87799
BX = 101 Event : 62
00 010011110010|1011100|00100111111010|001 0x4F2B84FD1
01 010010011010|1011100|00110000010110|100 0x49AB860B4
02 010101011111|0010001|00001011011110|001 0x55F2216F1
03 010100010110|0010001|00000100001000|101 0x516220845
04 010100000100|0010001|00000000101011|000 0x504220158
05 010011100111|0010001|00100101001101|001 0x4E7224A69
06 010011101001|0100011|00111101010001|010 0x4E9467A8A
07 011000100111|1101110|00101001110001|100 0x627DC538C
08 010111111000|1101110|00000010110100|000 0x5F8DC05A0
09 010111110010|1101110|00100001100110|101 0x5F2DC4335
0a 010110111100|1101110|00101111010000|101 0x5BCDC5E85
0b 010111001101|1011100|00111111000010|010 0x5CDB87E12
BX = 110 Event : 63
00 010100000001|1011100|00000101111001|000 0x501B80BC8
01 010010010111|1011100|00001010000110|001 0x497B81431
02 010010001001|1101110|00110010101111|100 0x489DC657C
03 010101101111|0010001|00001010011011|010 0x56F2214DA
04 010101010010|0010001|00000110001100|001 0x552220C61
05 010101001101|0010001|00000110001010|001 0x54D220C51
06 010100110110|0010001|00010111010001|100 0x536222E8C
07 010100100001|0100011|00110001101001|000 0x521466348
08 011000011010|1101110|00000101111010|110 0x61ADC0BD6
09 010111110000|1101110|00101001011110|110 0x5F0DC52F6
0a 010111110001|1011100|00111011100111|010 0x5F1B8773A
0b 010110010010|1011100|00111001110001|001 0x592B87389
BX = 111 Event : 64
00 010011100000|1011100|00010110110100|001 0x4E0B82DA1
01 010011000101|1011100|00000110011011|001 0x4C5B80CD9
02 010001110110|1101110|00110001011101|000 0x476DC62E8
03 010101110010|0010001|00011110001111|000 0x572223C78
04 010101101011|0010001|00101010011011|001 0x56B2254D9
05 010101011111|0010001|00110000001011|100 0x55F22605C
06 010100111110|0010001|00110101000000|010 0x53E226A02
07 010100101001|0010001|00001000000111|101 0x52922103D
08 010100001101|0010001|00101100100110|101 0x50D225935
09 010011100001|0010001|00010010101000|010 0x4E1222542
0a 010110000101|0100011|00110011101111|101 0x58546677D
0b 010100111001|0100011|00110100100100|001 0x539466921
0c 010110110000|1101110|00101100011111|110 0x5B0DC58FE
0d 010110010100|1101110|00100110101001|110 0x594DC4D4E
0e 011000000111|1011100|00110100000101|100 0x607B8682C
BX = 000 Event : 65
00 010011101110|1011100|00110101101101|100 0x4EEB86B6C
01 010010110111|1011100|00110110000010|000 0x4B7B86C10
02 010010101110|1011100|00111000111010|000 0x4AEB871D0
03 010010100000|1011100|00100010000000|000 0x4A0B84400
04 010010101001|1101110|00111000111001|100 0x4A9DC71CC
05 010010000001|1101110|00111000010111|100 0x481DC70BC
06 010100100010|0010001|00011111111000|000 0x522223FC0
07 010101000011|0100011|00111110011100|100 0x543467CE4
08 011000011000|1101110|00001110110000|011 0x618DC1D83
09 011000001111|1101110|00001011010001|010 0x60FDC168A
0a 010111010011|1101110|00000111001100|110 0x5D3DC0E66
0b 010110010001|1011100|00111111100010|101 0x591B87F15
BX = 001 Event : 66
00 010011011100|1011100|00100000011110|100 0x4DCB840F4
01 010010011111|1011100|00010000101101|000 0x49FB82168
02 010010100011|1011100|00000011100001|001 0x4A3B80709
03 010010000111|1011100|00100001100011|000 0x487B84318
04 010001111001|1011100|00100110001000|000 0x479B84C40
05 010101111001|0010001|00000111111001|010 0x579220FCA
06 010101100011|0010001|00100000010111|101 0x5632240BD
07 010101110011|0100011|00111000101110|000 0x573467170
08 010111111111|1101110|00011010100110|110 0x5FFDC3536
09 010111100110|1101110|00011100100110|101 0x5E6DC3935
0a 010110010001|1101110|00011011110100|110 0x591DC37A6
0b 010110001110|1101110|00000101011001|101 0x58EDC0ACD
BX = 010 Event : 67
00 010010101111|1011100|00011111011011|001 0x4AFB83ED9
01 010010010110|1011100|00110000100100|100 0x496B86124
02 010001111001|1011100|00101000011001|001 0x479B850C9
03 010010110111|1101110|00110001101001|000 0x4B7DC6348
04 010010001111|1101110|00110000100011|100 0x48FDC611C
05 010101110111|0010001|00011100101110|100 0x577223974
06 010101000101|0010001|00011100111110|101 0x5452239F5
07 010101000000|0010001|00011100111111|101 0x5402239FD
08 010100101111|0100011|00111111001101|101 0x52F467E6D
09 010100000111|0100011|00110011111100|100 0x5074667E4
0a 011000001110|1101110|00011001101101|110 0x60EDC336E
0b 010111100001|1101110|00011001011101|000 0x5E1DC32E8
0c 010111000011|1101110|00010000011011|011 0x5C3DC20DB
0d 010111000011|1101110|00010110010100|101 0x5C3DC2CA5
0e 010111001011|1011100|00110011101111|010 0x5CBB8677A
BX = 011 Event : 68
00 010100000001|1011100|00001000010000|001 0x501B81081
01 010011101101|0010001|00000111111100|000 0x4ED220FE0
02 010011100110|0010001|00010001111111|101 0x4E62223FD
03 010110101000|1011100|00101001101010|010 0x5A8B85352
BX = 100 Event : 69
00 010010111011|1101110|00111101011110|100 0x4BBDC7AF4
01 010101110100|0010001|00001001100101|100 0x57422132C
02 010100010110|0010001|00101011000011|001 0x516225619
03 010100001001|0010001|00010010101000|100 0x509222544
04 010011110000|0010001|00011011010001|110 0x4F022368E
05 010011101011|0010001|00010000001111|101 0x4EB22207D
06 010011111101|0100011|00110011110110|110 0x4FD4667B6
07 011000100110|1101110|00000001000111|010 0x626DC023A
08 010111101100|1101110|00101100011000|110 0x5ECDC58C6
09 010111100000|1101110|00000001011000|001 0x5E0DC02C1
0a 010111001000|1101110|00001011001100|101 0x5C8DC1665
0b 011000000000|1011100|00111010010111|110 0x600B874BE
0c 010111110011|1011100|00101011111011|110 0x5F3B857DE
BX = 101 Event : 70
00 010011001110|1011100|00001010000000|000 0x4CEB81400
01 010011001000|1011100|00001100011101|100 0x4C8B818EC
02 010010001001|1011100|00101000111111|100 0x489B851FC
03 010010001000|1011100|00110100011110|000 0x488B868F0
04 010011100100|1101110|00111101101011|000 0x4E4DC7B58
05 010011110101|0010001|00011110110001|101 0x4F5223D8D
06 010100111110|0100011|00110011100111|101 0x53E46673D
07 011000100011|1011100|00111010011010|100 0x623B874D4
BX = 110 Event : 71
00 010010011100|1101110|00110100111100|000 0x49CDC69E0
01 010111110001|1101110|00100000111010|110 0x5F1DC41D6
02 010111101101|1101110|00000100100010|010 0x5EDDC0912
03 010111000001|1101110|00000010100000|010 0x5C1DC0502
04 010110010100|1101110|00000001110101|000 0x594DC03A8
05 010111000011|1011100|00111101100001|110 0x5C3B87B0E
BX = 111 Event : 72
00 010011111101|1011100|00000010110011|100 0x4FDB8059C
01 010011011100|1011100|00001110010101|000 0x4DCB81CA8
02 010010000110|1011100|00101110111100|100 0x486B85DE4
03 010010000100|1101110|00111110000011|001 0x484DC7C19
04 010101110001|0010001|00000100100110|101 0x571220935
05 010101101110|0010001|00110000001100|101 0x56E226065
06 010101010101|0010001|00001010111100|010 0x5552215E2
07 010101010010|0010001|00101001101100|010 0x552225362
08 010100100100|0010001|00100110001011|001 0x524224C59
09 010011101111|0010001|00000011001111|100 0x4EF22067C
0a 010011100110|0010001|00011111010111|100 0x4E6223EBC
0b 011000001110|1101110|00101001100101|011 0x60EDC532B
0c 011000000100|1101110|00101001100101|000 0x604DC5328
0d 010110101101|1101110|00101111100101|011 0x5ADDC5F2B
0e 010111111010|1011100|00111110010010|011 0x5FAB87C93
0f 010110101011|1011100|00111010111100|011 0x5ABB875E3
10 010110011100|1011100|00101110000010|001 0x59CB85C11
BX = 000 Event : 73
00 010011101000|1011100|00101010100000|001 0x4E8B85501
01 010011100111|1011100|00001010000101|001 0x4E7B81429
02 010011001001|1011100|00100101001000|100 0x4C9B84A44
03 010010001111|1011100|00101011110011|100 0x48FB8579C
04 010001111111|1011100|00110110110001|100 0x47FB86D8C
05 010001111000|1101110|00110110111111|100 0x478DC6DFC
06 010101100011|0010001|00010011001101|001 0x563222669
07 010100001110|0010001|00011101101010|100 0x50E223B54
08 010011111011|0010001|00100011010100|000 0x4FB2246A0
09 010111100110|1101110|00010110000100|011 0x5E6DC2C23
0a 010110011011|1101110|00011001000011|001 0x59BDC3219
0b 010110110101|1011100|00111010111101|110 0x5B5B875EE
BX = 001 Event : 74
00 010010010101|1011100|00011100010001|000 0x495B83888
01 010100001010|1101110|00110110001011|000 0x50ADC6C58
02 010101110000|0010001|00000111011100|000 0x570220EE0
03 010101001101|0010001|00101001010100|100 0x54D2252A4
04 010100011101|0010001|00010100110000|001 0x51D222981
05 010101101101|0100011|00111010100100|001 0x56D467521
06 010101011110|0100011|00111001110110|101 0x55E4673B5
07 010110111101|1101110|00010101100000|001 0x5BDDC2B01
08 010110101000|1101110|00000010110011|110 0x5A8DC059E
09 010110100100|1101110|00010100101010|100 0x5A4DC2954
0a 010110001110|1011100|00110111011001|000 0x58EB86EC8
BX = 010 Event : 75
00 010011001000|1011100|00001100110001|001 0x4C8B81989
01 010011000100|1011100|00000111101010|001 0x4C4B80F51
02 010010000001|1011100|00011001011011|001 0x481B832D9
03 010101100011|0010001|00011101101011|010 0x563223B5A
04 010100111001|0010001|00000110100001|101 0x539220D0D
05 010100010010|0010001|00101100101001|001 0x512225949
06 010100000001|0010001|00101000111101|100 0x5012251EC
07 011000000000|1101110|00000111111011|001 0x600DC0FD9
08 010111111111|1101110|00011000001111|011 0x5FFDC307B
09 010111111011|1101110|00000111110110|000 0x5FBDC0FB0
0a 010111100100|1101110|00101110111111|010 0x5E4DC5DFA
BX = 011 Event : 76
00 010011101101|1011100|00000101110111|000 0x4EDB80BB8
01 010011000110|1011100|00101011110000|100 0x4C6B85784
02 010010101010|1011100|00001011101000|000 0x4AAB81740
03 010010000011|1011100|00110100001100|000 0x483B86860
04 010001111001|1101110|00110100000001|000 0x479DC6808
05 010100100011|0010001|00001100101011|100 0x52322195C
06 010100011101|0010001|00000001001011|101 0x51D22025D
07 010100010111|0010001|00101101010111|101 0x517225ABD
08 010100010011|0010001|00011100111110|101 0x5132239F5
09 010011111110|0010001|00011001001101|010 0x4FE22326A
0a 010011100100|0010001|00101001111000|010 0x4E42253C2
0b 011000010100|1101110|00011111000100|101 0x614DC3E25
0c 010111100010|1101110|00001000010011|000 0x5E2DC1098
0d 010111010010|1101110|00011100101001|011 0x5D2DC394B
0e 010111001110|1101110|00011110110001|110 0x5CEDC3D8E
0f 010110101010|1101110|00010110101111|100 0x5AADC2D7C
10 010110010001|1101110|00011000010111|000 0x591DC30B8
11 010111101100|1011100|00111100011110|010 0x5ECB878F2
12 010111101100|1011100|00111010000110|011 0x5ECB87433
BX = 100 Event : 77
00 010101111001|0010001|00001000011011|010 0x5792210DA
01 010101001011|0010001|00001101110001|100 0x54B221B8C
02 010101000110|0010001|00001101101111|100 0x546221B7C
03 010100111011|0010001|00001111000011|101 0x53B221E1D
04 010011101001|0010001|00000100100101|001 0x4E9220929
05 010111111111|1101110|00001011011101|101 0x5FFDC16ED
06 010111110000|1101110|00001110010001|000 0x5F0DC1C88
07 010111001110|1101110|00001001111100|001 0x5CEDC13E1
08 010111110010|1011100|00111000001010|101 0x5F2B87055
09 010111000111|1011100|00110010011111|101 0x5C7B864FD
BX = 101 Event : 78
00 010011011100|1011100|00001110000011|100 0x4DCB81C1C
01 010011000010|1011100|00011110001111|100 0x4C2B83C7C
02 010011000000|1011100|00110100000100|100 0x4C0B86824
03 010101111011|0010001|00000011011100|110 0x57B2206E6
04 010101110010|0010001|00011010010101|010 0x5722234AA
05 010011111110|0010001|00101100000110|010 0x4FE225832
06 010011111001|0010001|00101100001011|010 0x4F922585A
07 010110111100|1101110|00110000001111|010 0x5BCDC607A
08 010110011000|1101110|00100011111100|000 0x598DC47E0
BX = 110 Event : 79
00 010010100101|1011100|00100011001100|100 0x4A5B84664
01 010010000100|1011100|00101010000010|001 0x484B85411
02 010101110001|0010001|00000100100110|001 0x571220931
03 010101000101|0010001|00011010001000|100 0x545223444
04 010011111001|0010001|00110110101011|010 0x4F9226D5A
05 010011110100|0010001|00110110110011|010 0x4F4226D9A
06 010111101110|1011100|00110100001110|001 0x5EEB86871
07 010110111001|1011100|00111100101110|000 0x5B9B87970
BX = 111 Event : 80
00 010100000000|1011100|00100110100000|100 0x500B84D04
01 010011010111|1011100|00001100000100|100 0x4D7B81824
02 010011011010|1011100|00110110001100|000 0x4DAB86C60
03 010011001110|1011100|00110011101110|000 0x4CEB86770
04 010010011100|1011100|00001010000101|001 0x49CB81429
05 010010010101|1011100|00010001001010|100 0x495B82254
06 010011001111|1101110|00111101101110|001 0x4CFDC7B71
07 010011000000|1101110|00110011101000|100 0x4C0DC6744
08 010010100111|1101110|00111111110101|100 0x4A7DC7FAC
09 010010000101|1101110|00111011011100|000 0x485DC76E0
0a 010100111011|0010001|00010000101100|101 0x53B222165
0b 010100101100|0010001|00001110111110|010 0x52C221DF2
0c 010100011001|0010001|00001100110111|001 0x5192219B9
0d 010100010100|0010001|00001011100011|001 0x514221719
0e 010100010110|0010001|00110101011110|010 0x516226AF2
0f 010011110000|0010001|00011101000011|001 0x4F0223A19
10 010011100001|0010001|00010011110110|101 0x4E12227B5
11 010100010000|0100011|00110101000001|001 0x510466A09
12 010100001011|0100011|00110101110010|110 0x50B466B96
13 011000010100|1101110|00000111111100|110 0x614DC0FE6
14 010111110000|1101110|00010000011000|010 0x5F0DC20C2
15 010111110100|1101110|00100110110001|010 0x5F4DC4D8A
16 010111011000|1101110|00001000101101|100 0x5D8DC116C
17 010110111100|1101110|00100110000101|010 0x5BCDC4C2A
18 010110001110|1101110|00100100010010|110 0x58EDC4896
19 011000000100|1011100|00111101111100|101 0x604B87BE5
1a 010111100001|1011100|00110000011010|100 0x5E1B860D4
1b 010110001101|1011100|00101101111101|010 0x58DB85BEA
BX = 000 Event : 81
00 010011100010|1011100|00001010010111|100 0x4E2B814BC
01 010011000011|1011100|00001111001000|100 0x4C3B81E44
02 010011000001|1011100|00110111001010|000 0x4C1B86E50
03 010101001101|0010001|00110100001011|110 0x54D22685E
04 010101000011|0010001|00110100001100|000 0x543226860
05 010100110110|0010001|00011100111010|001 0x5362239D1
06 010100011001|0010001|00110001010100|110 0x5192262A6
07 010100010000|0010001|00000111110110|010 0x510220FB2
08 010101010111|0100011|00111111010001|101 0x557467E8D
09 010101001000|0100011|00110100101100|110 0x548466966
0a 010011111001|0100011|00111011010101|001 0x4F94676A9
0b 010110101100|1011100|00111000001101|110 0x5ACB8706E
BX = 001 Event : 82
00 010011000101|1011100|00000111000000|100 0x4C5B80E04
01 010010111101|1011100|00011000101001|000 0x4BDB83148
02 010001111101|1011100|00100010001010|001 0x47DB84451
03 010100101100|0010001|00010111011001|001 0x52C222EC9
04 010100000011|0010001|00010111110010|100 0x503222F94
BX = 010 Event : 83
00 010011001100|1011100|00011011011000|000 0x4CCB836C0
01 010010010101|1011100|00011011001111|000 0x495B83678
02 010001111110|1101110|00110100010011|100 0x47EDC689C
03 010011100101|0010001|00011010001100|010 0x4E5223462
04 010111111100|1101110|00000100100101|000 0x5FCDC0928
05 010111101001|1101110|00000100001001|110 0x5E9DC084E
06 010110011011|1101110|00101010001111|101 0x59BDC547D
07 011000010011|1011100|00111111110110|101 0x613B87FB5
08 010111000101|1011100|00110111001101|010 0x5C5B86E6A
09 010110111011|1011100|00110111001100|000 0x5BBB86E60
BX = 011 Event : 84
00 010011101000|1011100|00110011110100|100 0x4E8B867A4
01 010011100011|1011100|00110100010011|000 0x4E3B86898
02 010011100011|1101110|00110100000001|100 0x4E3DC680C
03 010011011110|1101110|00110011111010|100 0x4DEDC67D4
04 010101111010|0010001|00000101000010|101 0x57A220A15
05 010101000000|0010001|00011111011100|001 0x540223EE1
06 010100101101|0010001|00110000101111|001 0x52D226179
07 010100100101|0010001|00101001100001|010 0x52522530A
08 010011101100|0010001|00100011010100|010 0x4EC2246A2
09 010111111101|1101110|00101111000111|000 0x5FDDC5E38
0a 010111101100|1101110|00011110011001|011 0x5ECDC3CCB
0b 011000000101|1011100|00101111001010|000 0x605B85E50
BX = 100 Event : 85
00 010011110000|1011100|00100010010100|100 0x4F0B844A4
01 010011001010|1011100|00101010010000|000 0x4CAB85480
02 010101110000|0010001|00101010000111|100 0x57022543C
03 010100111110|0010001|00000101010011|010 0x53E220A9A
04 010011100010|0010001|00100011011110|101 0x4E22246F5
05 010101110111|0100011|00111011010001|110 0x57746768E
06 010111111000|1101110|00101111011011|001 0x5F8DC5ED9
07 010111011100|1101110|00001110010011|011 0x5DCDC1C9B
08 010111011000|1101110|00101011111101|101 0x5D8DC57ED
09 010110001001|1101110|00000011101001|011 0x589DC074B
0a 011000000101|1011100|00101111011000|000 0x605B85EC0
0b 010111110110|1011100|00101110010100|110 0x5F6B85CA6
0c 010110011101|1011100|00111000000111|101 0x59DB8703D
0d 010110010010|1011100|00111010000101|101 0x592B8742D
BX = 101 Event : 86
00 010100000011|1011100|00010001110111|000 0x503B823B8
01 010010110010|1011100|00000011111011|100 0x4B2B807DC
02 010010110010|1011100|00000011110001|001 0x4B2B80789
03 010010011011|1011100|00001111001101|000 0x49BB81E68
04 010001110111|1011100|00111001101010|100 0x477B87354
05 010100010010|1101110|00110001000101|100 0x512DC622C
06 010010001111|1101110|00111010010011|100 0x48FDC749C
07 010001110010|1101110|00111001101101|100 0x472DC736C
08 010101011110|0010001|00011000101011|001 0x55E223159
09 010100110001|0010001|00011000001011|010 0x53122305A
0a 010011110000|0010001|00010001100100|000 0x4F0222320
0b 010011101000|0010001|00100110011101|000 0x4E8224CE8
0c 011000000011|1101110|00100111000001|110 0x603DC4E0E
0d 010111110011|1011100|00110100001000|101 0x5F3B86845
BX = 110 Event : 87
00 010011011011|1011100|00000001111011|000 0x4DBB803D8
01 010010011011|1011100|00100011100000|100 0x49BB84704
02 010010010110|1101110|00110110111101|000 0x496DC6DE8
03 010011111001|0010001|00010101111101|001 0x4F9222BE9
04 010011101011|0010001|00111000100111|110 0x4EB22713E
05 011000010010|1101110|00000000011000|100 0x612DC00C4
06 010110111000|1101110|00010011011100|101 0x5B8DC26E5
07 010110010010|1101110|00001000001111|010 0x592DC107A
08 010110100111|1011100|00101100101111|001 0x5A7B85979
BX = 111 Event : 88
00 010011010011|1011100|00100101100101|100 0x4D3B84B2C
01 010011010011|1011100|00110011010010|001 0x4D3B86691
02 010010001011|1011100|00111001100110|100 0x48BB87334
03 010011001010|1101110|00110011001111|100 0x4CADC667C
04 010110000010|0010001|00000000011011|101 0x5822200DD
05 010101011110|0010001|00011110101101|000 0x55E223D68
06 010100110100|0010001|00110100011001|110 0x5342268CE
07 010100010111|0010001|00101101110010|000 0x517225B90
08 010011111100|0010001|00100111111110|010 0x4FC224FF2
09 010100101110|0100011|00110100111000|000 0x52E4669C0
0a 011000100111|1101110|00101001110100|110 0x627DC53A6
0b 010110111001|1101110|00010001000111|010 0x5B9DC223A
BX = 000 Event : 89
00 010011111011|1011100|00100101101110|100 0x4FBB84B74
01 010011010001|1011100|00011001110000|100 0x4D1B83384
02 010011111011|0010001|00100110001010|101 0x4FB224C55
03 010011110101|0010001|00011110111100|000 0x4F5223DE0
04 010011100111|0010001|00100110010100|100 0x4E7224CA4
05 010111110011|1101110|00000011111100|100 0x5F3DC07E4
06 010111011110|1101110|00100011001001|011 0x5DEDC464B
07 010110010001|1101110|00001100011110|100 0x591DC18F4
08 010110010010|1101110|00011111011101|000 0x592DC3EE8
09 010110001101|1101110|00011111011111|000 0x58DDC3EF8
BX = 001 Event : 90
00 010010101001|1011100|00011111011101|100 0x4A9B83EEC
01 010010011010|1011100|00011000101000|100 0x49AB83144
02 010101100011|0010001|00001111110101|010 0x563221FAA
03 010101100011|0010001|00101101111000|000 0x563225BC0
04 010101010100|0010001|00011000000110|101 0x554223035
05 010100110111|0010001|00100101000011|101 0x537224A1D
06 010111110101|1101110|00011101000101|110 0x5F5DC3A2E
07 010111010100|1101110|00100011011110|010 0x5D4DC46F2
08 010111110000|1011100|00110000000011|010 0x5F0B8601A
BX = 010 Event : 91
00 010010010101|1011100|00011001101010|100 0x495B83354
01 010101110111|0010001|00011101100010|010 0x577223B12
02 010100010111|0010001|00101101111101|000 0x517225BE8
03 010100001101|0010001|00010110111010|001 0x50D222DD1
04 010100001001|0010001|00011101101100|100 0x509223B64
05 010111101100|1101110|00001001001011|101 0x5ECDC125D
06 010110001000|1101110|00100000000101|101 0x588DC402D
07 011000011001|1011100|00111001100100|000 0x619B87320
08 011000001111|1011100|00111100101010|001 0x60FB87951
BX = 011 Event : 92
00 010011010011|1011100|00100101100101|100 0x4D3B84B2C
01 010011010011|1011100|00110011010010|001 0x4D3B86691
02 010010001011|1011100|00111001100110|100 0x48BB87334
03 010001110111|1011100|00010010011010|001 0x477B824D1
04 010011001010|1101110|00110011001111|100 0x4CADC667C
05 010110000010|0010001|00000000011101|101 0x5822200ED
06 010101011110|0010001|00011110101101|000 0x55E223D68
07 010100110100|0010001|00110100011001|110 0x5342268CE
08 010011111100|0010001|00100111111110|010 0x4FC224FF2
09 010100101110|0100011|00110100111000|001 0x52E4669C1
0a 011000100111|1101110|00101001110100|110 0x627DC53A6
0b 010110111001|1101110|00010001000111|010 0x5B9DC223A
BX = 100 Event : 93
00 010010111010|1011100|00001010101101|001 0x4BAB81569
01 010101110010|0010001|00001111011011|101 0x572221EDD
02 010101000100|0010001|00110110000111|000 0x544226C38
03 010100110001|0010001|00010000100000|101 0x531222105
04 010110111111|1101110|00101011111100|110 0x5BFDC57E6
05 010110110110|1101110|00101101001011|101 0x5B6DC5A5D
06 010110011101|1101110|00000100110101|001 0x59DDC09A9
07 010110011010|1101110|00000000111101|101 0x59ADC01ED
08 010110001101|1101110|00100001110101|101 0x58DDC43AD
09 011000010001|1011100|00110101110010|101 0x611B86B95
0a 010111111010|1011100|00110000110100|100 0x5FAB861A4
0b 010111000101|1011100|00101011100110|110 0x5C5B85736
BX = 101 Event : 94
00 010010101001|1011100|00011111011101|100 0x4A9B83EEC
01 010101100011|0010001|00001111110101|010 0x563221FAA
02 010101010100|0010001|00011000000110|101 0x554223035
03 010100110111|0010001|00100101000011|101 0x537224A1D
04 010011111001|0010001|00010101110000|101 0x4F9222B85
05 010111110101|1101110|00011101000101|110 0x5F5DC3A2E
06 010111010100|1101110|00100011011110|010 0x5D4DC46F2
07 010110110001|1101110|00100011101010|100 0x5B1DC4754
BX = 110 Event : 95
00 010011110101|1011100|00011111001001|100 0x4F5B83E4C
01 010010101010|1011100|00001011101000|000 0x4AAB81740
02 010100100011|0010001|00001100101011|100 0x52322195C
03 010100011101|0010001|00000001001011|101 0x51D22025D
04 010100010111|0010001|00101101010111|100 0x517225ABC
05 010011111110|0010001|00011001001101|010 0x4FE22326A
06 010011100110|0010001|00011111111111|100 0x4E6223FFC
07 010111010010|1101110|00011100101001|011 0x5D2DC394B
08 010111001110|1101110|00011110110001|110 0x5CEDC3D8E
09 010110010001|1101110|00011000010111|000 0x591DC30B8
BX = 111 Event : 96
00 010101101111|0010001|00001001001011|001 0x56F221259
01 010100111000|0010001|00001000101001|000 0x538221148
02 010100100110|0010001|00101011111100|010 0x5262257E2
03 010011100010|0010001|00001011010001|100 0x4E222168C
04 011000100010|1101110|00010100100001|001 0x622DC2909
05 010110100001|1011100|00111010111011|110 0x5A1B875DE
BX = 000 Event : 97
00 010011011100|1011100|00001110000011|100 0x4DCB81C1C
01 010011000010|1011100|00011110001111|100 0x4C2B83C7C
02 010010011101|1011100|00000110011011|001 0x49DB80CD9
03 010101111011|0010001|00000011011100|110 0x57B2206E6
04 010101110010|0010001|00011010010101|010 0x5722234AA
05 010011111110|0010001|00101100000110|010 0x4FE225832
06 010110011000|1101110|00100011111100|000 0x598DC47E0
BX = 001 Event : 98
00 010011000101|1011100|00110101100110|001 0x4C5B86B31
01 010010011000|1011100|00000110110101|100 0x498B80DAC
02 010010000100|1011100|00000101110101|100 0x484B80BAC
03 010010000100|1011100|00000011111101|000 0x484B807E8
04 010010000100|1101110|00111101100010|000 0x484DC7B10
05 010100100010|0010001|00001111000010|000 0x522221E10
06 010100100101|0010001|00000110101101|101 0x525220D6D
07 010100010000|0010001|00110011110001|110 0x51022678E
08 010011110000|0010001|00010001111110|001 0x4F02223F1
09 010100001100|0100011|00110100000111|110 0x50C46683E
0a 011000100010|1101110|00001110010001|001 0x622DC1C89
0b 010111111110|1101110|00100111110111|101 0x5FEDC4FBD
BX = 010 Event : 99
00 010011101100|1011100|00100101101011|100 0x4ECB84B5C
01 010011011010|1011100|00110110001100|000 0x4DAB86C60
02 010010110110|1011100|00101010001001|000 0x4B6B85448
03 010010011111|1011100|00011100101011|100 0x49FB8395C
04 010011011000|1101110|00110110001001|100 0x4D8DC6C4C
05 010011001111|1101110|00111101101110|001 0x4CFDC7B71
06 010010100111|1101110|00111111110101|100 0x4A7DC7FAC
07 010101111100|0010001|00011100000110|100 0x57C223834
08 010101011001|0010001|00000001010110|110 0x5592202B6
09 010100111011|0010001|00010000101100|101 0x53B222165
0a 010100100010|0010001|00011100010000|100 0x522223884
0b 010100011001|0010001|00001100110111|001 0x5192219B9
0c 010100010110|0010001|00110101011110|010 0x516226AF2
0d 010011111110|0010001|00101100111110|101 0x4FE2259F5
0e 010011110000|0010001|00011101000011|001 0x4F0223A19
0f 010011100001|0010001|00010011110110|101 0x4E12227B5
10 010100010000|0100011|00110101000001|001 0x510466A09
11 010100001011|0100011|00110101110010|110 0x50B466B96
12 011000010100|1101110|00000111111010|110 0x614DC0FD6
13 010111110000|1101110|00010000011000|010 0x5F0DC20C2
14 010111110100|1101110|00100110110011|110 0x5F4DC4D9E
15 010110111100|1101110|00100110000101|010 0x5BCDC4C2A
16 010110001110|1101110|00100100010010|110 0x58EDC4896
17 011000000100|1011100|00111101111100|101 0x604B87BE5
18 010111000101|1011100|00110101110011|001 0x5C5B86B99
BX = 011 Event : 100
00 010011010100|1011100|00000111101010|000 0x4D4B80F50
01 010010000101|1011100|00101101011101|100 0x485B85AEC
02 010010000010|1101110|00101101100110|100 0x482DC5B34
03 010101001010|0010001|00101101101101|100 0x54A225B6C
04 011000001000|1101110|00000000111010|101 0x608DC01D5
05 011000000010|1101110|00100100001010|101 0x602DC4855
06 010111101011|1011100|00111110110001|110 0x5EBB87D8E
