BX = 000 Event : 1
00 010011101010|0010001|00010011011101|000 0x4EA2226E8
01 010010001001|0010001|00110101001011|100 0x489226A5C
02 010001111100|0010001|00010101011000|100 0x47C222AC4
03 010101101001|1011101|00101111010010|010 0x569BA5E92
04 010101100100|1011101|00100001110000|101 0x564BA4385
05 010100111011|1011101|00011000101000|011 0x53BBA3143
06 010100000001|1011101|00001000111100|010 0x501BA11E2
07 010100110111|1101111|00110111010101|101 0x537DE6EAD
08 010100110010|1101111|00111000011011|010 0x532DE70DA
09 010100001000|1101111|00111010011000|110 0x508DE74C6
0a 010011111100|1101111|00110101110001|110 0x4FCDE6B8E
0b 011000011001|0100100|00011101011111|110 0x619483AFE
0c 010111001000|0100100|00011011011110|010 0x5C84836F2
0d 010110101010|0010001|00111110111111|001 0x5AA227DF9
0e 010110100101|0010001|00111110111001|000 0x5A5227DC8
0f 010110010111|0010001|00111000010111|011 0x5972270BB
10 010110001001|0010001|00110111001000|001 0x589226E41
BX = 001 Event : 2
00 010011001001|0010001|00100100110001|001 0x4C9224989
01 010011000101|0010001|00110100010011|000 0x4C5226898
02 010011010000|0100100|00110010110111|000 0x4D04865B8
03 010101111001|1011101|00100111101001|010 0x579BA4F4A
04 010101100011|1011101|00011011101011|010 0x563BA375A
05 010100101010|1011101|00000100110100|000 0x52ABA09A0
06 010101010101|1101111|00111000100011|101 0x555DE711D
07 010110101111|0100100|00011100010000|000 0x5AF483880
08 010110011010|0100100|00101000100100|001 0x59A485121
09 011000000110|0010001|00111000111101|001 0x6062271E9
0a 011000000001|0010001|00111001000001|011 0x60122720B
0b 010110101100|0010001|00101100110011|010 0x5AC22599A
BX = 010 Event : 3
00 010011110101|0010001|00011110110111|100 0x4F5223DBC
01 010011001100|0010001|00011110010000|100 0x4CC223C84
02 010010011010|0010001|00011111010011|100 0x49A223E9C
03 010010001000|0100100|00110101011011|000 0x488486AD8
04 010101110111|1011101|00011110110001|100 0x577BA3D8C
05 010111101011|0100100|00010010001111|100 0x5EB48247C
06 010111010111|0100100|00010000010010|001 0x5D7482091
07 010110010110|0100100|00011110000101|100 0x596483C2C
BX = 011 Event : 4
00 010011100010|0010001|00100101110100|000 0x4E2224BA0
01 010101000000|1011101|00011101001100|001 0x540BA3A61
02 010100100000|1011101|00110100001011|010 0x520BA685A
03 010100000000|1011101|00001010001001|010 0x500BA144A
04 010110010010|0100100|00001000000111|011 0x59248103B
BX = 100 Event : 5
00 010010110101|0010001|00110011001010|000 0x4B5226650
01 010010010101|0010001|00111001011001|000 0x4952272C8
02 010001110100|0010001|00001001000100|001 0x474221221
03 010001101111|0010001|00001001000000|001 0x46F221201
04 010010111011|0100100|00110011010111|000 0x4BB4866B8
05 010010011010|0100100|00111001011110|000 0x49A4872F0
06 010101100011|1011101|00011101010101|001 0x563BA3AA9
07 010101010100|1011101|00010011111001|000 0x554BA27C8
08 010101010010|1011101|00101001010100|101 0x552BA52A5
09 010100110001|1011101|00011111000110|101 0x531BA3E35
0a 010100110001|1011101|00010011111000|010 0x531BA27C2
0b 010100101001|1011101|00001000111011|001 0x529BA11D9
0c 010011111010|1011101|00001101111101|101 0x4FABA1BED
0d 010100010010|1101111|00111010101000|101 0x512DE7545
0e 011000011010|0100100|00000101110100|001 0x61A480BA1
0f 010111000011|0100100|00010000101110|001 0x5C3482171
10 010111001001|0100100|00101011010001|010 0x5C948568A
11 010111101110|0010001|00110110000111|110 0x5EE226C3E
12 010111000001|0010001|00101011000010|001 0x5C1225611
BX = 101 Event : 6
00 010011010000|0010001|00110101100110|000 0x4D0226B30
01 010010000110|0010001|00010000110110|100 0x4862221B4
02 010001111101|0010001|00110001101100|100 0x47D226364
03 010001110011|0010001|00001110001001|100 0x473221C4C
04 010100001000|0100100|00110001011001|000 0x5084862C8
05 010011011000|0100100|00110100110101|100 0x4D84869AC
06 010001111110|0100100|00110011101101|100 0x47E48676C
07 010101111100|1011101|00011000001110|101 0x57CBA3075
08 010100111011|1011101|00100000110100|101 0x53BBA41A5
09 010100110100|1011101|00110100011101|110 0x534BA68EE
0a 010100010111|1011101|00000001100111|110 0x517BA033E
0b 010111100110|0100100|00001011010000|110 0x5E6481686
0c 010110011111|0100100|00010110101001|101 0x59F482D4D
0d 010111100101|0010001|00110001100100|000 0x5E5226320
0e 010110110000|0010001|00111001111110|011 0x5B02273F3
0f 010110000111|0010001|00111100110011|000 0x587227998
BX = 110 Event : 7
00 010010001000|0010001|00110100110011|100 0x48822699C
01 010001110011|0010001|00001010101111|000 0x473221578
02 010100001110|0100100|00111001001101|100 0x50E48726C
03 010001110101|0100100|00111100101011|000 0x475487958
04 010100011000|1011101|00010010110100|001 0x518BA25A1
05 010100001001|1011101|00011011001111|100 0x509BA367C
06 010011111001|1011101|00010101111000|100 0x4F9BA2BC4
07 010011110101|1101111|00111001000001|100 0x4F5DE720C
08 010011110101|1101111|00111001010010|100 0x4F5DE7294
09 010111010010|0100100|00001011011011|000 0x5D24816D8
0a 010110111001|0100100|00010001000111|011 0x5B948223B
0b 010110011011|0100100|00011001010011|110 0x59B48329E
0c 010110001100|0100100|00011100000101|000 0x58C483828
0d 010111001101|0010001|00110000101000|000 0x5CD226140
0e 010110010001|0010001|00101111110101|010 0x591225FAA
BX = 111 Event : 8
00 010010000110|0010001|00011111110011|100 0x486223F9C
01 010100110111|1011101|00001110001001|101 0x537BA1C4D
02 010100110101|1011101|00000011110111|100 0x535BA07BC
03 010100001111|1011101|00001011100000|011 0x50FBA1703
BX = 000 Event : 9
00 010010001100|0100100|00000010100011|001 0x48C480519
01 010011100110|0010001|00001101001011|100 0x4E6221A5C
02 010010000101|0010001|00000010001011|000 0x485220458
03 010010001110|0100100|00111110100000|100 0x48E487D04
04 010101001100|1011101|00100110001110|001 0x54CBA4C71
05 010100011111|1011101|00110010100010|001 0x51FBA6511
06 010101110100|1101111|00110110001011|010 0x574DE6C5A
07 010101011110|1101111|00111010101000|001 0x55EDE7541
08 010100100110|1101111|00110010101101|000 0x526DE6568
09 010011111110|1101111|00111100001000|101 0x4FEDE7845
0a 010110101111|0100100|00011100101110|100 0x5AF483974
0b 010110001011|0100100|00101001001001|100 0x58B48524C
0c 010110101111|0010001|00111110100110|000 0x5AF227D30
BX = 001 Event : 10
00 010011111111|0010001|00111000001111|100 0x4FF22707C
01 010010100000|0010001|00111010000011|001 0x4A0227419
02 010011111111|1101111|00111000100010|101 0x4FFDE7115
03 011000000110|0100100|00000110001010|001 0x606480C51
04 011000000001|0100100|00000110001000|001 0x601480C41
05 010111001011|0010001|00110100001011|010 0x5CB22685A
BX = 010 Event : 11
00 010100011010|1011101|00110010100100|110 0x51ABA6526
01 010100010011|1011101|00011010111010|101 0x513BA35D5
02 010101111001|1101111|00110111010101|001 0x579DE6EA9
03 010100100001|1101111|00110010000100|110 0x521DE6426
04 010011101001|1101111|00110011000011|011 0x4E9DE661B
05 010111111110|0100100|00000010000001|101 0x5FE48040D
06 010111101101|0100100|00100001100101|101 0x5ED48432D
07 010111000100|0100100|00001001010110|110 0x5C44812B6
08 010110101101|0100100|00000001101111|001 0x5AD480379
09 010110100011|0100100|00110000011011|100 0x5A34860DC
BX = 011 Event : 12
00 010010100000|0010001|00010000000000|000 0x4A0222000
01 010101001111|1011101|00010111000001|010 0x54FBA2E0A
02 010101000110|1011101|00001011101000|000 0x546BA1740
03 010100110110|1011101|00010110110010|101 0x536BA2D95
04 010100001010|1011101|00100101100001|010 0x50ABA4B0A
05 010100000100|1011101|00011110100101|101 0x504BA3D2D
06 010111011110|0100100|00000110100100|110 0x5DE480D26
07 010111000011|0100100|00101010101011|100 0x5C348555C
08 010110100101|0100100|00101010110011|000 0x5A5485598
BX = 100 Event : 13
00 010010010001|0100100|00000010000110|001 0x491480431
01 010001110010|0010001|00011101100011|000 0x472223B18
02 010101000110|1011101|00001100010001|110 0x546BA188E
03 010100110101|1011101|00000010011000|010 0x535BA04C2
04 010100000000|1011101|00100010000111|000 0x500BA4438
05 010111111011|0100100|00001001011101|010 0x5FB4812EA
06 010111011100|0100100|00011011011000|001 0x5DC4836C1
07 010110100100|0010001|00110001100010|101 0x5A4226315
BX = 101 Event : 14
00 010001111110|0010001|00100111111100|001 0x47E224FE1
01 010011001001|0100100|00110110010010|100 0x4C9486C94
02 010111101011|0100100|00010000101001|101 0x5EB48214D
BX = 110 Event : 15
00 010010000010|0010001|00111011010011|000 0x482227698
01 010010001111|0100100|00111011010000|100 0x48F487684
02 010100011001|1011101|00100011110110|011 0x519BA47B3
03 010100011011|1011101|00000101100011|100 0x51BBA0B1C
04 010100010101|1011101|00100101111100|000 0x515BA4BE0
05 010100001100|1011101|00101010101010|001 0x50CBA5551
06 010100001100|1011101|00000110001011|001 0x50CBA0C59
07 010100000000|1011101|00100011111100|001 0x500BA47E1
08 010011100111|1011101|00100101000111|110 0x4E7BA4A3E
09 010101011111|1101111|00110111100000|001 0x55FDE6F01
0a 010111010010|0100100|00010111111001|010 0x5D2482FCA
0b 010110110100|0100100|00011000100100|001 0x5B4483121
0c 010110010010|0010001|00111000111111|110 0x5922271FE
BX = 111 Event : 16
00 010010010101|0010001|00011001000111|100 0x49522323C
01 010001111100|0010001|00010011000010|001 0x47C222611
02 010101011001|1011101|00000000110110|110 0x559BA01B6
03 010100000110|1011101|00100111010100|101 0x506BA4EA5
04 010100000001|1011101|00100111011000|101 0x501BA4EC5
05 010111101011|0100100|00010001110010|010 0x5EB482392
06 010110110111|0100100|00000011101100|100 0x5B7480764
07 010111101000|0010001|00110111011000|010 0x5E8226EC2
BX = 000 Event : 17
00 010011111001|0010001|00011110001111|100 0x4F9223C7C
01 010011100101|0010001|00011010001000|001 0x4E5223441
02 010010101011|0010001|00100111111010|100 0x4AB224FD4
03 010101111100|1011101|00101101100010|010 0x57CBA5B12
04 010101000000|1011101|00010101111011|101 0x540BA2BDD
05 010100110000|1011101|00000010001100|001 0x530BA0461
06 010011111110|1011101|00010111001011|011 0x4FEBA2E5B
07 010011101011|1011101|00001111010001|010 0x4EBBA1E8A
08 010011100110|1011101|00011111001110|100 0x4E6BA3E74
09 010101001101|1101111|00110100111110|110 0x54DDE69F6
0a 010111100110|0100100|00001011100010|010 0x5E6481712
0b 010110011101|0100100|00101110110111|010 0x59D485DBA
BX = 001 Event : 18
00 010011100110|0010001|00001100000000|001 0x4E6221801
01 010010001000|0010001|00110011111111|100 0x4882267FC
02 010101111000|1011101|00100100001010|100 0x578BA4854
03 010101001100|1011101|00001000011011|001 0x54CBA10D9
04 010100111100|1011101|00100101011001|011 0x53CBA4ACB
05 011000001011|0100100|00100001000010|110 0x60B484216
06 011000000011|0100100|00100111110011|100 0x603484F9C
07 010110110010|0100100|00110000001001|100 0x5B248604C
08 011000011110|0010001|00111011001100|110 0x61E227666
09 010110101010|0010001|00110000010111|100 0x5AA2260BC
BX = 010 Event : 19
00 010011010110|0010001|00101110111111|100 0x4D6225DFC
01 010010111000|0010001|00010011111000|100 0x4B82227C4
02 010010110010|0010001|00101101011100|100 0x4B2225AE4
03 010010011011|0010001|00111010011010|100 0x49B2274D4
04 010010001110|0010001|00000100100000|000 0x48E220900
05 010011001101|0100100|00101110111001|001 0x4CD485DC9
06 010010011011|0100100|00110110011010|000 0x49B486CD0
07 010010010100|0100100|00110001101011|100 0x49448635C
08 010101111001|1011101|00001010101001|011 0x579BA154B
09 010101100011|1011101|00011101011011|101 0x563BA3ADD
0a 010100011000|1011101|00100000111111|001 0x518BA41F9
0b 010110010110|0100100|00001100111111|011 0x5964819FB
BX = 011 Event : 20
00 010100001001|0010001|00101111011011|000 0x509225ED8
01 010011011101|0010001|00100101001100|100 0x4DD224A64
02 010010001101|0010001|00000111001010|000 0x48D220E50
03 010100111110|1011101|00101010001110|000 0x53EBA5470
04 010101110111|1101111|00111010111010|010 0x577DE75D2
05 010011101001|1101111|00111100111100|110 0x4E9DE79E6
06 011000000111|0100100|00000010001100|100 0x607480464
07 010111111101|0100100|00000010001010|101 0x5FD480455
08 011000011001|0010001|00111100000011|110 0x61922781E
BX = 100 Event : 21
00 010010101111|0100100|00111000010001|100 0x4AF48708C
01 010010101010|0100100|00111000001011|100 0x4AA48705C
02 010010011011|0100100|00110111100100|100 0x49B486F24
03 010100011010|1011101|00100111000001|010 0x51ABA4E0A
04 010100000111|1011101|00110100111011|110 0x507BA69DE
05 010011111001|1011101|00110111100011|010 0x4F9BA6F1A
06 010100000000|1101111|00110111110111|001 0x500DE6FB9
07 010110101010|0010001|00111110110011|110 0x5AA227D9E
BX = 101 Event : 22
00 010010100101|0010001|00001101000100|100 0x4A5221A24
01 010101100000|1011101|00110010110101|000 0x560BA65A8
02 010011100001|1011101|00100001100010|100 0x4E1BA4314
03 010100011001|1101111|00110111100010|110 0x519DE6F16
04 010110110011|0100100|00010011101101|110 0x5B348276E
05 010110101001|0100100|00100111010110|100 0x5A9484EB4
06 010110010110|0100100|00001011110101|000 0x5964817A8
BX = 110 Event : 23
00 010100001000|0010001|00101101010110|000 0x508225AB0
01 010101010011|1011101|00101100111000|110 0x553BA59C6
02 010100110111|1011101|00100001100010|000 0x537BA4310
03 010100111000|1011101|00110010110111|110 0x538BA65BE
04 010101110000|1101111|00110100001100|010 0x570DE6862
05 010101000011|1101111|00110011100010|101 0x543DE6715
06 010100111111|1101111|00110010001111|011 0x53FDE647B
07 010100111111|1101111|00110010110100|110 0x53FDE65A6
08 011000001001|0100100|00011001011000|001 0x6094832C1
09 010110010001|0100100|00011001000111|101 0x59148323D
BX = 111 Event : 24
00 010011101111|0010001|00011000001100|000 0x4EF223060
01 010010111110|0010001|00001011100111|001 0x4BE221739
02 010010101110|0010001|00011000110010|100 0x4AE223194
03 010010011111|0010001|00011110111110|000 0x49F223DF0
04 010011011110|0100100|00110011001001|000 0x4DE486648
05 010100110001|1011101|00011000000111|100 0x531BA303C
06 010100010010|1011101|00110110010110|100 0x512BA6CB4
07 010100001000|1011101|00011000101110|101 0x508BA3175
08 010011110100|1011101|00011000111010|000 0x4F4BA31D0
09 010011101101|1011101|00110011101000|011 0x4EDBA6743
0a 010100010101|1101111|00110101111111|101 0x515DE6BFD
0b 010111101101|0100100|00100010100110|110 0x5ED484536
0c 010111000100|0100100|00100000110101|010 0x5C44841AA
0d 010111010001|0010001|00110001010110|010 0x5D12262B2
BX = 000 Event : 25
00 010011101010|0010001|00011010101111|001 0x4EA223579
01 010011000011|0010001|00001100010011|000 0x4C3221898
02 010010001000|0010001|00001000100101|001 0x488221129
03 010001101111|0010001|00100111011110|001 0x46F224EF1
04 010011100100|0100100|00110010011000|001 0x4E44864C1
05 010100010110|1011101|00110101011110|001 0x516BA6AF1
06 010100001110|1011101|00011110101111|010 0x50EBA3D7A
07 010100000100|1011101|00011111001010|110 0x504BA3E56
08 010100000101|1011101|00110000111110|000 0x505BA61F0
09 010011111110|1011101|00011001110010|110 0x4FEBA3396
0a 010011111001|1011101|00011010000110|010 0x4F9BA3432
0b 010011110000|1011101|00011010110011|110 0x4F0BA359E
0c 010011111110|1101111|00110001000010|110 0x4FEDE6216
BX = 001 Event : 26
00 010010011110|0010001|00110111011001|100 0x49E226ECC
01 010001111110|0010001|00110011110101|001 0x47E2267A9
02 010010101000|0100100|00110001110111|100 0x4A84863BC
03 010010000011|0100100|00110100001000|000 0x483486840
04 010110000000|1011101|00000010110010|001 0x580BA0591
05 010100100100|1011101|00000111111101|101 0x524BA0FED
06 010100011111|1011101|00000111111101|100 0x51FBA0FEC
07 010100000000|1011101|00100100010010|010 0x500BA4892
08 010011111011|1011101|00100010001010|100 0x4FBBA4454
09 010011110111|1011101|00101001011001|110 0x4F7BA52CE
0a 010100000111|1101111|00111110010001|001 0x507DE7C89
0b 010011111101|1101111|00111100100110|001 0x4FDDE7931
0c 010111100001|0100100|00011011100101|110 0x5E148372E
0d 010110011101|0100100|00000011111000|010 0x59D4807C2
BX = 010 Event : 27
00 010011000011|0010001|00001011001111|001 0x4C3221679
01 010001111100|0010001|00101110111001|001 0x47C225DC9
02 010101000001|1011101|00001110000011|101 0x541BA1C1D
03 010100111100|1011101|00001101111100|110 0x53CBA1BE6
04 010100101111|1011101|00101001100101|000 0x52FBA5328
05 010100100011|1011101|00100011100111|101 0x523BA473D
BX = 011 Event : 28
00 010100011100|1011101|00000001101011|110 0x51CBA035E
01 010100001110|1011101|00010101111111|100 0x50EBA2BFC
02 010101000100|1101111|00110010010010|110 0x544DE6496
03 010100101101|1101111|00110110111100|100 0x52DDE6DE4
04 010111001000|0100100|00101010100100|100 0x5C8485524
05 010110111001|0010001|00101111101010|011 0x5B9225F53
BX = 100 Event : 29
00 010011111111|0010001|00011110100011|000 0x4FF223D18
01 010001101101|0010001|00010101001100|001 0x46D222A61
02 010101010100|1011101|00001110111111|101 0x554BA1DFD
03 011000001111|0100100|00011111001010|110 0x60F483E56
04 010110100001|0010001|00111010001001|110 0x5A122744E
05 010110011111|0010001|00110001001110|010 0x59F226272
BX = 101 Event : 30
00 010010110100|0010001|00100011011010|100 0x4B42246D4
01 010101101011|1011101|00110100001100|101 0x56BBA6865
02 010101000111|1011101|00001001000010|110 0x547BA1216
03 010101001011|1011101|00000000000001|110 0x54BBA000E
04 010011111001|1011101|00000010001011|100 0x4F9BA045C
05 010101110110|1101111|00110011101111|101 0x576DE677D
06 010100010011|1101111|00111000101000|110 0x513DE7146
07 010011101010|1101111|00111010110100|110 0x4EADE75A6
08 011000011010|0100100|00101100011001|001 0x61A4858C9
09 010111000011|0100100|00001011101000|101 0x5C3481745
0a 010111000011|0100100|00011001000100|001 0x5C3483221
0b 011000011010|0010001|00111000001000|001 0x61A227041
0c 010110100101|0010001|00111110001000|101 0x5A5227C45
0d 010110011100|0010001|00111011111010|011 0x59C2277D3
BX = 110 Event : 31
00 010011010110|0010001|00011011110001|001 0x4D6223789
01 010011001110|0010001|00100101101000|000 0x4CE224B40
02 010010101110|0010001|00010011111011|100 0x4AE2227DC
03 010100011111|1011101|00100110000110|010 0x51FBA4C32
04 010100010011|1011101|00010100100110|101 0x513BA2935
05 010100001110|1011101|00010100011100|000 0x50EBA28E0
06 010101111100|1101111|00111011011010|000 0x57CDE76D0
07 010101000100|1101111|00111011100010|011 0x544DE7713
08 010111110101|0100100|00101010010111|001 0x5F54854B9
09 010110010110|0100100|00101010100000|000 0x596485500
BX = 111 Event : 32
00 010011110001|0010001|00001010011101|000 0x4F12214E8
01 010010000100|0010001|00110101011101|100 0x484226AEC
02 010001110010|0010001|00010000111101|001 0x4722221E9
03 010101110111|1011101|00001110111001|010 0x577BA1DCA
04 010101110110|1011101|00101011001110|110 0x576BA5676
05 010101000101|1011101|00000000011100|110 0x545BA00E6
06 010100101101|1011101|00100100100000|001 0x52DBA4901
07 010101010111|1101111|00111101110001|011 0x557DE7B8B
08 010111011011|0100100|00000000011100|101 0x5DB4800E5
09 010111011001|0100100|00100011100010|010 0x5D9484712
0a 010111001101|0100100|00010001001010|010 0x5CD482252
0b 010111010001|0100100|00101000010010|110 0x5D1485096
0c 010110101100|0100100|00100011111001|100 0x5AC4847CC
0d 010110011011|0100100|00010000101111|010 0x59B48217A
0e 010110010101|0100100|00101001000111|110 0x59548523E
0f 010110001011|0100100|00010001010100|110 0x58B4822A6
10 010110101100|0010001|00110110101110|110 0x5AC226D76
11 010110101000|0010001|00110011111011|100 0x5A82267DC
12 010110100011|0010001|00110010111110|100 0x5A32265F4
BX = 000 Event : 33
00 010101101001|1011101|00100010110011|101 0x569BA459D
01 010101010100|1011101|00011010001000|010 0x554BA3442
02 010101001111|1011101|00010110100011|100 0x54FBA2D1C
03 010100101000|1011101|00110000101101|110 0x528BA616E
04 010100010111|1011101|00110110000110|100 0x517BA6C34
05 010100011111|1101111|00110101110111|101 0x51FDE6BBD
06 010011111111|1101111|00111001000100|000 0x4FFDE7220
07 010110001000|0100100|00100001100001|101 0x58848430D
08 011000001110|0010001|00111101100110|000 0x60E227B30
09 010110011101|0010001|00110110010100|010 0x59D226CA2
BX = 001 Event : 34
00 010011011101|0010001|00001010110011|100 0x4DD22159C
01 010100000101|1011101|00001010100010|100 0x505BA1514
02 010011111110|1011101|00010111111011|001 0x4FEBA2FD9
BX = 010 Event : 35
00 010010110011|0010001|00010110100100|000 0x4B3222D20
01 010101111110|1011101|00100101001100|100 0x57EBA4A64
02 010101001100|1011101|00100110100101|011 0x54CBA4D2B
03 010101001000|1011101|00000110110101|110 0x548BA0DAE
04 011000001001|0100100|00011011110010|011 0x609483793
05 010110100110|0100100|00011110011101|010 0x5A6483CEA
06 011000010000|0010001|00101101001001|010 0x610225A4A
BX = 011 Event : 36
00 010011000111|0010001|00010101001111|100 0x4C7222A7C
01 010010010011|0010001|00000101001001|100 0x493220A4C
02 010010110001|0100100|00110011111110|000 0x4B14867F0
03 010101101111|1011101|00110001101011|110 0x56FBA635E
04 010100101100|1011101|00100000001001|001 0x52CBA4049
05 010100100101|1011101|00110100010000|101 0x525BA6885
06 010100000100|1011101|00011100001010|011 0x504BA3853
07 010011101101|1011101|00100111011011|101 0x4EDBA4EDD
08 010110111001|0100100|00011001100111|110 0x5B948333E
09 010110010010|0010001|00111000111011|000 0x5922271D8
BX = 100 Event : 37
00 010011111110|0010001|00011100011101|001 0x4FE2238E9
01 010011101010|0010001|00011000101011|000 0x4EA223158
02 010011011011|0100100|00110000110100|100 0x4DB4861A4
03 010101101111|1011101|00001001100111|101 0x56FBA133D
04 010101101000|1011101|00001111100011|101 0x568BA1F1D
05 010101100011|1011101|00001111100011|101 0x563BA1F1D
06 010101011001|1011101|00010100000100|101 0x559BA2825
07 010100111111|1011101|00101100001101|001 0x53FBA5869
08 010100011111|1011101|00110011110100|010 0x51FBA67A2
09 010011101111|1011101|00011001110001|000 0x4EFBA3388
0a 010011101011|1011101|00011011110101|001 0x4EBBA37A9
0b 010101010101|1101111|00111001000001|010 0x555DE720A
0c 010110010010|0100100|00001000100010|101 0x592481115
0d 010110001100|0100100|00011100101100|000 0x58C483960
0e 010111100111|0010001|00111010110000|011 0x5E7227583
BX = 101 Event : 38
00 010010110100|0010001|00001011110011|001 0x4B4221799
01 010101010101|1011101|00001100110001|011 0x555BA198B
02 010100110000|1101111|00111100110001|010 0x530DE798A
03 010100101111|1101111|00111101101001|001 0x52FDE7B49
04 010100101001|1101111|00110101010110|010 0x529DE6AB2
05 010011111101|1101111|00111100111010|001 0x4FDDE79D1
06 010111111100|0100100|00101100011110|100 0x5FC4858F4
07 010111111100|0100100|00101100110010|101 0x5FC485995
08 010111110110|0100100|00101011011011|101 0x5F64856DD
09 010111001001|0100100|00000111001100|101 0x5C9480E65
0a 010111110011|0010001|00101011111011|010 0x5F32257DA
0b 010111001110|0010001|00111001100001|011 0x5CE22730B
BX = 110 Event : 39
00 010011011000|0010001|00001001111010|001 0x4D82213D1
01 010001111110|0010001|00100110101010|100 0x47E224D54
02 010010100001|0100100|00110100111101|000 0x4A14869E8
03 010100110010|1011101|00110001011111|000 0x532BA62F8
04 010100001010|1011101|00110010001001|101 0x50ABA644D
05 010011110010|1011101|00110010111110|010 0x4F2BA65F2
06 010011101011|1011101|00011111111101|010 0x4EBBA3FEA
07 010101001110|1101111|00110010100101|011 0x54EDE652B
08 011000001001|0100100|00010011000111|001 0x609482639
09 010110111010|0100100|00011111101101|100 0x5BA483F6C
0a 010110110101|0100100|00011111101110|100 0x5B5483F74
0b 010110100000|0010001|00101111001000|110 0x5A0225E46
BX = 111 Event : 40
00 010011011111|0100100|00110010010010|001 0x4DF486491
01 010101011011|1011101|00001000101110|010 0x55BBA1172
02 010101011001|1011101|00101110100110|000 0x559BA5D30
03 010101010001|1011101|00001010010100|011 0x551BA14A3
04 010100100100|1011101|00110011001001|001 0x524BA6649
05 010100010100|1011101|00100100001110|100 0x514BA4874
06 010100000001|1011101|00000110011000|000 0x501BA0CC0
07 010100000010|1011101|00000100111101|101 0x502BA09ED
08 010011110000|1011101|00001111001011|101 0x4F0BA1E5D
09 010101001010|1101111|00111010011100|001 0x54ADE74E1
0a 010100101010|1101111|00110011001001|100 0x52ADE664C
0b 010100010100|1101111|00110111101011|001 0x514DE6F59
0c 011000011001|0100100|00001011100001|010 0x61948170A
0d 010111100010|0100100|00100000101000|101 0x5E2484145
0e 010111001111|0100100|00100010000001|000 0x5CF484408
0f 010111000100|0100100|00001010000111|100 0x5C448143C
BX = 000 Event : 41
00 010100000001|0010001|00000111011000|100 0x501220EC4
01 010011101011|0010001|00001101011011|100 0x4EB221ADC
02 010011100010|0010001|00100111010011|000 0x4E2224E98
03 010010000111|0010001|00001111100101|000 0x487221F28
04 010010101101|0100100|00111100010101|000 0x4AD4878A8
05 010101011111|1011101|00101111010101|001 0x55FBA5EA9
06 010011101101|1011101|00000111101011|100 0x4EDBA0F5C
07 011000100010|0100100|00010011011110|010 0x6224826F2
08 011000100000|0100100|00000100101100|001 0x620480961
09 010111000011|0010001|00110000111011|000 0x5C32261D8
BX = 001 Event : 42
00 010011101111|0010001|00010100001010|100 0x4EF222854
01 010001111101|0010001|00001111001101|000 0x47D221E68
02 010010101001|0100100|00101111011101|100 0x4A9485EEC
03 010100010110|1011101|00110100110010|001 0x516BA6991
04 010100001000|1011101|00101100001101|101 0x508BA586D
05 010100011111|1101111|00110101000101|000 0x51FDE6A28
06 010110110101|0100100|00101100001100|101 0x5B5485865
07 010110110000|0100100|00101100010011|110 0x5B048589E
08 010111000110|0010001|00101010001001|011 0x5C622544B
BX = 010 Event : 43
00 010011101111|0010001|00011101111100|100 0x4EF223BE4
01 010011010110|0010001|00011001100010|100 0x4D6223314
02 010010010001|0010001|00011111111111|000 0x491223FF8
03 010101000101|1011101|00010110010100|010 0x545BA2CA2
04 010100010000|1011101|00100110101010|000 0x510BA4D50
05 011000001101|0100100|00000001010100|000 0x60D4802A0
06 010111101000|0010001|00110111100011|001 0x5E8226F19
07 010110110101|0010001|00111001011110|110 0x5B52272F6
BX = 011 Event : 44
00 010100000000|0010001|00001001111100|000 0x5002213E0
01 010010111111|0010001|00001001110001|000 0x4BF221388
02 010001110100|0010001|00001001111001|100 0x4742213CC
03 010011101101|0100100|00111110110010|000 0x4ED487D90
04 010100110111|1011101|00100100001110|011 0x537BA4873
05 010011101111|1011101|00010101101111|110 0x4EFBA2B7E
06 010011110011|1011101|00000101000111|000 0x4F3BA0A38
07 010011100111|1011101|00001001111100|100 0x4E7BA13E4
08 010100101010|1101111|00111110011011|101 0x52ADE7CDD
09 010011111000|1101111|00111101011100|010 0x4F8DE7AE2
0a 010111000000|0010001|00110111011011|011 0x5C0226EDB
0b 010110010111|0010001|00111000111010|100 0x5972271D4
0c 010110001000|0010001|00111000101010|110 0x588227156
BX = 100 Event : 45
00 010011110110|0010001|00001010011100|000 0x4F62214E0
01 010101000000|1011101|00001110101110|011 0x540BA1D73
02 010011110110|1011101|00100101110101|110 0x4F6BA4BAE
03 010101001000|1101111|00111101100111|010 0x548DE7B3A
04 010110100000|0100100|00011010100110|010 0x5A0483532
05 010111000000|0010001|00110110010101|101 0x5C0226CAD
BX = 101 Event : 46
00 010010100100|0010001|00010010101100|000 0x4A4222560
01 010100011111|1011101|00000110110110|000 0x51FBA0DB0
02 010100010000|1011101|00001000001011|110 0x510BA105E
03 010011100110|1011101|00100001100100|101 0x4E6BA4325
04 011000011111|0100100|00000110010100|010 0x61F480CA2
05 011000010000|0100100|00101101101010|000 0x610485B50
06 010111001100|0100100|00101000111011|000 0x5CC4851D8
07 010110110100|0100100|00001011001111|110 0x5B448167E
08 010110011111|0100100|00000000011101|011 0x59F4800EB
09 010111110001|0010001|00111001011101|011 0x5F12272EB
0a 010110011100|0010001|00111001100100|100 0x59C227324
BX = 110 Event : 47
00 010010110111|0010001|00000011000000|100 0x4B7220604
01 010010011000|0010001|00000110010010|000 0x498220C90
02 010100100111|1011101|00011011111010|101 0x527BA37D5
03 010100000011|1011101|00000001011110|110 0x503BA02F6
04 010011111101|1011101|00110101110000|001 0x4FDBA6B81
05 010100100101|1101111|00111111001001|000 0x525DE7E48
06 010100000110|1101111|00110110000001|010 0x506DE6C0A
07 010111001111|0100100|00100010101110|110 0x5CF484576
08 011000010100|0010001|00101111101100|001 0x614225F61
BX = 111 Event : 48
00 010011000100|0010001|00100101110100|000 0x4C4224BA0
01 010011000111|0010001|00000000110101|100 0x4C72201AC
02 010100000000|1011101|00100011111110|001 0x500BA47F1
03 010011111111|1011101|00011110101001|110 0x4FFBA3D4E
04 010011111010|1011101|00011110111010|001 0x4FABA3DD1
05 010100110100|1101111|00111110010111|101 0x534DE7CBD
06 010111110110|0100100|00101100001110|100 0x5F6485874
07 010111101100|0100100|00101100011100|000 0x5EC4858E0
08 010111010101|0100100|00000011000110|100 0x5D5480634
09 010110001111|0100100|00100101000110|110 0x58F484A36
0a 010111101101|0010001|00101100000100|000 0x5ED225820
BX = 000 Event : 49
00 010011011101|0010001|00001000110010|001 0x4DD221191
01 010011011111|0010001|00000100001110|100 0x4DF220874
02 010010000010|0010001|00111011100001|001 0x482227709
03 010011100000|0100100|00110001000001|000 0x4E0486208
04 010100111111|1011101|00101101011111|110 0x53FBA5AFE
05 010100000011|1011101|00101110000110|110 0x503BA5C36
06 010011111010|1011101|00011010111010|000 0x4FABA35D0
07 010011110100|1011101|00011000110011|001 0x4F4BA3199
08 010011100011|1011101|00000110011000|001 0x4E3BA0CC1
09 010110111111|0100100|00100001000011|110 0x5BF48421E
0a 010110111000|0100100|00000000110111|010 0x5B84801BA
0b 010111001000|0010001|00111101101011|100 0x5C8227B5C
BX = 001 Event : 50
00 010101010001|1011101|00101000010111|000 0x551BA50B8
01 010100110000|1011101|00000011111111|010 0x530BA07FA
02 010110100110|0100100|00011111101110|100 0x5A6483F74
BX = 010 Event : 51
00 010010110100|0100100|00000000100111|100 0x4B448013C
01 010101101101|1011101|00011011110001|110 0x56DBA378E
02 010101001100|1011101|00001000010111|110 0x54CBA10BE
03 010100100111|1011101|00011010010110|110 0x527BA34B6
04 010100000001|1011101|00101001001100|110 0x501BA5266
05 010011110100|1011101|00011001000011|100 0x4F4BA321C
06 010100100000|1101111|00111110101111|100 0x520DE7D7C
07 010111111100|0100100|00100001110010|001 0x5FC484391
08 010111110111|0100100|00100001110001|010 0x5F748438A
09 010110001111|0100100|00100110000110|101 0x58F484C35
0a 011000011110|0010001|00111001101010|001 0x61E227351
0b 010111101011|0010001|00111110111100|110 0x5EB227DE6
BX = 011 Event : 52
00 010011001010|0010001|00101000001110|100 0x4CA225074
01 010010011010|0010001|00011001100111|001 0x49A223339
02 010011011010|0100100|00111101100110|000 0x4DA487B30
03 010101010001|1011101|00001000010010|010 0x551BA1092
04 010101001010|1011101|00000000101110|110 0x54ABA0176
05 010100010110|1011101|00101011001011|100 0x516BA565C
06 010100010110|1011101|00101010111010|001 0x516BA55D1
07 010100001010|1011101|00100101110000|100 0x50ABA4B84
08 010011101111|1011101|00010101110011|011 0x4EFBA2B9B
09 010011100101|1011101|00010101101001|001 0x4E5BA2B49
0a 010011100011|1011101|00000110100101|000 0x4E3BA0D28
0b 010101100110|1101111|00111110000010|010 0x566DE7C12
0c 011000011000|0100100|00011010100011|000 0x618483518
BX = 100 Event : 53
00 010100000001|0010001|00110011010111|100 0x5012266BC
01 010010101100|0010001|00101001111011|000 0x4AC2253D8
02 010110000000|1011101|00101011011000|001 0x580BA56C1
03 010101111010|1011101|00000110010001|110 0x57ABA0C8E
04 010101101101|1011101|00010011011111|000 0x56DBA26F8
05 010101011001|1011101|00010010000111|011 0x559BA243B
06 010101000110|1011101|00100100010111|100 0x546BA48BC
07 010101000111|1011101|00001001001010|000 0x547BA1250
08 010101000000|1011101|00011001011001|010 0x540BA32CA
09 010100110001|1011101|00011001011110|011 0x531BA32F3
0a 010011101000|1011101|00110100000111|101 0x4E8BA683D
0b 010011110011|1101111|00110011111001|101 0x4F3DE67CD
0c 010111110001|0100100|00101011001110|101 0x5F1485675
0d 010111011000|0100100|00101011001101|110 0x5D848566E
0e 010110011101|0100100|00000100111001|110 0x59D4809CE
0f 010110100001|0100100|00101011110110|001 0x5A14857B1
10 010111110110|0010001|00111011010111|000 0x5F62276B8
11 010111100001|0010001|00111111010011|011 0x5E1227E9B
12 010111101001|0010001|00101011100101|110 0x5E922572E
13 010110011000|0010001|00101011101010|100 0x598225754
BX = 101 Event : 54
00 010011000011|0010001|00001100000001|100 0x4C322180C
01 010011110000|0100100|00111000100101|000 0x4F0487128
02 010100000100|1011101|00100001000000|010 0x504BA4202
03 010101011001|1101111|00111010010101|011 0x559DE74AB
04 010101010111|1101111|00111101100000|101 0x557DE7B05
05 010110111110|0100100|00010111100010|110 0x5BE482F16
06 010110101111|0100100|00001100111111|011 0x5AF4819FB
07 010110011111|0100100|00010110001110|110 0x59F482C76
BX = 110 Event : 55
00 010011110101|0010001|00001111110100|000 0x4F5221FA0
01 010011000010|0010001|00011010111010|001 0x4C22235D1
02 010001111100|0100100|00101111010100|000 0x47C485EA0
03 010100111011|1011101|00010101101110|011 0x53BBA2B73
04 010100111110|1011101|00000110010100|010 0x53EBA0CA2
05 010100000011|1011101|00110110101101|110 0x503BA6D6E
06 010100001010|1101111|00110110010000|110 0x50ADE6C86
07 011000010011|0100100|00001110111010|100 0x613481DD4
08 010110111010|0100100|00101100001101|110 0x5BA48586E
09 010110101001|0100100|00010010010001|110 0x5A948248E
0a 010110110001|0010001|00101100101101|110 0x5B122596E
BX = 111 Event : 56
00 010010000011|0010001|00110011111001|100 0x4832267CC
01 010011000101|0100100|00111110011000|000 0x4C5487CC0
02 010010001001|0100100|00110001111101|100 0x4894863EC
03 010100011101|1011101|00100001010010|011 0x51DBA4293
04 010100000011|1011101|00010111000011|100 0x503BA2E1C
05 010100010110|1101111|00111111010101|010 0x516DE7EAA
06 010110010001|0100100|00001100110101|100 0x5914819AC
07 010110001101|0100100|00100001111011|000 0x58D4843D8
BX = 000 Event : 57
00 010010111101|0010001|00000000000000|000 0x4BD220000
01 010011100111|0100100|00110110011011|100 0x4E7486CDC
02 010101111100|1011101|00000000110100|100 0x57CBA01A4
03 010101100011|1011101|00010101000110|011 0x563BA2A33
04 010100110110|1011101|00001111010101|001 0x536BA1EA9
05 010011111111|1011101|00010000101100|110 0x4FFBA2166
06 010110101111|0100100|00001101000011|000 0x5AF481A18
07 010110110011|0100100|00100111010001|100 0x5B3484E8C
08 010110101010|0100100|00001101001101|110 0x5AA481A6E
09 010110011110|0100100|00000010100101|011 0x59E48052B
BX = 001 Event : 58
00 010011110101|0010001|00001110010100|000 0x4F5221CA0
01 010010100101|0010001|00001101011101|000 0x4A5221AE8
02 010101101110|1011101|00001110001101|010 0x56EBA1C6A
03 010100100111|1011101|00011111001100|110 0x527BA3E66
04 010011110000|1011101|00011111100101|101 0x4F0BA3F2D
05 010100101011|1101111|00111011110100|110 0x52BDE77A6
06 010100000111|1101111|00111101100001|010 0x507DE7B0A
07 010100000011|1101111|00111011101001|100 0x503DE774C
08 010011101111|1101111|00111010111110|001 0x4EFDE75F1
09 011000000011|0100100|00100110100100|110 0x603484D26
0a 010110001100|0100100|00001111101111|010 0x58C481F7A
0b 011000100010|0010001|00111101011111|010 0x622227AFA
BX = 010 Event : 59
00 010010000101|0010001|00101101010110|100 0x485225AB4
01 010010001100|0100100|00101101001011|100 0x48C485A5C
02 010110000000|1011101|00000011010101|001 0x580BA06A9
03 010101001010|1011101|00100000101010|101 0x54ABA4155
04 010100110001|1011101|00011010000010|010 0x531BA3412
05 010011110011|1011101|00000101100110|011 0x4F3BA0B33
06 010110110100|0100100|00011010110000|000 0x5B4483580
07 010110011001|0100100|00101111111010|100 0x599485FD4
08 010110110010|0010001|00110100111111|110 0x5B22269FE
09 010110010110|0010001|00110000100010|010 0x596226112
BX = 011 Event : 60
00 010011111000|0010001|00110110000101|001 0x4F8226C29
01 010011001000|0010001|00100000110100|100 0x4C82241A4
02 010010110001|0010001|00101000111011|100 0x4B12251DC
03 010100110001|1011101|00010001110111|100 0x531BA23BC
04 010100001011|1101111|00110101101001|010 0x50BDE6B4A
05 010110111100|0100100|00000010000010|010 0x5BC480412
06 010110011010|0100100|00010010010111|110 0x59A4824BE
07 011000000100|0010001|00111110000101|000 0x604227C28
08 010111111010|0010001|00101111101111|110 0x5FA225F7E
BX = 100 Event : 61
00 010010011011|0010001|00110010000011|100 0x49B22641C
01 010010010000|0010001|00011101000111|001 0x490223A39
02 010101001101|1011101|00110100111000|110 0x54DBA69C6
03 010011111111|1011101|00101111110011|100 0x4FFBA5F9C
04 010100011001|1101111|00110110101100|110 0x519DE6D66
05 010011101000|1101111|00110101100011|100 0x4E8DE6B1C
06 010110110101|0100100|00011111011011|110 0x5B5483EDE
07 010110001011|0100100|00010101011101|001 0x58B482AE9
08 010110010000|0100100|00110001001100|010 0x590486262
09 010111111111|0010001|00111101011101|100 0x5FF227AEC
0a 011000000011|0010001|00110010011010|010 0x6032264D2
BX = 101 Event : 62
00 010101010100|1011101|00011010101001|101 0x554BA354D
01 010100110111|1011101|00001101010111|101 0x537BA1ABD
02 010100100110|1101111|00111100010111|100 0x526DE78BC
03 010111000000|0100100|00100010111011|010 0x5C04845DA
04 010111100001|0010001|00101111011101|101 0x5E1225EED
05 010111000101|0010001|00110110101000|100 0x5C5226D44
06 010110110011|0010001|00110010100100|100 0x5B3226524
BX = 110 Event : 63
00 010010101111|0010001|00100011111001|100 0x4AF2247CC
01 010101000001|1011101|00001100011010|001 0x541BA18D1
02 010100111100|1011101|00001100010111|001 0x53CBA18B9
03 010100011010|1011101|00110010100100|110 0x51ABA6526
04 010101111001|1101111|00110111010101|001 0x579DE6EA9
05 010100100001|1101111|00110010000100|110 0x521DE6426
06 011000001000|0100100|00000000001000|001 0x608480041
07 010111101101|0100100|00100001100101|101 0x5ED48432D
08 010111010111|0100100|00010110100111|101 0x5D7482D3D
09 010110101101|0100100|00000001101111|001 0x5AD480379
0a 010110100101|0100100|00010000101101|000 0x5A5482168
BX = 111 Event : 64
00 010010111101|0010001|00000000100010|100 0x4BD220114
01 010010010101|0010001|00101111111110|001 0x495225FF1
02 010010000111|0010001|00100000101010|000 0x487224150
03 010001111000|0010001|00001100001110|001 0x478221871
04 010011100110|1011101|00110000100101|110 0x4E6BA612E
05 011000100010|0100100|00001100110000|100 0x622481984
06 011000010011|0100100|00010110110011|101 0x613482D9D
07 010110110101|0100100|00100000111101|101 0x5B54841ED
08 010110100000|0100100|00011011100010|101 0x5A0483715
09 010110010111|0010001|00111010111010|110 0x5972275D6
BX = 000 Event : 65
00 010011000011|0010001|00110001001100|001 0x4C3226261
01 010101100011|1011101|00011100010111|101 0x563BA38BD
02 010100010111|1011101|00101100100000|010 0x517BA5902
03 010011111111|1011101|00100000110001|101 0x4FFBA418D
04 010011110110|1011101|00001100000101|110 0x4F6BA182E
05 011000011110|0100100|00011110000100|110 0x61E483C26
06 010110000111|0100100|00011011001101|101 0x58748366D
07 010110111010|0010001|00111011001110|010 0x5BA227672
BX = 001 Event : 66
00 010011100101|0010001|00101110000101|000 0x4E5225C28
01 010011011011|0010001|00010001111010|100 0x4DB2223D4
02 010011001100|0010001|00011110101011|000 0x4CC223D58
03 010010111000|0010001|00011010001011|000 0x4B8223458
04 010010101001|0010001|00111000001011|100 0x4A922705C
05 010010101111|0100100|00111000000001|100 0x4AF48700C
06 010100101111|1011101|00000101101111|101 0x52FBA0B7D
07 010100011100|1011101|00000010110000|101 0x51CBA0585
08 010011110000|1011101|00010011011110|001 0x4F0BA26F1
09 010011101010|1011101|00011000100010|001 0x4EABA3111
0a 010101000000|1101111|00111010101110|000 0x540DE7570
0b 011000011111|0100100|00101101101001|110 0x61F485B4E
0c 010111111000|0100100|00101111001001|000 0x5F8485E48
0d 010111101101|0100100|00000110011100|101 0x5ED480CE5
0e 010111101110|0100100|00101111011100|101 0x5EE485EE5
0f 010111001000|0100100|00011001100011|110 0x5C848331E
10 011000100101|0010001|00110101111101|010 0x625226BEA
11 010111101100|0010001|00101111001111|101 0x5EC225E7D
BX = 010 Event : 67
00 010011100000|0010001|00000010000001|100 0x4E022040C
01 010011010000|0010001|00110110010011|100 0x4D0226C9C
02 010010010100|0010001|00000011111101|100 0x4942207EC
03 010101111100|1011101|00011010100011|100 0x57CBA351C
04 010101000110|1011101|00100100111110|101 0x546BA49F5
05 010101000101|1011101|00000000011100|110 0x545BA00E6
06 010100110111|1011101|00001011101111|001 0x537BA1779
07 010100011010|1011101|00001001100001|110 0x51ABA130E
08 010011101011|1011101|00101111010111|101 0x4EBBA5EBD
09 010101101000|1101111|00111010001011|101 0x568DE745D
0a 010101100011|1101111|00111010110111|100 0x563DE75BC
0b 010101010111|1101111|00111101110001|011 0x557DE7B8B
0c 010011110111|1101111|00110100010110|101 0x4F7DE68B5
0d 011000011111|0100100|00100001111011|100 0x61F4843DC
0e 010111010010|0100100|00010111111001|010 0x5D2482FCA
0f 010110011101|0100100|00100100110101|001 0x59D4849A9
10 010111001001|0010001|00111011010000|110 0x5C9227686
BX = 011 Event : 68
00 010011111011|0010001|00100111000010|000 0x4FB224E10
01 010011101111|0010001|00011010010000|100 0x4EF223484
02 010011001001|0010001|00100111000001|000 0x4C9224E08
03 010011101000|0100100|00111111100010|100 0x4E8487F14
04 010011100011|0100100|00111110111111|000 0x4E3487DF8
05 010101101110|1011101|00100100001010|110 0x56EBA4856
06 010101001001|1011101|00101011111011|000 0x549BA57D8
07 010100010110|1011101|00110100011101|101 0x516BA68ED
08 010100001000|1011101|00000001101100|001 0x508BA0361
09 010011111111|1011101|00011011000110|110 0x4FFBA3636
0a 010011111101|1011101|00000100011111|110 0x4FDBA08FE
0b 010100010101|1101111|00110100101101|010 0x515DE696A
0c 010100000010|1101111|00111111000100|001 0x502DE7E21
0d 010011111011|1101111|00110110000000|010 0x4FBDE6C02
0e 010111111111|0100100|00011001101101|011 0x5FF48336B
0f 010111100110|0100100|00011010101001|000 0x5E6483548
10 010110111101|0100100|00010011000100|100 0x5BD482624
11 010110101111|0100100|00011010100110|011 0x5AF483533
12 010110101001|0100100|00010010110111|010 0x5A94825BA
13 010110100100|0100100|00010010111011|001 0x5A44825D9
BX = 100 Event : 69
00 010011111001|0010001|00011110001111|100 0x4F9223C7C
01 010011010101|0010001|00101011010111|100 0x4D52256BC
02 010010111101|0010001|00111000000111|100 0x4BD22703C
03 010010001001|0010001|00101011010010|000 0x489225690
04 010010001000|0010001|00001000011001|000 0x4882210C8
05 010101111100|1011101|00101101100010|010 0x57CBA5B12
06 010101001111|1011101|00011011010110|011 0x54FBA36B3
07 010101001011|1011101|00001011001010|001 0x54BBA1651
08 010101000101|1011101|00011000010011|010 0x545BA309A
09 010100111111|1011101|00000011000011|101 0x53FBA061D
0a 010100100111|1011101|00011110111011|000 0x527BA3DD8
0b 010011100110|1011101|00011111001110|100 0x4E6BA3E74
0c 011000000100|0100100|00010010011010|110 0x6044824D6
0d 010110011101|0100100|00101110110111|010 0x59D485DBA
0e 010111001110|0010001|00111000111111|101 0x5CE2271FD
0f 010111001100|0010001|00110010100111|010 0x5CC22653A
BX = 101 Event : 70
00 010100001001|0010001|00011111110111|000 0x509223FB8
01 010011101100|0010001|00001001101110|001 0x4EC221371
02 010011000011|0010001|00100000010101|000 0x4C32240A8
03 010010100100|0010001|00011100010010|001 0x4A4223891
04 010010011010|0010001|00101111101110|000 0x49A225F70
05 010010010000|0100100|00101111110001|000 0x490485F88
06 010101000101|1011101|00010101111111|011 0x545BA2BFB
07 010101000000|1011101|00100000110010|110 0x540BA4196
08 010100101101|1011101|00001101101111|110 0x52DBA1B7E
09 010100011100|1011101|00000011110100|101 0x51CBA07A5
0a 010100000111|1011101|00000100001111|010 0x507BA087A
0b 010101100100|1101111|00111100010010|101 0x564DE7895
0c 010101100010|1101111|00110010111001|110 0x562DE65CE
0d 010101010011|1101111|00111011100111|101 0x553DE773D
0e 010101010011|1101111|00111011110111|000 0x553DE77B8
0f 010101001110|1101111|00111011100010|101 0x54EDE7715
10 010110101010|0100100|00011100001010|101 0x5AA483855
BX = 110 Event : 71
00 010010010100|0100100|00110001101011|100 0x49448635C
01 010101111001|1011101|00001010101001|001 0x579BA1549
02 010101100011|1011101|00011101011011|101 0x563BA3ADD
03 010100111111|1011101|00000011100100|110 0x53FBA0726
04 010100000100|1011101|00011111101110|110 0x504BA3F76
05 010011110000|1011101|00011101101111|001 0x4F0BA3B79
06 010011100101|1011101|00000010101010|110 0x4E5BA0556
07 010110010110|0100100|00001100111111|011 0x5964819FB
BX = 111 Event : 72
00 010010111001|0010001|00111001110111|100 0x4B92273BC
01 010010100111|0010001|00000101110001|001 0x4A7220B89
02 010010010001|0010001|00100100101001|100 0x49122494C
03 010010111100|0100100|00111100110101|000 0x4BC4879A8
04 010010000000|0100100|00111011111010|100 0x4804877D4
05 010101000101|1011101|00010100111100|101 0x545BA29E5
06 010100110110|1011101|00010000000101|101 0x536BA202D
07 010100010110|1011101|00101011011100|100 0x516BA56E4
08 010011111000|1011101|00101011010101|001 0x4F8BA56A9
09 010110000100|1101111|00110101011010|001 0x584DE6AD1
0a 010100111111|1101111|00111011011011|101 0x53FDE76DD
0b 010111000011|0100100|00010111110000|010 0x5C3482F82
0c 010110001111|0100100|00000001111000|001 0x58F4803C1
0d 011000011101|0010001|00111111110001|010 0x61D227F8A
0e 010110010100|0010001|00110101000000|101 0x594226A05
BX = 000 Event : 73
00 010011100110|0010001|00110001100001|000 0x4E6226308
01 010001111010|0010001|00101010101011|001 0x47A225559
02 010001110101|0010001|00101010101100|000 0x475225560
03 010101100011|1011101|00010001111001|110 0x563BA23CE
04 010101000011|1011101|00000100110110|110 0x543BA09B6
05 010100111100|1011101|00100100111000|010 0x53CBA49C2
06 010100111110|1011101|00000101101011|110 0x53EBA0B5E
07 010100110100|1011101|00000100111111|011 0x534BA09FB
08 010100001110|1011101|00011010110010|110 0x50EBA3596
09 010011111111|1011101|00010011001100|101 0x4FFBA2665
0a 010100101010|1101111|00110011101110|100 0x52ADE6774
0b 010100101010|1101111|00110011110111|100 0x52ADE67BC
0c 010011100101|1101111|00111011000100|110 0x4E5DE7626
0d 010111011100|0100100|00001101001010|001 0x5DC481A51
0e 010111010110|0100100|00010100100101|010 0x5D648292A
0f 010111001101|0100100|00101001011100|010 0x5CD4852E2
10 010110110011|0100100|00010010101100|010 0x5B3482562
11 010110101110|0100100|00000000010000|101 0x5AE480085
12 010110100101|0100100|00010000001011|110 0x5A548205E
BX = 001 Event : 74
00 010010001001|0010001|00110110100101|000 0x489226D28
01 010011100000|0100100|00111001111110|000 0x4E04873F0
02 010010010110|0100100|00110110010111|100 0x496486CBC
03 010101111100|1011101|00101101000111|101 0x57CBA5A3D
04 010101110100|1011101|00110010011010|011 0x574BA64D3
05 010101110100|1011101|00110010001110|000 0x574BA6470
06 010100001111|1011101|00100010010001|011 0x50FBA448B
07 010100001100|1101111|00111110000100|101 0x50CDE7C25
08 010110111110|0100100|00011001011010|011 0x5BE4832D3
09 010110011100|0100100|00101100000110|101 0x59C485835
0a 010110010011|0010001|00101100010111|101 0x5932258BD
BX = 010 Event : 75
00 010010101110|0100100|00000000010011|000 0x4AE480098
01 010010100100|0010001|00011000101010|000 0x4A4223150
02 010010000001|0010001|00010010010100|100 0x4812224A4
03 010101110010|1011101|00010011101110|110 0x572BA2776
04 010101000101|1011101|00010011010011|001 0x545BA2699
05 010100101101|1011101|00001101110011|011 0x52DBA1B9B
06 010011100110|1011101|00110000110000|010 0x4E6BA6182
07 010011111100|1101111|00111111111000|001 0x4FCDE7FC1
08 010011101111|1101111|00110001001101|001 0x4EFDE6269
09 010110101111|0100100|00011010011100|100 0x5AF4834E4
0a 011000011001|0010001|00101111001111|000 0x619225E78
BX = 011 Event : 76
00 010100000010|0100100|00111100011100|000 0x5024878E0
01 010100000010|0100100|00111100101101|000 0x502487968
02 010010111001|0100100|00110111011111|000 0x4B9486EF8
03 010101110111|1011101|00000000110110|101 0x577BA01B5
04 010101101011|1011101|00101010101011|000 0x56BBA5558
05 010101100110|1011101|00101010101101|000 0x566BA5568
06 010101000101|1011101|00011100000001|000 0x545BA3808
07 010100110001|1011101|00011110000110|010 0x531BA3C32
08 010100101010|1011101|00110011110010|000 0x52ABA6790
09 010100000010|1011101|00110100110111|011 0x502BA69BB
0a 010011110110|1011101|00110001001111|001 0x4F6BA6279
0b 010101110110|1101111|00110011100011|100 0x576DE671C
0c 010100101111|1101111|00110011101101|101 0x52FDE676D
0d 010110001101|0100100|00100001100101|100 0x58D48432C
0e 011000010101|0010001|00110111110000|110 0x615226F86
0f 010111010111|0010001|00110000101110|110 0x5D7226176
10 010111010010|0010001|00110000111000|001 0x5D22261C1
11 010111010010|0010001|00110000101001|110 0x5D222614E
BX = 100 Event : 77
00 010100000011|0010001|00011101001011|001 0x503223A59
01 010010010110|0010001|00001100101010|100 0x496221954
02 010001110111|0010001|00010000100001|100 0x47722210C
03 010101010010|1011101|00101001010100|001 0x552BA52A1
04 010101010000|1011101|00100010111010|100 0x550BA45D4
05 010011111000|1011101|00101011111010|110 0x4F8BA57D6
06 010011111000|1011101|00101011101111|000 0x4F8BA5778
07 011000001100|0100100|00100011111100|101 0x60C4847E5
BX = 101 Event : 78
00 010010111000|0010001|00111000100001|001 0x4B8227109
01 010001111111|0010001|00000101111001|100 0x47F220BCC
02 010001101101|0010001|00010110010101|100 0x46D222CAC
03 010010110001|0100100|00111111010101|100 0x4B1487EAC
04 010101011110|1011101|00011101100100|001 0x55EBA3B21
05 010111100110|0100100|00010011101010|110 0x5E6482756
06 010111100011|0100100|00100011001010|000 0x5E3484650
07 010110111000|0100100|00000000000010|010 0x5B8480012
08 010111100001|0010001|00111101110101|101 0x5E1227BAD
BX = 110 Event : 79
00 010010110011|0010001|00000000111010|000 0x4B32201D0
01 010001111010|0010001|00110101101000|100 0x47A226B44
02 010101100011|1011101|00011100100011|101 0x563BA391D
03 010100101100|1011101|00011111000110|010 0x52CBA3E32
04 010100100100|1011101|00001001101100|010 0x524BA1362
05 010100010001|1011101|00110100110111|101 0x511BA69BD
06 010100001100|1011101|00110100111100|101 0x50CBA69E5
07 010100101000|1101111|00111000011000|110 0x528DE70C6
08 010110101100|0100100|00000110011111|011 0x5AC480CFB
09 011000011101|0010001|00110001010110|101 0x61D2262B5
0a 010111000101|0010001|00110101110111|000 0x5C5226BB8
BX = 111 Event : 80
00 010101101101|1011101|00010000001001|101 0x56DBA204D
01 010101001010|1011101|00011101010101|010 0x54ABA3AAA
02 010100111000|1011101|00001001111100|010 0x538BA13E2
03 010100101100|1011101|00001111100100|101 0x52CBA1F25
04 010100010011|1011101|00010110011001|011 0x513BA2CCB
05 010011111010|1011101|00010000100010|000 0x4FABA2110
06 011000100010|0100100|00010111100110|010 0x622482F32
07 010111110000|0100100|00001101101101|011 0x5F0481B6B
08 010111001110|0100100|00001001000010|101 0x5CE481215
09 010110001100|0100100|00001110100001|101 0x58C481D0D
BX = 000 Event : 81
00 010011100010|0010001|00100110000010|100 0x4E2224C14
01 010010100110|0010001|00001010010110|001 0x4A62214B1
02 010010010101|0010001|00010001101011|001 0x495222359
03 010101001100|1011101|00110011000110|010 0x54CBA6632
04 010100011000|1011101|00110111100011|110 0x518BA6F1E
05 010100001100|1101111|00111101001000|010 0x50CDE7A42
06 010110111111|0100100|00000111010100|010 0x5BF480EA2
07 010110010101|0010001|00110001001100|010 0x595226262
BX = 001 Event : 82
00 010010101001|0010001|00010010011011|001 0x4A92224D9
01 010001110110|0010001|00101100100010|100 0x476225914
02 010010010101|0100100|00111001101101|100 0x49548736C
03 010010001011|0100100|00101110011111|100 0x48B485CFC
04 010101100011|1011101|00000001001101|101 0x563BA026D
05 010100111011|1011101|00011111000101|110 0x53BBA3E2E
06 010100010011|1011101|00001111101111|010 0x513BA1F7A
07 010101010011|1101111|00111011010000|100 0x553DE7684
08 010011111101|1101111|00111110010000|100 0x4FDDE7C84
09 010111101101|0100100|00100010011101|011 0x5ED4844EB
0a 010110111110|0100100|00011011000101|101 0x5BE48362D
0b 010111001001|0010001|00101110000010|100 0x5C9225C14
BX = 010 Event : 83
00 010010111000|0010001|00101110100001|001 0x4B8225D09
01 010010110011|0010001|00010000100010|001 0x4B3222111
02 010001111010|0010001|00101010001100|100 0x47A225464
03 010100110110|1011101|00011011000110|000 0x536BA3630
04 010100110001|1011101|00011011001011|001 0x531BA3659
05 010100000111|1011101|00110101100101|100 0x507BA6B2C
06 010100011010|1101111|00110101001011|010 0x51ADE6A5A
07 010100010000|1101111|00110101010010|110 0x510DE6A96
08 010110111000|0010001|00110001111000|010 0x5B82263C2
BX = 011 Event : 84
00 010010111010|0010001|00100111111011|100 0x4BA224FDC
01 010010011101|0010001|00000111000000|000 0x49D220E00
02 010010001001|0010001|00101011100001|100 0x48922570C
03 010010000100|0010001|00101011100110|100 0x484225734
04 010101110111|1011101|00000000101010|100 0x577BA0154
05 010100111101|1011101|00100110111000|110 0x53DBA4DC6
06 010100010001|1011101|00000110010000|010 0x511BA0C82
07 010011111000|1011101|00101011010011|110 0x4F8BA569E
08 010011100000|1011101|00011001010011|011 0x4E0BA329B
09 010101110101|1101111|00111111000110|010 0x575DE7E32
0a 011000001010|0100100|00100000010000|110 0x60A484086
BX = 100 Event : 85
00 010011101111|0010001|00011100100100|000 0x4EF223920
01 010010000100|0010001|00101001000100|001 0x484225221
02 010110000000|1011101|00101011111000|010 0x580BA57C2
03 010101110110|1011101|00101011111101|001 0x576BA57E9
04 010011111110|1011101|00011001110100|110 0x4FEBA33A6
05 010011110101|1011101|00011011101000|010 0x4F5BA3742
06 010111100111|0100100|00001011000101|011 0x5E748162B
07 010110100010|0100100|00101101011101|010 0x5A2485AEA
08 010111011100|0010001|00111110111011|110 0x5DC227DDE
09 010110010111|0010001|00101100111111|001 0x5972259F9
BX = 101 Event : 86
00 010001111001|0010001|00001000011000|100 0x4792210C4
01 010101011000|1011101|00000011001011|110 0x558BA065E
02 010100000111|1011101|00000101111010|001 0x507BA0BD1
03 010100000001|1011101|00000111011101|001 0x501BA0EE9
04 010011110001|1101111|00110101110111|001 0x4F1DE6BB9
05 010110111101|0100100|00010010110001|110 0x5BD48258E
06 011000001110|0010001|00110001010011|010 0x60E22629A
BX = 110 Event : 87
00 010100000010|0010001|00000011011100|001 0x5022206E1
01 010010000100|0010001|00101001111101|000 0x4842253E8
02 010101010110|1011101|00001000011110|000 0x556BA10F0
03 010100111011|1011101|00010001001101|001 0x53BBA2269
04 010100100111|1011101|00010101000010|101 0x527BA2A15
05 010011100001|1011101|00001110011100|100 0x4E1BA1CE4
06 010011101001|1101111|00110011001100|110 0x4E9DE6666
07 011000001110|0100100|00101010001100|101 0x60E485465
08 010110011111|0100100|00101000010000|110 0x59F485086
09 010110001100|0100100|00011000010100|100 0x58C4830A4
0a 010111111010|0010001|00111111001010|100 0x5FA227E54
BX = 111 Event : 88
00 010011110110|0010001|00110010010101|100 0x4F62264AC
01 010011110000|0100100|00110111001001|000 0x4F0486E48
02 010101111100|1011101|00011011100011|101 0x57CBA371D
03 010100101101|1011101|00100001110001|010 0x52DBA438A
04 010011110100|1011101|00101101011010|011 0x4F4BA5AD3
05 010100000111|1101111|00110011001001|110 0x507DE664E
06 010111001010|0100100|00101101111000|110 0x5CA485BC6
07 010110100110|0100100|00000110101111|000 0x5A6480D78
08 010110100001|0100100|00000110101100|000 0x5A1480D60
09 010110011011|0100100|00011010000001|101 0x59B48340D
0a 010111010011|0010001|00101101111100|000 0x5D3225BE0
0b 010110100111|0010001|00111000001101|001 0x5A7227069
BX = 000 Event : 89
00 010011001100|0010001|00011110010000|100 0x4CC223C84
01 010010100100|0010001|00010011111101|100 0x4A42227EC
02 010010100010|0010001|00101010001110|000 0x4A2225470
03 010101101101|1011101|00011010000110|011 0x56DBA3433
04 010100100010|1011101|00011100110010|110 0x522BA3996
05 010100011011|1011101|00000101110100|101 0x51BBA0BA5
06 010100001111|1011101|00100101010101|011 0x50FBA4AAB
07 010111010010|0100100|00011001011101|000 0x5D24832E8
08 010111001000|0100100|00010111011101|010 0x5C8482EEA
09 010111000000|0100100|00000101111110|001 0x5C0480BF1
0a 010110100010|0100100|00000101101010|001 0x5A2480B51
0b 010110001100|0100100|00011100000101|011 0x58C48382B
BX = 001 Event : 90
00 010011010110|0010001|00000001011111|100 0x4D62202FC
01 010101100011|1011101|00011111011011|011 0x563BA3EDB
02 010101011010|1011101|00000000001110|100 0x55ABA0074
03 010100111011|1011101|00011101000001|001 0x53BBA3A09
04 010111111110|0100100|00000001011101|101 0x5FE4802ED
05 010111001111|0100100|00100100000111|001 0x5CF484839
06 010110110011|0100100|00000000110010|101 0x5B3480195
07 011000010100|0010001|00101111001111|101 0x614225E7D
BX = 010 Event : 91
00 010011111110|0010001|00010011110111|001 0x4FE2227B9
01 010011011001|0010001|00000111100000|001 0x4D9220F01
02 010100000001|0100100|00111110101000|000 0x501487D40
03 010100110001|1011101|00010011111000|010 0x531BA27C2
04 010100101001|1011101|00001000111011|001 0x529BA11D9
05 010011111111|1011101|00011011001111|000 0x4FFBA3678
06 010101111111|1101111|00111111010000|100 0x57FDE7E84
07 010011110111|1101111|00111111011110|110 0x4F7DE7EF6
08 010110110001|0100100|00101110011000|101 0x5B1485CC5
09 010110101011|0010001|00101110101100|110 0x5AB225D66
BX = 011 Event : 92
00 010011110110|0010001|00110010010101|100 0x4F62264AC
01 010101111100|1011101|00011011100011|101 0x57CBA371D
02 010101111010|1011101|00000110101101|001 0x57ABA0D69
03 010100101101|1011101|00100001110001|010 0x52DBA438A
04 010100001010|1011101|00100010000010|010 0x50ABA4412
05 010100001001|1011101|00100001101001|001 0x509BA4349
06 010011110100|1011101|00101101011010|011 0x4F4BA5AD3
07 010100000111|1101111|00110011001001|110 0x507DE664E
08 010111001010|0100100|00101101111000|110 0x5CA485BC6
09 010110100110|0100100|00000110101111|000 0x5A6480D78
0a 010110100001|0100100|00000110101100|000 0x5A1480D60
0b 010110011011|0100100|00011010000001|101 0x59B48340D
0c 010111010011|0010001|00101101111100|000 0x5D3225BE0
0d 010110100111|0010001|00111000001101|001 0x5A7227069
BX = 100 Event : 93
00 010001110001|0010001|00000010000100|000 0x471220420
01 010010111000|0100100|00111001011110|100 0x4B84872F4
02 010100100001|1011101|00101100111011|010 0x521BA59DA
03 010100001001|1101111|00111001010100|101 0x509DE72A5
04 010110110001|0100100|00101110000101|101 0x5B1485C2D
05 010111100100|0010001|00101010100101|011 0x5E422552B
BX = 101 Event : 94
00 010011010110|0010001|00000001011111|100 0x4D62202FC
01 010101100011|1011101|00011111011011|011 0x563BA3EDB
02 010101011010|1011101|00000000001110|100 0x55ABA0074
03 010100101110|1011101|00110010000110|110 0x52EBA6436
04 010100110101|1101111|00110001101100|001 0x535DE6361
05 010111001111|0100100|00100100000111|001 0x5CF484839
06 010110110011|0100100|00000000110010|101 0x5B3480195
07 011000010100|0010001|00101111001111|101 0x614225E7D
BX = 110 Event : 95
00 010010100100|0010001|00010001111001|001 0x4A42223C9
01 010101110111|1011101|00000000110110|101 0x577BA01B5
02 010100111011|1011101|00011100111000|100 0x53BBA39C4
03 010100110001|1011101|00011110000110|010 0x531BA3C32
04 010100101010|1011101|00110011110101|000 0x52ABA67A8
05 010100010100|1011101|00001100110100|000 0x514BA19A0
06 010100000010|1011101|00110100110111|011 0x502BA69BB
07 010100101111|1101111|00110011101101|101 0x52FDE676D
08 010111010111|0010001|00110000101110|110 0x5D7226176
09 010111010010|0010001|00110000111000|001 0x5D22261C1
BX = 111 Event : 96
00 010011111110|0010001|00101110101000|000 0x4FE225D40
01 010010000001|0010001|00111001100001|100 0x48122730C
02 010100010011|1011101|00001111101111|010 0x513BA1F7A
BX = 000 Event : 97
00 010010111000|0010001|00111000100001|001 0x4B8227109
01 010010001001|0010001|00101010100101|001 0x489225529
02 010001111111|0010001|00000101111001|100 0x47F220BCC
03 010001101101|0010001|00010110010101|100 0x46D222CAC
04 010100110110|1011101|00011100111010|110 0x536BA39D6
05 010111100110|0100100|00010011101010|110 0x5E6482756
06 010111100011|0100100|00100011001010|000 0x5E3484650
07 010111010101|0100100|00100100011101|110 0x5D54848EE
08 010110111000|0100100|00000000000010|010 0x5B8480012
09 010110010001|0010001|00101111100101|100 0x591225F2C
BX = 001 Event : 98
00 010010010001|0010001|00110001010000|100 0x491226284
01 010001111000|0010001|00110010101011|100 0x47822655C
02 010101110111|1011101|00010111010011|101 0x577BA2E9D
03 010101110111|1011101|00010010001010|100 0x577BA2454
04 010100101101|1011101|00100101001000|000 0x52DBA4A40
05 010100000110|1011101|00100111100001|000 0x506BA4F08
06 010100000011|1011101|00000010011010|110 0x503BA04D6
07 010111101010|0100100|00100110101001|001 0x5EA484D49
08 010110010101|0100100|00010001110000|100 0x595482384
09 010110010101|0100100|00010101110000|101 0x595482B85
0a 010110010111|0100100|00011110101100|010 0x597483D62
0b 011000100111|0010001|00110000110000|100 0x627226184
0c 011000000100|0010001|00111110000111|000 0x604227C38
BX = 010 Event : 99
00 010011111001|0010001|00110111101100|000 0x4F9226F60
01 010101001010|1011101|00011101010101|010 0x54ABA3AAA
02 010100111000|1011101|00001001111100|010 0x538BA13E2
03 010100101100|1011101|00001111100100|101 0x52CBA1F25
04 010100010011|1011101|00010110011001|011 0x513BA2CCB
05 010100010000|1011101|00001000100000|101 0x510BA1105
06 011000100010|0100100|00010111100110|010 0x622482F32
07 010111001110|0100100|00001001000010|101 0x5CE481215
08 010110100100|0100100|00100111111100|101 0x5A4484FE5
09 010110011111|0100100|00101000000101|110 0x59F48502E
BX = 011 Event : 100
00 010001111110|0010001|00001000000000|001 0x47E221001
01 010001110111|0010001|00000001000001|000 0x477220208
02 010011110001|0100100|00110110111100|000 0x4F1486DE0
03 010011010011|0100100|00110110011001|100 0x4D3486CCC
04 010011001110|0100100|00110110001001|001 0x4CE486C49
05 010101111110|1011101|00001001101001|010 0x57EBA134A
06 010101110100|1011101|00001001010111|100 0x574BA12BC
07 010101011011|1011101|00101000010011|000 0x55BBA5098
08 010100100011|1011101|00100100000111|001 0x523BA4839
09 010100010011|1011101|00011100111110|100 0x513BA39F4
0a 010011110101|1011101|00001101111010|101 0x4F5BA1BD5
0b 011000010101|0100100|00000111000001|010 0x615480E0A
0c 010111111001|0100100|00000001001011|110 0x5F948025E
0d 010111110101|0100100|00011000110001|010 0x5F548318A
0e 010110011011|0100100|00010000100100|101 0x59B482125
0f 010111001101|0010001|00111101001001|100 0x5CD227A4C
