BX = 000 Event : 1
00 0011000|10101010|10100011001010111|1010 0x31554657A
01 0011101|10101110|10100011000101100|1001 0x3B5D462C9
02 0011000|10111001|10100011100000110|1010 0x31734706A
03 0011000|10111111|10100011111001011|1011 0x317F47CBB
04 0011101|11001001|10100100100101000|1001 0x3B9349289
05 0011000|11001110|10100100000000000|1010 0x319D4800A
06 0011101|11011000|10100100011011000|0001 0x3BB148D81
07 0011101|11011110|10100100100000011|0010 0x3BBD49032
08 0011001|11100011|10100100101100100|1001 0x33C749649
09 1101001|10000101|10101101011001101|1100 0xD30B5ACDC
0a 1101001|10000101|10101101111000011|0111 0xD30B5BC37
0b 1101000|10000101|10101110001101100|1000 0xD10B5C6C8
0c 1101000|10000101|10111110011101111|1110 0xD10B7CEFE
0d 1101001|10001011|10101101011111001|0011 0xD3175AF93
0e 1100100|10010000|11000000000010110|1101 0xC9218016D
0f 1100111|10011010|10110110001011000|1010 0xCF356C58A
10 1100111|10011111|10111011000111000|0001 0xCF3F76381
BX = 001 Event : 2
00 0011110|11101110|10000000101001000|0010 0x3DDD01482
01 0011110|11110011|01111111101111011|1001 0x3DE6FF7B9
02 0011110|11110011|01111111110100101|1101 0x3DE6FFA5D
03 0011110|11110011|10000000010011110|1000 0x3DE7009E8
04 0011110|11001001|10011100111101111|0111 0x3D9339EF7
05 1101000|10000101|10111110001011100|1011 0xD10B7C5CB
06 1101000|10001011|10110010110100000|0011 0xD11765A03
07 1100011|10010000|10111110001101111|0000 0xC7217C6F0
08 1100011|10010000|10110010101100011|0000 0xC72165630
09 1100011|10010110|10111110100110100|1000 0xC72D7D348
0a 1101000|10011010|10110010010100101|0100 0xD13564A54
0b 1101000|10011111|10110001111100001|0100 0xD13F63E14
0c 1101000|10011111|10111110101101101|1011 0xD13F7D6DB
0d 1100011|10100101|10111110111111001|0000 0xC74B7DF90
0e 1100011|10101010|10111111000000100|0000 0xC7557E040
0f 1100011|10101010|10110001110100010|0000 0xC75563A20
10 1101000|10101110|10110001100100111|0001 0xD15D63271
11 1101000|10101110|10111110111101111|1011 0xD15D7DEFB
12 1100111|10110100|10110100110111110|1101 0xCF6969BED
13 1101000|10110100|10111110111101111|1001 0xD1697DEF9
14 1100011|10111001|10111111011010011|1000 0xC7737ED38
15 1100011|10111001|10110001100001001|1000 0xC77363098
16 1100011|10111111|10110100010011000|0110 0xC77F68986
17 1100011|10111111|10110001011101000|1000 0xC77F62E88
18 1101000|11000011|10111111100000000|1011 0xD1877F00B
19 1101000|11001001|10111111100010110|1010 0xD1937F16A
1a 1100011|11001110|10111110111101110|0011 0xC79D7DEE3
1b 1100100|11010011|10101110110001100|1011 0xC9A75D8CB
1c 1100100|11010011|10101101111101100|1000 0xC9A75BEC8
BX = 010 Event : 3
00 0011111|11011000|10000011010110100|1101 0x3FB106B4D
01 0011101|10001011|10100011010111011|1101 0x3B1746BBD
02 0011101|10011111|10100001010110111|1110 0x3B3F42B7E
03 0011101|11001001|10100101111110100|1000 0x3B934BF48
04 0011010|11101000|10101101001100100|1101 0x35D15A64D
05 1100011|11101000|10111010101010110|0111 0xC7D175567
06 1100100|11101000|10101110011000010|0000 0xC9D15CC20
07 1101000|11110011|10101111010000111|1000 0xD1E75E878
08 1100011|11111000|10110010001100111|0000 0xC7F164670
09 1100011|11111110|10111010000001110|1011 0xC7FD740EB
0a 1100011|11111110|10111000100110000|0110 0xC7FD71306
0b 1100011|11111110|10111000011001110|1010 0xC7FD70CEA
0c 1100011|11111110|10111000010011101|1000 0xC7FD709D8
0d 1100011|11111110|10111000001111100|0000 0xC7FD707C0
BX = 011 Event : 4
00 0011101|10000101|10100101111011111|0011 0x3B0B4BDF3
01 0011110|10001011|10011001010010000|1001 0x3D1732909
02 0011110|10001011|10101001010101001|0011 0x3D1752A93
03 0011001|10010110|10100111100000101|0010 0x332D4F052
04 0011010|10010110|10011000011110001|1000 0x352D30F18
05 0011101|10011010|10100111100001010|0000 0x3B354F0A0
06 0011000|10101010|10100010110111101|1001 0x315545BD9
07 0011111|11011000|10101101000110010|1101 0x3FB15A32D
08 1101000|10001011|10110000011110000|0011 0xD11760F03
09 1100111|10011111|10111000000010011|0100 0xCF3F70134
0a 1100011|10100101|10110100111101011|0010 0xC74B69EB2
0b 1100111|11000011|10110111100001000|1101 0xCF876F08D
0c 1101000|11011000|10101111001100111|1101 0xD1B15E67D
BX = 100 Event : 5
00 0011010|11111000|10000011001101100|0110 0x35F1066C6
01 0011000|11010011|10100011110110001|0101 0x31A747B15
BX = 101 Event : 6
00 0011010|11001110|10101100101111010|1110 0x359D597AE
01 0011110|11011110|10101100001010101|0011 0x3DBD58553
02 1101001|10101110|10101101000001001|0100 0xD35D5A094
03 1101001|11000011|10101101000001001|0010 0xD3875A092
04 1101000|11001001|10101111000110110|1001 0xD1935E369
05 1100011|11001110|10110010010011001|0000 0xC79D64990
06 1100100|11001110|10101111100011011|0110 0xC99D5F1B6
07 1100011|11010011|10110000101111111|0101 0xC7A7617F5
08 1100011|11010011|10110000001011000|1110 0xC7A76058E
09 1101001|11011000|10101101010000001|0000 0xD3B15A810
0a 1100111|11011000|10110011011010010|0011 0xCFB166D23
0b 1100111|11011000|10111001011010100|1010 0xCFB172D4A
0c 1100100|11100011|10101111010011101|0101 0xC9C75E9D5
BX = 110 Event : 7
00 0011010|10100101|10000001110011010|0101 0x354B039A5
01 0011110|11000011|10101010001000001|1110 0x3D875441E
02 0011010|11001110|10101100001100001|0110 0x359D58616
03 1100111|10000101|10110100101010001|0000 0xCF0B69510
04 1101001|10001011|10101101001000101|0001 0xD3175A451
BX = 111 Event : 8
00 1100011|10010000|10110010011001010|0010 0xC72164CA2
01 1101000|11011000|10111101001101011|0001 0xD1B17A6B1
BX = 000 Event : 9
00 0011110|11011110|10000001100010000|0010 0x3DBD03102
01 0011110|10001011|10011101010000011|0000 0x3D173A830
02 0011110|10001011|10011101011111101|1101 0x3D173AFDD
03 0011001|10111111|10011011000000000|0000 0x337F36000
04 0011010|11111110|10011010000011000|1101 0x35FD3418D
05 1100011|10111111|10110011100111010|0110 0xC77F673A6
06 1100011|10111111|10110011011000001|0010 0xC77F66C12
07 1100011|10111111|10110011001011111|0101 0xC77F665F5
08 1100100|10111111|10101111100000101|0101 0xC97F5F055
09 1100100|10111111|10101111010011101|1001 0xC97F5E9D9
0a 1100100|10111111|10101111001110111|1101 0xC97F5E77D
0b 1101000|11000011|10101110001010110|0100 0xD1875C564
0c 1101000|11000011|10101110001101100|0010 0xD1875C6C2
0d 1101000|11000011|10101110011011001|1101 0xD1875CD9D
0e 1101000|11000011|10101111000110110|0100 0xD1875E364
0f 1101000|11000011|10110000000110110|1100 0xD1876036C
10 1101000|11000011|10110001100110010|0001 0xD18763321
11 1100111|11000011|10110011100111111|1011 0xCF87673FB
12 1100111|11000011|10110011111100011|1000 0xCF8767E38
13 1100111|11000011|10110100000000100|1011 0xCF876804B
14 1100111|11000011|10110100001100110|1100 0xCF876866C
15 1100111|11000011|10110100011011001|1010 0xCF8768D9A
16 1101001|11001001|10101101111110100|0101 0xD3935BF45
17 1101001|11001001|10101110000111011|1000 0xD3935C3B8
18 1100111|11001001|10110100100001111|1000 0xCF93690F8
19 1100111|11001001|10110100101000000|0100 0xCF9369404
1a 1100111|11001001|10110100110101000|1100 0xCF9369A8C
1b 1100011|11001110|10110110000100100|0001 0xC79D6C241
1c 1100011|11001110|10110101111000010|1000 0xC79D6BC28
1d 1100011|11001110|10110101000101101|1000 0xC79D6A2D8
1e 1100100|11001110|10101101110001111|0000 0xC99D5B8F0
1f 1100100|11001110|10101101101100100|0010 0xC99D5B642
20 1100111|11011000|10110110100100010|1000 0xCFB16D228
BX = 001 Event : 10
00 0011001|10101010|01111111110000011|1010 0x3354FF83A
01 0011001|10010000|10101010011101111|1101 0x332154EFD
02 0011001|10101010|10101001000001101|1100 0x3355520DC
03 0011101|10110100|10100001011100001|0011 0x3B6942E13
04 0011001|10111111|10101000000000100|1011 0x337F5004B
05 0011101|11000011|10100001011000110|1100 0x3B8742C6C
06 0011001|11010011|10100110111100110|1011 0x33A74DE6B
07 0011101|11011000|10011111110011011|0101 0x3BB13F9B5
08 1101000|10101110|10110001110110101|1101 0xD15D63B5D
BX = 010 Event : 11
00 0011110|10011111|10000001110111001|1110 0x3D3F03B9E
01 0011110|10101110|10000000111111100|1011 0x3D5D01FCB
02 0011001|11001110|10000000010101101|1110 0x339D00ADE
03 0011010|10010110|10101011011100010|1001 0x352D56E29
04 1100011|10010110|10110010000010101|1000 0xC72D64158
BX = 011 Event : 12
00 0011110|10000101|10000000000100100|1000 0x3D0B00248
01 0011001|10101010|01111111000111010|1110 0x3354FE3AE
02 0011001|10111111|10000000110100110|0010 0x337F01A62
03 0011010|11001110|10000011010000110|0011 0x359D06863
04 0011010|11010011|10000010110010010|1011 0x35A70592B
05 0011110|10000101|10101011011101000|0001 0x3D0B56E81
06 0011110|10000101|10101011100000010|1000 0x3D0B57028
07 0011110|10000101|10101100010100100|1000 0x3D0B58A48
08 0011111|10001011|10101101000011100|1001 0x3F175A1C9
09 0011001|10010000|10100000001011100|0000 0x3321405C0
0a 0011001|10010000|10100000000100111|1100 0x33214027C
0b 0011001|10010110|10101011001001000|1011 0x332D5648B
0c 0011001|10101010|10100001011001111|1101 0x335542CFD
0d 0011101|10101110|10100100010010011|0101 0x3B5D48935
0e 0011000|11001110|10100011000100010|1110 0x319D4622E
0f 0011001|11010011|10101010101011001|0000 0x33A755590
10 0011001|11010011|10101010100111010|1010 0x33A7553AA
11 0011001|11010011|10101010011010101|0000 0x33A754D50
12 0011001|11010011|10101010010111010|1001 0x33A754BA9
13 0011001|11010011|10101010001111010|0001 0x33A7547A1
14 0011001|11010011|10101010000001011|1011 0x33A7540BB
15 0011001|11010011|10101001010110001|1000 0x33A752B18
16 0011001|11010011|10101001010011100|1010 0x33A7529CA
17 0011001|11010011|10101001001110010|1110 0x33A75272E
18 0011001|11010011|10101000110101000|1100 0x33A751A8C
19 0011001|11010011|10101000010110011|1010 0x33A750B3A
1a 0011110|11011000|10101000110000001|0000 0x3DB151810
1b 0011110|11011000|10101000111001011|1110 0x3DB151CBE
1c 0011000|11101000|10100011011100001|1110 0x31D146E1E
1d 0011110|11110011|10101100100000100|1011 0x3DE75904B
1e 1101000|10000101|10101111110101110|0001 0xD10B5FAE1
1f 1101000|10000101|10110000010001110|1010 0xD10B608EA
20 1101000|10001011|10101111110101001|1000 0xD1175FA98
21 1101000|10001011|10110000100001011|0000 0xD117610B0
22 1101000|10001011|10110000101010010|1000 0xD11761528
23 1101000|10001011|10110000101111000|0000 0xD11761780
24 1100011|10010000|10110000101001110|0011 0xC721614E3
25 1100011|10010000|10110000011111100|1011 0xC72160FCB
26 1100011|10010000|10101111111001010|1011 0xC7215FCAB
27 1100100|10010000|10101111010101110|1100 0xC9215EAEC
28 1101000|10101110|10101111111110101|1010 0xD15D5FF5A
29 1100111|10101110|10110011001000100|0100 0xCF5D66444
2a 1100011|10111111|10101111111111011|1101 0xC77F5FFBD
2b 1100011|11010011|10101111111101011|1110 0xC7A75FEBE
2c 1100111|11011000|10111000000111111|0101 0xCFB1703F5
BX = 100 Event : 13
00 0011101|10110100|10100010011000100|1110 0x3B6944C4E
01 0011101|11000011|10100001000100111|1110 0x3B874227E
02 0011101|11001001|10100000111100010|1100 0x3B9341E2C
03 0011001|11100011|10101000111000010|1010 0x33C751C2A
04 0011001|11111000|10100100111101111|0010 0x33F149EF2
BX = 101 Event : 14
00 0011001|10100101|10011101010111100|0101 0x334B3ABC5
01 0011001|10100101|10011011100110100|0110 0x334B37346
02 0011001|10100101|10011011100001111|0010 0x334B370F2
03 0011001|10100101|10011011011010000|1011 0x334B36D0B
04 0011101|10101110|10100010101110011|1000 0x3B5D45738
05 0011101|10101110|10100011010001100|1000 0x3B5D468C8
06 1101000|11000011|10111110100110110|1010 0xD1877D36A
07 1101000|11000011|10111111110111010|0000 0xD1877FBA0
08 1101000|11000011|10111111111011010|1010 0xD1877FDAA
09 1100011|11001110|10111011001110011|0001 0xC79D76731
0a 1100011|11001110|10111011001011101|1000 0xC79D765D8
0b 1100011|11001110|10111011000010000|1011 0xC79D7610B
0c 1100011|11001110|10111010100110000|0101 0xC79D75305
0d 1100011|11001110|10111010011011110|1001 0xC79D74DE9
0e 1100011|11001110|10111001100111110|0100 0xC79D733E4
0f 1100011|11001110|10111000110000010|1011 0xC79D7182B
10 1100011|11001110|10111000101000110|0010 0xC79D71462
11 1100011|11001110|10111000011100100|0011 0xC79D70E43
12 1100011|11001110|10111000010010010|0000 0xC79D70920
13 1100011|11010011|10111011010110100|0111 0xC7A776B47
14 1100011|11010011|10110100100011011|0101 0xC7A7691B5
15 1100111|11011000|10111011010000100|0111 0xCFB176847
16 1100111|11011110|10111000111001000|0001 0xCFBD71C81
17 1100011|11100011|10111100111010011|0111 0xC7C779D37
18 1101000|11101110|10111100101111011|0000 0xD1DD797B0
19 1100111|11110011|10110111100010011|1010 0xCFE76F13A
1a 1100011|11111110|10111101010101110|0110 0xC7FD7AAE6
BX = 110 Event : 15
00 0011111|10001011|10011000110010010|0110 0x3F1731926
01 0011110|10011010|10101001110011000|1110 0x3D355398E
02 0011001|11101000|10101000111010010|1011 0x33D151D2B
03 0011001|11111110|10011110101101110|0110 0x33FD3D6E6
04 1100100|10111001|10101101001000010|1100 0xC9735A42C
05 1100011|11001110|10110111100001101|1101 0xC79D6F0DD
06 1101000|11110011|10110000110110100|0101 0xD1E761B45
BX = 111 Event : 16
00 0011001|10101010|10100000000100001|1010 0x33554021A
01 0011101|10110100|10011111010010010|0000 0x3B693E920
02 1100111|10011010|10110101100101100|1000 0xCF356B2C8
03 1100111|10011010|10110101110011001|1000 0xCF356B998
04 1100111|10011010|10110110000111101|0011 0xCF356C3D3
05 1100111|10011010|10110110010000100|1011 0xCF356C84B
06 1100111|10011010|10110110011101011|1101 0xCF356CEBD
07 1100111|10011010|10111001000101010|0101 0xCF35722A5
08 1100111|10011010|10111001010001101|1011 0xCF35728DB
09 1100111|10011010|10111001011001110|0011 0xCF3572CE3
0a 1100111|10011010|10111001100010000|1010 0xCF357310A
0b 1100111|10011111|10110110000000110|0100 0xCF3F6C064
0c 1100111|10011111|10111001011001110|1001 0xCF3F72CE9
0d 1100111|10011111|10111001101101101|1101 0xCF3F736DD
0e 1100011|10100101|10111010001110000|0111 0xC74B74707
0f 1100011|10100101|10110101110110111|1100 0xC74B6BB7C
10 1100011|10101010|10111010010110010|0111 0xC75574B27
11 1100111|10101110|10110101001100111|0001 0xCF5D6A671
12 1100111|10101110|10111011100111110|1000 0xCF5D773E8
13 1100111|10110100|10110101001010001|0001 0xCF696A511
14 1100111|10110100|10111011001111001|1001 0xCF6976799
15 1100011|10111001|10111011010110100|0101 0xC77376B45
16 1100011|10111001|10110100100110001|1101 0xC7736931D
17 1100011|10111111|10111011100000001|0011 0xC77F77013
18 1100011|10111111|10110100001010110|1100 0xC77F6856C
19 1100111|11000011|10110011110001100|0001 0xCF87678C1
1a 1100111|11000011|10111011111110111|1001 0xCF8777F79
1b 1100111|11001001|10110011011111110|0010 0xCF9366FE2
1c 1100111|11001001|10111100001011010|1001 0xCF93785A9
1d 1100011|11001110|10111100100101111|0011 0xC79D792F3
1e 1100011|11001110|10111100011101110|1010 0xC79D78EEA
1f 1100011|11001110|10110011110101101|1101 0xC79D67ADD
20 1100011|11001110|10110010101110011|1010 0xC79D6573A
21 1100011|11010011|10111100101100110|0011 0xC7A779663
22 1100011|11010011|10110010101100011|1011 0xC7A76563B
BX = 000 Event : 17
00 0011110|11001001|10000000111110001|0000 0x3D9301F10
01 0011001|10010110|10100001011011010|0011 0x332D42DA3
02 0011001|10101010|10011101111000101|0110 0x33553BC56
03 0011101|11000011|10100011110010101|1100 0x3B874795C
04 0011101|11110011|10100100011100011|0001 0x3BE748E31
05 1100011|11010011|10110111110000101|0110 0xC7A76F856
BX = 001 Event : 18
00 1100111|10011010|10111010100111101|0001 0xCF35753D1
01 1100011|11100011|10110011001101010|0111 0xC7C7666A7
BX = 010 Event : 19
00 0011101|10001011|10100111001011011|1100 0x3B174E5BC
01 0011000|10010110|10100010011100011|0011 0x312D44E33
02 0011001|10111001|10100100010010000|1010 0x33734890A
03 0011110|11001001|10011011101111101|1100 0x3D93377DC
04 0011001|11010011|10100100100101111|1000 0x33A7492F8
05 0011001|11010011|10100100010001010|1000 0x33A7488A8
06 0011101|11011110|10100000101010011|1010 0x3BBD4153A
07 0011101|11011110|10100011001000111|0011 0x3BBD46473
08 0011000|11100011|10100011111010110|1010 0x31C747D6A
09 0011000|11100011|10100011101110001|1011 0x31C74771B
0a 0011001|11101000|10100100010011010|1011 0x33D1489AB
0b 0011101|11101110|10100100111100001|0001 0x3BDD49E11
0c 1100011|10010000|10111000111101010|0101 0xC72171EA5
0d 1100111|11001001|10111010010101001|0000 0xCF9374A90
0e 1100111|11001001|10111010101110011|0111 0xCF9375737
0f 1100111|11001001|10111010111100110|0000 0xCF9375E60
BX = 011 Event : 20
00 0011001|11001110|10101010101111111|1110 0x339D557FE
01 0011110|11011110|10101010111111001|0110 0x3DBD55F96
02 1100100|11001110|10101101010001001|1110 0xC99D5A89E
BX = 100 Event : 21
00 0011010|10100101|10101100101000101|1110 0x354B5945E
01 0011010|10101010|10011001100000100|1010 0x35553304A
02 0011101|10101110|10100101101001010|0010 0x3B5D4B4A2
03 0011101|11001001|10011111101100001|1100 0x3B933F61C
04 0011010|11010011|10011010010110111|0001 0x35A734B71
05 0011010|11010011|10011010001111101|1011 0x35A7347DB
06 0011010|11010011|10011010000101000|0100 0x35A734284
07 0011010|11010011|10011001111000011|1010 0x35A733C3A
08 0011110|11101110|10011011100000011|1101 0x3DDD3703D
09 0011010|11111000|10011001010010100|1011 0x35F13294B
0a 0011001|11111110|10011101110100000|0101 0x33FD3BA05
0b 1101001|11000011|10101101100101010|1110 0xD3875B2AE
BX = 101 Event : 22
00 0011010|10010110|10011001000010000|0101 0x352D32105
01 0011001|10100101|10011011111011001|1110 0x334B37D9E
02 0011101|10101110|10100001011010001|1100 0x3B5D42D1C
03 0011101|10101110|10100001011111100|0101 0x3B5D42FC5
04 0011101|10101110|10100001100010110|0010 0x3B5D43162
05 0011101|10101110|10100001101000110|1001 0x3B5D43469
06 0011101|10110100|10011111111010000|0001 0x3B693FD01
07 0011101|10110100|10100000001001111|1100 0x3B69404FC
08 0011101|10110100|10100001000101101|0001 0x3B69422D1
09 0011101|10110100|10100001001010111|0010 0x3B6942572
0a 0011101|10110100|10100001010101100|1001 0x3B6942AC9
0b 0011101|10110100|10100001011001100|0000 0x3B6942CC0
0c 0011101|10110100|10100001100101011|0101 0x3B69432B5
0d 0011101|10110100|10100001101110101|0000 0x3B6943750
0e 0011001|10111111|10011101110001011|0000 0x337F3B8B0
0f 0011001|10111111|10011101100111011|1110 0x337F3B3BE
10 0011111|11011110|10011000011011110|0111 0x3FBD30DE7
11 0011001|11101000|10101000001001110|1010 0x33D1504EA
12 0011000|11101000|10100010111111101|0010 0x31D145FD2
13 1100111|10001011|10111011010011010|1011 0xCF17769AB
BX = 110 Event : 23
00 0011010|10100101|10000001011111010|1001 0x354B02FA9
01 0011010|10111111|10000010011011110|0001 0x357F04DE1
02 0011010|10111111|10000010010101000|1011 0x357F04A8B
03 0011010|10111111|10000010010001001|0000 0x357F04890
04 0011010|10111111|10000001110101111|1110 0x357F03AFE
05 0011010|10111111|10000001100001010|0111 0x357F030A7
06 0011010|10111111|10000001011011010|0010 0x357F02DA2
07 0011001|10111111|10000001010001011|0000 0x337F028B0
08 0011111|11000011|10000010111111010|1101 0x3F8705FAD
09 0011001|11101000|10000001000111011|1110 0x33D1023BE
0a 0011101|10001011|10100100010100011|0101 0x3B1748A35
0b 0011001|11101000|10100111110011010|1100 0x33D14F9AC
0c 0011010|11111000|10011001001011010|0001 0x35F1325A1
0d 0011010|11111000|10011000110010000|0100 0x35F131904
0e 1100011|11111110|10110110110001110|1101 0xC7FD6D8ED
BX = 111 Event : 24
00 0011001|10101010|10100111011010101|0101 0x33554ED55
01 0011001|10111001|10100000110000000|0101 0x337341805
02 1100111|10000101|10111001001101100|0110 0xCF0B726C6
03 1100011|10100101|10111011110001010|1011 0xC74B778AB
04 1100011|10111001|10111100000110100|1010 0xC7737834A
BX = 000 Event : 25
00 0011101|10001011|10100101001101011|0011 0x3B174A6B3
01 0011001|10101010|10101010110100100|0100 0x335555A44
02 0011001|10101010|10101000111100010|1100 0x335551E2C
03 0011001|10111001|10011111000011001|0101 0x33733E195
04 0011110|11101110|10101010100010000|0011 0x3DDD55103
05 0011110|11110011|10101011011100010|0000 0x3DE756E20
06 0011110|11110011|10101011111001011|0010 0x3DE757CB2
07 1100011|10101010|10110100100101100|1100 0xC755692CC
08 1100111|10110100|10110100010000111|1000 0xCF6968878
09 1100011|10111111|10110100011011010|1101 0xC77F68DAD
0a 1100011|11111000|10111101110101010|1010 0xC7F17BAAA
0b 1100011|11111000|10111101110010100|1100 0xC7F17B94C
BX = 001 Event : 26
00 0011111|11011110|10000011011101110|1010 0x3FBD06EEA
01 0011101|10001011|10100010011011001|1011 0x3B1744D9B
02 0011101|10001011|10100100011011000|1000 0x3B1748D88
03 0011001|10010000|10011101001100001|1110 0x33213A61E
04 0011110|11101110|10011101001010011|0100 0x3DDD3A534
05 0011101|11101110|10011101101101100|0011 0x3BDD3B6C3
06 0011101|11101110|10011111100110001|0110 0x3BDD3F316
07 0011110|11110011|10011101001101000|0100 0x3DE73A684
BX = 010 Event : 27
00 0011101|10000101|10100100100111101|1011 0x3B0B493DB
01 0011001|10010000|10100100001100000|1101 0x33214860D
02 0011110|10011111|10011001011100101|0001 0x3D3F32E51
03 0011110|10110100|10011010010010010|1011 0x3D693492B
04 0011101|11011110|10100010011110011|0110 0x3BBD44F36
05 0011101|11011110|10100101111100100|0000 0x3BBD4BE40
06 0011101|11011110|10100110000010100|1011 0x3BBD4C14B
07 0011001|11100011|10100110111101011|1011 0x33C74DEBB
08 0011001|11100011|10100110001110111|0011 0x33C74C773
09 0011001|11100011|10100101011101001|0000 0x33C74AE90
0a 0011001|11100011|10100101001001001|1001 0x33C74A499
0b 0011001|11100011|10100100101000101|0001 0x33C749451
0c 0011001|11100011|10100100011110101|1001 0x33C748F59
0d 0011001|11100011|10100100011010000|0000 0x33C748D00
0e 0011000|11100011|10100011000000111|1101 0x31C74607D
0f 0011001|11100011|10011110001111010|0100 0x33C73C7A4
10 1101000|10000101|10101111111001001|0101 0xD10B5FC95
11 1101000|11110011|10110000110001110|1000 0xD1E7618E8
BX = 011 Event : 28
00 0011001|10101010|10100100101011010|1011 0x3355495AB
01 0011101|10101110|10100100100011101|1011 0x3B5D491DB
02 0011001|10111001|10101010010010101|0001 0x337354951
03 0011001|10111001|10101001011110001|1000 0x337352F18
04 0011001|10111001|10101001010110111|1110 0x337352B7E
05 0011001|10111111|10101001000011101|1011 0x337F521DB
06 0011001|10111111|10101000110011101|1010 0x337F519DA
07 0011110|11000011|10101000010110111|1000 0x3D8750B78
08 0011110|11000011|10101000101110110|0000 0x3D8751760
09 0011101|11001001|10100111011011010|1000 0x3B934EDA8
0a 0011101|11001001|10100111101100100|0001 0x3B934F641
0b 0011001|11001110|10100111101001010|1110 0x339D4F4AE
0c 0011101|11011110|10100101001001100|1000 0x3BBD4A4C8
0d 0011101|11011110|10100101001101011|0001 0x3BBD4A6B1
0e 0011101|11011110|10100101010100110|0000 0x3BBD4AA60
0f 0011101|11011110|10100101101111010|0001 0x3BBD4B7A1
10 0011101|11011110|10100110011110010|0010 0x3BBD4CF22
11 0011101|11011110|10100110100010111|1000 0x3BBD4D178
12 0011101|11011110|10100110101101100|0010 0x3BBD4D6C2
13 1101001|10000101|10101101011100011|0101 0xD30B5AE35
14 1100011|10010110|10110000100111000|1011 0xC72D6138B
BX = 100 Event : 29
00 0011110|10001011|01111111010010010|1110 0x3D16FE92E
01 0011000|10100101|10100011100000110|1101 0x314B4706D
02 0011001|10100101|10100000111010000|0100 0x334B41D04
03 0011001|10101010|10100001110000100|0010 0x335543842
04 0011001|10101010|10100000100011011|1001 0x3355411B9
05 0011001|10101010|10100000011110110|1100 0x335540F6C
06 0011001|10111111|10100001001000000|0000 0x337F42400
07 0011001|11111110|10100100100010101|1011 0x33FD4915B
08 0011001|11111110|10011110110100100|1011 0x33FD3DA4B
09 1100100|10100101|11000000110000100|1110 0xC94B8184E
BX = 101 Event : 30
00 0011110|10001011|01111111001010111|1101 0x3D16FE57D
01 0011000|10100101|10100010111010010|0111 0x314B45D27
02 0011001|10111001|10011111001001000|1101 0x33733E48D
03 0011001|11100011|10101011000110011|0111 0x33C756337
04 0011001|11101000|10011100101001101|1110 0x33D1394DE
05 0011101|11110011|10100001100010001|1110 0x3BE74311E
06 1101000|11001001|10101110010000001|0100 0xD1935C814
07 1101000|11001001|10101111000110110|0011 0xD1935E363
08 1101000|11001001|10101111011100100|0010 0xD1935EE42
09 1101000|11001001|10110000001010111|0010 0xD19360572
0a 1101000|11001001|10110001000010110|0001 0xD19362161
0b 1100111|11110011|10111010000000000|0011 0xCFE774003
BX = 110 Event : 31
00 0011110|10011111|10000010001001101|1001 0x3D3F044D9
01 0011110|10011111|10000010101010110|0110 0x3D3F05566
02 0011110|10011111|10000010110100110|1000 0x3D3F05A68
03 0011111|10011111|10000011011001001|0101 0x3F3F06C95
04 0011101|10101110|10100110011001101|0011 0x3B5D4CCD3
05 0011001|11001110|10100100101111010|0111 0x339D497A7
06 0011001|11001110|10100100100001111|1010 0x339D490FA
07 0011001|11001110|10100100010100101|0011 0x339D48A53
08 0011001|11001110|10100100001100000|1010 0x339D4860A
09 0011000|11001110|10100010010011110|0011 0x319D449E3
0a 0011000|11001110|10100010000110011|0100 0x319D44334
0b 0011000|11001110|10100001110100100|0010 0x319D43A42
0c 0011001|11001110|10100001101011111|0010 0x339D435F2
0d 0011001|11101000|10100101110000011|1010 0x33D14B83A
0e 1101000|11011000|11000000000101100|1001 0xD1B1802C9
0f 1100111|11011110|10111010111000000|0100 0xCFBD75C04
10 1100011|11100011|10110101101001010|1101 0xC7C76B4AD
BX = 111 Event : 32
00 0011010|10101010|10000010100110010|0111 0x355505327
01 0011001|10101010|10000001010001011|1110 0x3355028BE
02 0011110|10101110|10000000000101010|1010 0x3D5D002AA
03 0011110|10101110|10000000101101000|0000 0x3D5D01680
04 0011110|10101110|10000010010010111|0001 0x3D5D04971
05 0011111|10101110|10000011001101001|0110 0x3F5D06696
06 0011111|10101110|10000011011001110|1010 0x3F5D06CEA
07 0011010|10010110|10011010001001101|0110 0x352D344D6
08 0011110|10011010|10011010010110111|0110 0x3D3534B76
09 0011010|10101010|10101100001101011|1001 0x3555586B9
0a 0011010|11101000|10101101011000011|1010 0x35D15AC3A
0b 0011110|11110011|10011010110010110|1010 0x3DE73596A
0c 0011110|11110011|10011011101110011|0010 0x3DE737732
BX = 000 Event : 33
00 0011110|10000101|10000000111001100|1110 0x3D0B01CCE
01 0011010|10101010|10000011011000110|0100 0x355506C64
02 0011010|10101010|10000011010010001|1000 0x355506918
03 0011001|10010000|10100000111001011|0011 0x332141CB3
04 0011110|11001001|10011010111110101|0101 0x3D9335F55
05 0011110|11110011|10011100010111011|0110 0x3DE738BB6
06 1100011|10010110|10110100100110001|1011 0xC72D6931B
07 1100100|10010110|10101111010110011|1011 0xC92D5EB3B
08 1101000|10011010|10101111011011001|0110 0xD1355ED96
09 1100111|10011010|10110011100001110|1000 0xCF35670E8
BX = 001 Event : 34
00 0011110|11000011|10011001010111011|1010 0x3D8732BBA
01 0011110|11000011|10011001011010000|1100 0x3D8732D0C
02 0011110|11000011|10011001011100101|1110 0x3D8732E5E
03 0011110|11001001|10011001101101111|0001 0x3D93336F1
04 0011110|11001001|10011010001101101|1010 0x3D93346DA
05 0011110|11001001|10011010100000001|1110 0x3D933501E
06 0011001|11010011|10100111000000110|1011 0x33A74E06B
07 1100011|11101000|10110011000101000|0100 0xC7D166284
08 1100111|11101110|10111011111001100|0101 0xCFDD77CC5
BX = 010 Event : 35
00 0011110|10001011|10000000001010100|1000 0x3D1700548
01 0011101|10001011|10100010001000100|1110 0x3B174444E
02 1101000|10000101|10110001011000000|1110 0xD10B62C0E
03 1100111|10101110|10110110011101011|0010 0xCF5D6CEB2
04 1100111|10101110|10111000011110011|1011 0xCF5D70F3B
05 1100111|10110100|10111010000010110|0101 0xCF6974165
06 1100011|10111001|10110100010011000|0001 0xC77368981
07 1100111|11000011|10110101000010101|1101 0xCF876A15D
08 1100011|11111000|10110111111111110|0100 0xC7F16FFE4
BX = 011 Event : 36
00 0011010|10111111|10000011001010110|0110 0x357F06566
01 0011010|11101000|10000001111001111|1110 0x35D103CFE
02 0011110|10000101|10101010011001011|1001 0x3D0B54CB9
03 0011010|10010000|10011001011101110|0110 0x352132EE6
04 0011001|10010110|10101010011001010|1101 0x332D54CAD
05 0011101|10011010|10100110110100110|1001 0x3B354DA69
06 0011101|10011010|10100110111010110|1101 0x3B354DD6D
07 0011101|10011010|10100111100001111|1110 0x3B354F0FE
08 0011101|10011111|10100101101000101|1010 0x3B3F4B45A
09 0011110|10011111|10101001000100000|0100 0x3D3F52204
0a 0011101|10101110|10100100100111101|1100 0x3B5D493DC
0b 0011101|10110100|10100010000011010|1011 0x3B69441AB
0c 0011110|10110100|10101010101011010|0011 0x3D69555A3
0d 0011001|11001110|10011101100010001|1010 0x339D3B11A
0e 0011001|11001110|10011100110010010|1101 0x339D3992D
BX = 100 Event : 37
00 0011110|10000101|10000010101000001|0101 0x3D0B05415
01 0011110|10001011|10101000001101101|0001 0x3D17506D1
02 0011111|10110100|10011001000100001|1110 0x3F693221E
03 0011101|11000011|10100011110000101|1110 0x3B874785E
04 0011110|11011000|10011001000110110|1100 0x3DB13236C
05 0011110|11101110|10011001011111010|1100 0x3DDD32FAC
06 0011001|11111110|10011010100111100|1001 0x33FD353C9
07 1100111|10001011|10110101101000001|1001 0xCF176B419
08 1100111|10011111|10110110001001000|1100 0xCF3F6C48C
09 1100111|10101110|10110111100000010|0101 0xCF5D6F025
BX = 101 Event : 38
00 0011110|10001011|10000010110011011|1100 0x3D17059BC
01 0011111|10001011|10000010110110101|1110 0x3F1705B5E
02 0011111|10001011|10011000011011001|1000 0x3F1730D98
03 0011110|10001011|10011011011111001|1100 0x3D1736F9C
04 0011000|10010110|10100010101101000|1000 0x312D45688
05 0011010|10010110|10011010000011101|1110 0x352D341DE
06 0011010|10010110|10011000101010110|0100 0x352D31564
07 0011111|10011010|10011000011001001|0001 0x3F3530C91
08 0011101|10011010|10100110111011100|0100 0x3B354DDC4
09 0011110|10011111|10011001011000101|1001 0x3D3F32C59
0a 0011001|10100101|10100111011000000|0110 0x334B4EC06
0b 0011010|10100101|10011000100100110|0110 0x354B31266
0c 0011001|11100011|10011011011101010|1011 0x33C736EAB
0d 0011101|11101110|10011111001000011|0010 0x3BDD3E432
0e 0011101|11101110|10011111001100010|1000 0x3BDD3E628
0f 0011101|11101110|10011111011000111|1110 0x3BDD3EC7E
10 0011101|11101110|10011111011100111|0100 0x3BDD3EE74
11 0011101|11101110|10100000100101001|0000 0x3BDD41290
12 0011101|11101110|10100000101110011|1110 0x3BDD4173E
13 0011101|11101110|10100000111001101|0101 0x3BDD41CD5
14 0011101|11101110|10100001000000010|0000 0x3BDD42020
15 0011110|11110011|10101001110110010|0101 0x3DE753B25
16 0011001|11111000|10100110000100010|0000 0x33F14C220
17 0011001|11111000|10100101111101000|0010 0x33F14BE82
18 0011001|11111000|10100101001100100|1000 0x33F14A648
19 0011001|11111000|10100100101101111|0001 0x33F1496F1
1a 0011001|11111000|10100100100001111|1011 0x33F1490FB
1b 1100011|10100101|10110101011010111|1001 0xC74B6AD79
1c 1100011|10100101|10110101001101111|1010 0xC74B6A6FA
1d 1100011|10100101|10110101001010011|1101 0xC74B6A53D
1e 1100011|10100101|10110100001001011|1100 0xC74B684BC
1f 1100011|10100101|10110100000110101|1110 0xC74B6835E
20 1101000|11001001|10110001100010001|1001 0xD19363119
21 1101000|11110011|10101111101101101|1101 0xD1E75F6DD
BX = 110 Event : 39
00 0011001|10100101|10011011011110101|1011 0x334B36F5B
01 1101000|10000101|10101110010110010|1110 0xD10B5CB2E
02 1100111|10011111|10111100101100000|1100 0xCF3F7960C
03 1100011|10100101|10111101101110011|0001 0xC74B7B731
04 1100011|10111001|10111110011000110|1001 0xC7737CC69
05 1100011|11111110|10111111110010011|0001 0xC7FD7F931
BX = 111 Event : 40
00 0011010|11001110|10011001101000011|0001 0x359D33431
01 0011010|11001110|10011001011001111|0000 0x359D32CF0
02 0011010|11001110|10011001010111001|1001 0x359D32B99
03 0011010|11001110|10011000110000110|0100 0x359D31864
04 0011010|11001110|10011000101011011|0000 0x359D315B0
05 1100011|10010110|10111000000010100|0010 0xC72D70142
06 1100011|10101010|10111000111001010|0011 0xC75571CA3
07 1100011|10111001|10111001011111100|0011 0xC77372FC3
08 1100011|11001110|10111010011011110|0011 0xC79D74DE3
09 1100111|11011110|10111100010100110|0101 0xCFBD78A65
0a 1101000|11101110|10111110110010011|0101 0xD1DD7D935
BX = 000 Event : 41
00 0011110|10000101|10101000111011011|1100 0x3D0B51DBC
01 0011010|10010000|10011010010001101|0110 0x3521348D6
02 0011101|10101110|10011111010110111|0011 0x3B5D3EB73
03 0011101|11000011|10100000110010011|1100 0x3B874193C
04 1101001|10000101|10101101100000100|0001 0xD30B5B041
05 1100111|10000101|10110110111110001|0011 0xCF0B6DF13
06 1100111|10000101|10111000010001100|0100 0xCF0B708C4
07 1100111|10000101|10111000010110010|0000 0xCF0B70B20
08 1100111|10000101|10111000011101000|0010 0xCF0B70E82
09 1100111|10000101|10111000100011111|0010 0xCF0B711F2
0a 1100111|10000101|10111000101000000|1000 0xCF0B71408
0b 1100111|10000101|10111000101100000|0000 0xCF0B71600
0c 1100111|10000101|10111001011011001|1000 0xCF0B72D98
0d 1100111|10000101|10111010000010110|0001 0xCF0B74161
0e 1100111|10000101|10111010001011101|1000 0xCF0B745D8
0f 1100111|10000101|10111010101001000|0000 0xCF0B75480
10 1100111|10001011|10110100011110100|1001 0xCF1768F49
11 1100111|10001011|10110110111110111|0010 0xCF176DF72
12 1100111|10001011|10111001111101010|1100 0xCF1773EAC
13 1100111|10001011|10111010010101111|0010 0xCF1774AF2
14 1100011|10010110|10111010011011110|0111 0xC72D74DE7
15 1100011|10010110|10110000111010001|1110 0xC72D61D1E
16 1101000|10011010|10101110001101100|0001 0xD1355C6C1
17 1100111|10011010|10111010011111011|0111 0xCF3574FB7
18 1100111|10011010|10111010100100111|0011 0xCF3575273
19 1101000|10011111|10110000001010010|1000 0xD13F60528
1a 1100011|10101010|10101111111111011|1100 0xC7555FFBC
1b 1100111|10101110|10111010011011010|0001 0xCF5D74DA1
1c 1101000|11000011|10101111111011111|1100 0xD1875FDFC
1d 1101000|11011000|10101111000000101|1011 0xD1B15E05B
1e 1100111|11110011|10110101010101110|1101 0xCFE76AAED
BX = 001 Event : 42
00 0011110|10000101|10011010001000011|1000 0x3D0B34438
01 0011101|10000101|10100100010110011|1110 0x3B0B48B3E
02 0011001|10101010|10011110110101001|0110 0x33553DA96
03 0011101|11011110|10011110111010011|1001 0x3BBD3DD39
BX = 010 Event : 43
00 0011101|10110100|10101000000001000|0000 0x3B6950080
01 1100011|10010110|10111101100011100|1001 0xC72D7B1C9
02 1101000|11001001|10110000010100011|1011 0xD19360A3B
03 1100011|11100011|10110110010000111|1101 0xC7C76C87D
04 1100011|11100011|10110001011001000|0100 0xC7C762C84
BX = 011 Event : 44
00 0011101|11001001|10100101100001010|0100 0x3B934B0A4
01 1101000|11011000|11000000000101100|1000 0xD1B1802C8
02 1101000|11011000|11000000010010100|1010 0xD1B18094A
03 1100011|11100011|10111100001011111|0110 0xC7C7785F6
BX = 100 Event : 45
00 0011101|10000101|10100011111000101|1101 0x3B0B47C5D
01 0011001|10100101|10101000101000011|1100 0x334B5143C
02 0011110|10101110|10011010100100001|0110 0x3D5D35216
03 0011110|10110100|10101010111000100|1101 0x3D6955C4D
04 0011010|10111111|10011010001011000|1000 0x357F34588
05 0011110|11001001|10101100100101001|1001 0x3D9359299
06 0011001|11010011|10011011000100000|1000 0x33A736208
07 0011111|11101110|10011000100101110|1000 0x3FDD312E8
08 1100111|10011111|10110101100100001|0101 0xCF3F6B215
09 1100111|10011111|10110101110110100|0000 0xCF3F6BB40
0a 1100111|10011111|10110110000110111|1000 0xCF3F6C378
0b 1100111|10011111|10110110101011110|0010 0xCF3F6D5E2
0c 1100011|10100101|10110110100100110|0000 0xC74B6D260
0d 1100011|10100101|10110100001110010|1010 0xC74B6872A
0e 1100011|10101010|10110111001010011|0010 0xC7556E532
0f 1100011|10101010|10110110111111011|0001 0xC7556DFB1
10 1100011|10101010|10110110110101111|1010 0xC7556DAFA
11 1100011|10101010|10110011111010011|0001 0xC75567D31
12 1100011|10101010|10110011110010001|1000 0xC75567918
13 1100011|10101010|10110011100111010|1000 0xC755673A8
14 1100011|10111001|10111011111100111|1110 0xC77377E7E
15 1100011|10111111|10111010001101011|1000 0xC77F746B8
16 1100111|11000011|10111000111001000|0110 0xCF8771C86
17 1100111|11001001|10111000111011110|0110 0xCF9371DE6
18 1100011|11010011|10111001001100011|0101 0xC7A772635
19 1100011|11010011|10110111110110001|0100 0xC7A76FB14
1a 1100011|11010011|10110111101111010|1000 0xC7A76F7A8
1b 1100011|11010011|10110111010001111|1001 0xC7A76E8F9
1c 1100011|11010011|10110111000011100|0110 0xC7A76E1C6
1d 1100011|11010011|10110100101010010|1001 0xC7A769529
1e 1100011|11010011|10110011110110010|0010 0xC7A767B22
1f 1100011|11010011|10110011101101011|0001 0xC7A7676B1
20 1100011|11010011|10110011011110011|1011 0xC7A766F3B
21 1100111|11011000|10110011011011101|0101 0xCFB166DD5
22 1100111|11011000|10110011011110011|0011 0xCFB166F33
23 1100111|11011000|10110011101110110|1100 0xCFB16776C
24 1100111|11011000|10110011111101000|1100 0xCFB167E8C
25 1100111|11011000|10110111100111001|0011 0xCFB16F393
26 1100111|11011000|10110111110010110|1101 0xCFB16F96D
27 1100111|11011000|10111000010010110|1101 0xCFB17096D
28 1100100|11111000|10101110010000000|0010 0xC9F15C802
29 1100011|11111110|10110110011110100|0101 0xC7FD6CF45
BX = 101 Event : 46
00 0011110|10101110|10011100100101010|1100 0x3D5D392AC
01 0011110|10110100|10101000111000000|1000 0x3D6951C08
02 1101000|10011010|10111111101001101|0000 0xD1357F4D0
BX = 110 Event : 47
00 0011000|10010000|10100011010010111|0110 0x312146976
01 0011001|11111110|10101011000001110|0010 0x33FD560E2
02 1100111|10000101|10110101100000101|1000 0xCF0B6B058
03 1100011|11001110|10111001000011100|0010 0xC79D721C2
04 1100011|11001110|10111000101101101|0010 0xC79D716D2
BX = 111 Event : 48
00 0011110|10110100|10011010101110110|0100 0x3D6935764
01 0011001|10111001|10101001010000010|1110 0x33735282E
02 0011110|11101110|10011100111001111|0110 0x3DDD39CF6
03 1100011|10111001|10111110010011011|0101 0xC7737C9B5
04 1100011|10111001|10111110000101000|1100 0xC7737C28C
05 1100011|10111001|10111110000000001|0010 0xC7737C012
06 1100011|10111001|10111101110001001|1011 0xC7737B89B
07 1100011|10111001|10111101001100111|0000 0xC7737A670
08 1100011|10111001|10111101000101011|1001 0xC7737A2B9
09 1100111|11110011|10110110010001110|1110 0xCFE76C8EE
BX = 000 Event : 49
00 0011110|11001001|10000000011010011|0000 0x3D9300D30
01 0011110|10011111|10101010101011111|1011 0x3D3F555FB
02 0011001|10101010|10101010011101010|1101 0x335554EAD
03 0011101|10110100|10011110001100000|0111 0x3B693C607
04 0011101|10110100|10011110010100000|0001 0x3B693CA01
05 0011001|10111001|10101010001110000|1101 0x33735470D
06 0011010|11001110|10101100101000101|1110 0x359D5945E
07 1100111|10001011|10110110000000110|0000 0xCF176C060
08 1100011|10010110|10111110111101110|1011 0xC72D7DEEB
09 1101000|10011010|10111110110111001|1001 0xD1357DB99
0a 1101000|10011111|10110001100110010|0110 0xD13F63326
0b 1101000|10101110|11000000010000011|1110 0xD15D8083E
0c 1100100|11001110|10101111001011100|1110 0xC99D5E5CE
BX = 001 Event : 50
00 0011110|10110100|10000000110111100|1100 0x3D6901BCC
01 0011010|10111001|10000010100010011|1001 0x357305139
02 0011111|11000011|10000011001100100|1100 0x3F870664C
03 0011101|10011010|10100101000001100|0110 0x3B354A0C6
04 0011111|11000011|10101101000110010|0101 0x3F875A325
05 0011110|11001001|10101100100010100|0111 0x3D9359147
06 1100111|10101110|10110111110110111|0010 0xCF5D6FB72
BX = 010 Event : 51
00 0011010|11001110|10000010011100011|1110 0x359D04E3E
01 0011110|10000101|10011010110010000|1101 0x3D0B3590D
02 0011110|10011111|10011101001100011|0110 0x3D3F3A636
03 0011110|11000011|10011011001100100|1100 0x3D873664C
04 0011110|11001001|10101011010110011|1010 0x3D9356B3A
05 0011010|11111110|10101011111110110|0011 0x35FD57F63
06 0011001|11111110|10101001000101101|0011 0x33FD522D3
07 1101001|10000101|10101101100111010|0101 0xD30B5B3A5
08 1101000|10101110|10110000001011101|1010 0xD15D605DA
09 1100011|10111111|10110101001101111|1000 0xC77F6A6F8
0a 1100011|10111111|10110100100011011|0100 0xC77F691B4
BX = 011 Event : 52
00 0011101|11000011|10100001000001101|0100 0x3B87420D4
01 0011001|11001110|10011101011010110|1011 0x339D3AD6B
02 0011001|11111000|10101000111001101|1110 0x33F151CDE
03 0011001|11111110|10011011000111011|1001 0x33FD363B9
04 1100111|10000101|10110110101101001|1011 0xCF0B6D69B
05 1100111|10001011|10111010111011011|0000 0xCF1775DB0
06 1101000|11011000|10111111000000000|1110 0xD1B17E00E
07 1100011|11111110|10110101100101110|1010 0xC7FD6B2EA
08 1100011|11111110|10110100100110111|1001 0xC7FD69379
BX = 100 Event : 53
00 0011110|10101110|10101011111101011|0110 0x3D5D57EB6
01 1100011|10111001|10110100101101101|1100 0xC773696DC
02 1101000|11110011|11000000001101110|1110 0xD1E7806EE
BX = 101 Event : 54
00 0011101|10000101|10100001010000111|1011 0x3B0B4287B
01 0011110|10000101|10101000101000110|1011 0x3D0B5146B
02 0011101|10001011|10100110011101000|0111 0x3B174CE87
03 0011101|10011111|10011110100011010|1101 0x3B3F3D1AD
04 0011001|11111000|10100110010010111|0011 0x33F14C973
05 0011001|11111000|10100110001101101|1000 0x33F14C6D8
06 0011001|11111000|10100110001000111|0001 0x33F14C471
07 0011001|11111000|10100110000001101|1011 0x33F14C0DB
08 0011001|11111000|10100100111011001|1110 0x33F149D9E
09 0011001|11111000|10100100100001111|0010 0x33F1490F2
0a 0011001|11111000|10100100011011010|0001 0x33F148DA1
0b 0011001|11111000|10100100010011010|1001 0x33F1489A9
0c 1100011|10111001|10111001001001101|0000 0xC773724D0
BX = 110 Event : 55
00 0011001|11010011|10011111100000010|1000 0x33A73F028
01 0011101|11011000|10100111101111001|0001 0x3BB14F791
02 1100111|10011010|10111001001011100|1000 0xCF35725C8
03 1100111|10011010|10111010011001010|1001 0xCF3574CA9
04 1100111|10011010|10111010100000001|1110 0xCF357501E
05 1100011|10101010|10110010101001101|0001 0xC755654D1
06 1100011|11010011|10110101110000000|0010 0xC7A76B802
07 1100011|11010011|10110010101110011|1100 0xC7A76573C
08 1100011|11010011|10110001110111110|1011 0xC7A763BEB
09 1101000|11011000|10110001010101010|0011 0xD1B162AA3
0a 1100111|11011000|10110110000010001|1110 0xCFB16C11E
0b 1100111|11011110|10110101110100100|1100 0xCFBD6BA4C
BX = 111 Event : 56
00 0011110|10011010|10101100000111011|1101 0x3D35583BD
01 0011110|10011111|10101100001000000|1110 0x3D3F5840E
02 0011010|10100101|10101011110010010|0100 0x354B57924
03 0011010|10100101|10101011100011101|0000 0x354B571D0
04 0011001|10101010|10101010111001001|1110 0x335555C9E
05 0011001|10101010|10101010100010100|1101 0x33555514D
06 0011110|10101110|10101010001100110|1000 0x3D5D54668
07 0011110|10110100|10101001101101000|0010 0x3D6953682
08 0011110|10110100|10101001111011101|0001 0x3D6953DD1
09 0011001|10111001|10101010011101111|0000 0x337354EF0
0a 1101000|10000101|10111101111010011|0101 0xD10B7BD35
BX = 000 Event : 57
00 0011001|10111001|10000000000000011|1101 0x33730003D
01 0011110|10000101|10011010010000010|0011 0x3D0B34823
02 0011001|10100101|10011111001101110|0011 0x334B3E6E3
03 0011101|10101110|10100111101101110|1110 0x3B5D4F6EE
04 0011001|11001110|10011011110111111|0110 0x339D37BF6
05 1100111|10001011|10110111010110110|0011 0xCF176EB63
06 1100011|10100101|10111000010100111|0001 0xC74B70A71
07 1101000|10110100|10111101000010100|1000 0xD1697A148
08 1100100|10111111|10101111001001011|0000 0xC97F5E4B0
09 1100100|11010011|10101110110011100|0000 0xC9A75D9C0
0a 1101000|11011110|10110001000101100|0011 0xD1BD622C3
0b 1101000|11011110|10110001001100011|1001 0xD1BD62639
0c 1101000|11011110|10110001011011011|0001 0xD1BD62DB1
0d 1101000|11011110|10110001011110110|1000 0xD1BD62F68
0e 1101000|11011110|10110001111010000|1001 0xD1BD63D09
0f 1101000|11011110|10110010000010111|1100 0xD1BD6417C
10 1100011|11100011|10110011011001100|1101 0xC7C766CCD
11 1100011|11100011|10110000000111101|0110 0xC7C7603D6
12 1100011|11100011|10110000000000001|0000 0xC7C760010
13 1100011|11111000|10110110001001011|1001 0xC7F16C4B9
14 1100011|11111110|10111000100100000|0001 0xC7FD71201
15 1100011|11111110|10111000011101111|1011 0xC7FD70EFB
BX = 001 Event : 58
00 0011111|10011111|10101101010010001|0101 0x3F3F5A915
01 0011111|10011111|10101101010111011|0001 0x3F3F5ABB1
02 0011001|11001110|10011111000010011|1011 0x339D3E13B
03 1100111|10001011|10111011000101101|0011 0xCF17762D3
04 1100011|10010110|10111110100011110|0011 0xC72D7D1E3
05 1101000|10011010|10111110101000001|0010 0xD1357D412
06 1101000|10011010|10111111010010011|0000 0xD1357E930
07 1100111|10011111|10111011001001110|0110 0xCF3F764E6
08 1101000|10011111|10111101001100110|0010 0xD13F7A662
09 1101000|10011111|10111110101000110|0010 0xD13F7D462
BX = 010 Event : 59
BX = 011 Event : 60
00 0011010|10111001|10000011010010110|0000 0x357306960
01 0011110|11000011|10000010100011100|0001 0x3D87051C1
02 0011010|11001110|10000001110011010|1001 0x359D039A9
03 0011010|11101000|10000001101100101|1000 0x35D103658
04 0011111|10001011|10101100111100111|0111 0x3F1759E77
05 0011110|10011111|10101000101110110|0011 0x3D3F51763
06 0011111|10101110|10011000110100111|1001 0x3F5D31A79
07 0011001|10111111|10011011101001010|0100 0x337F374A4
08 0011001|10111111|10011011100011111|0000 0x337F371F0
09 0011001|10111111|10011011011111111|1010 0x337F36FFA
0a 0011010|10111111|10011001101001001|1100 0x357F3349C
0b 0011010|10111111|10011001011011111|0011 0x357F32DF3
0c 0011010|10111111|10011001010001111|0011 0x357F328F3
0d 0011010|10111111|10011001001011111|1000 0x357F325F8
0e 0011010|10111111|10011001000101010|0010 0x357F322A2
0f 0011010|10111111|10011001000000000|1001 0x357F32009
10 0011110|11001001|10011010001001101|1000 0x3D93344D8
11 0011001|11010011|10100001011001111|0101 0x33A742CF5
12 0011001|11010011|10011010101010110|0001 0x33A735561
13 0011110|11110011|10101010111111110|1110 0x3DE755FEE
14 1101001|11110011|10101101010100010|1110 0xD3E75AA2E
BX = 100 Event : 61
00 0011110|11011000|10000000100000011|1101 0x3DB10103D
01 0011110|11101110|10000001101101111|0001 0x3DDD036F1
02 0011010|10010110|10101101010011001|1100 0x352D5A99C
03 0011010|10010110|10101100100110000|1010 0x352D5930A
04 0011010|10100101|10101011101001101|1110 0x354B574DE
05 0011001|10111111|10101000110101000|0100 0x337F51A84
06 0011110|11000011|10101000111101011|0110 0x3D8751EB6
07 0011110|11001001|10101000111001011|0110 0x3D9351CB6
08 0011001|11001110|10100110111110110|0100 0x339D4DF64
09 0011101|11011000|10100110000101001|0110 0x3BB14C296
0a 0011101|11011110|10100101011101011|0101 0x3BBD4AEB5
0b 0011101|11110011|10011111000011000|1001 0x3BE73E189
0c 0011001|11111110|10101010100000100|0100 0x33FD55044
0d 1101000|11011000|10110010011100001|1011 0xD1B164E1B
0e 1100111|11011000|10110100000010100|0001 0xCFB168141
0f 1100111|11011000|10110110111101100|0000 0xCFB16DEC0
10 1100111|11011110|10110011110111101|1001 0xCFBD67BD9
BX = 101 Event : 62
00 0011110|11011110|10000010000011110|0011 0x3DBD041E3
01 0011111|11011110|10000011001100100|1001 0x3FBD06649
02 0011111|11011110|10000011011001001|0011 0x3FBD06C93
03 0011001|11111000|10000001001111011|1011 0x33F1027BB
04 0011001|10101010|10100001011000101|1110 0x335542C5E
05 0011110|10101110|10101000100010001|0000 0x3D5D51110
06 0011001|11010011|10011110110001110|1110 0x33A73D8EE
07 1100111|10000101|10111011001111001|0100 0xCF0B76794
08 1100111|10000101|10111011010110101|1001 0xCF0B76B59
09 1100111|10000101|10111011011101100|1001 0xCF0B76EC9
0a 1101000|10000101|10111100111101110|0011 0xD10B79EE3
0b 1101000|10000101|10111101000100100|1001 0xD10B7A249
0c 1101000|10000101|10111101001010000|0001 0xD10B7A501
0d 1101000|10000101|10111101010111101|1000 0xD10B7ABD8
0e 1101000|10000101|10111101011111110|1010 0xD10B7AFEA
0f 1101000|10000101|10111101100011010|1100 0xD10B7B1AC
10 1100111|10001011|10111010100100111|0101 0xCF1775275
11 1100111|10001011|10111010101001000|0010 0xCF1775482
12 1101000|10001011|10111101001100000|0001 0xD1177A601
13 1101000|10001011|10111101011001000|0001 0xD1177AC81
14 1101000|10001011|10111101011111110|1011 0xD1177AFEB
15 1100111|10011010|10111001010001101|0010 0xCF35728D2
16 1101000|10011010|10111110100100000|1100 0xD1357D20C
17 1100111|10011111|10111001000010101|0101 0xCF3F72155
18 1101000|10011111|10111110101001100|1011 0xD13F7D4CB
19 1100011|10100101|10111110100111001|0001 0xC74B7D391
1a 1100011|10100101|10111110011100010|1110 0xC74B7CE2E
1b 1100011|10100101|10111000101010001|1010 0xC74B7151A
1c 1100011|10101010|10111000100100000|1000 0xC75571208
1d 1100011|11001110|10111111001101100|1110 0xC79D7E6CE
1e 1100011|11100011|10110001110011101|1100 0xC7C7639DC
1f 1100100|11100011|10101111010101110|0001 0xC9C75EAE1
20 1100111|11101110|10111100100111001|1010 0xCFDD7939A
21 1100111|11101110|10111100101110101|1001 0xCFDD79759
22 1101000|11101110|10111101011111001|1010 0xD1DD7AF9A
23 1101000|11101110|10111101101010000|1000 0xD1DD7B508
24 1101000|11101110|10111101110001100|1110 0xD1DD7B8CE
25 1101000|11101110|10111110000001010|0010 0xD1DD7C0A2
26 1101000|11101110|10111110000110000|1000 0xD1DD7C308
27 1101000|11101110|10111110001100001|1001 0xD1DD7C619
28 1101000|11101110|10111110010101000|0000 0xD1DD7CA80
29 1101000|11101110|10111110011011001|0000 0xD1DD7CD90
BX = 110 Event : 63
BX = 111 Event : 64
00 0011001|11100011|10011111000001001|0101 0x33C73E095
BX = 000 Event : 65
00 0011101|11001001|10100000101100011|0011 0x3B9341633
01 0011101|11001001|10100001110010101|1100 0x3B934395C
02 0011110|11011000|10011001001110001|0110 0x3DB132716
03 0011001|11100011|10101000111000010|1010 0x33C751C2A
04 1101000|10011111|10110010100100011|0011 0xD13F65233
05 1101000|11001001|10110001011011011|0000 0xD19362DB0
06 1100011|11001110|10110011010100000|1101 0xC79D66A0D
07 1100011|11001110|10110010101001101|1100 0xC79D654DC
08 1100011|11001110|10110001111111010|1100 0xC79D63FAC
09 1101000|11011110|10110001010101010|1001 0xD1BD62AA9
BX = 001 Event : 66
00 0011010|10111111|10101100011000110|1101 0x357F58C6D
01 0011000|10111111|10100011111000000|1011 0x317F47C0B
02 0011010|11010011|10101100101101010|0010 0x35A7596A2
03 0011000|11010011|10100001111011001|1110 0x31A743D9E
04 0011001|11101000|10101001110010001|0100 0x33D153914
05 1100111|10001011|10111011001000011|0100 0xCF1776434
06 1100011|11111110|10111111011001001|0000 0xC7FD7EC90
BX = 010 Event : 67
00 0011110|10001011|01111111011101100|1100 0x3D16FEECC
01 1101000|10000101|10110000110011110|1001 0xD10B619E9
02 1101000|10000101|10110000111001010|1101 0xD10B61CAD
03 1101000|10000101|10110001101001000|0011 0xD10B63483
04 1101000|10000101|10110001110000100|1001 0xD10B63849
05 1101000|10001011|10101111010110011|0110 0xD1175EB36
06 1100011|10010000|10110010011100101|0110 0xC72164E56
07 1100011|10010110|10110100000101010|0000 0xC72D682A0
08 1100111|10011010|10110100001111100|1100 0xCF35687CC
09 1100011|10100101|10111010111011010|0110 0xC74B75DA6
BX = 011 Event : 68
00 0011010|11111110|10000001011010000|1001 0x35FD02D09
01 0011001|11111110|10000001001010110|0100 0x33FD02564
02 0011001|11111110|10000000110110001|0001 0x33FD01B11
03 0011101|11011000|10011111111110000|0111 0x3BB13FF07
04 1100111|10011111|10110101001110010|0001 0xCF3F6A721
BX = 100 Event : 69
00 0011001|10111111|10000000100000111|1101 0x337F0107D
01 0011010|11010011|10000010001101110|1101 0x35A7046ED
02 0011001|10111001|10100110001010111|0110 0x33734C576
03 0011101|11000011|10100011110010101|1100 0x3B874795C
04 0011110|11011110|10101010011111011|1000 0x3DBD54FB8
05 0011110|11011110|10101011010101101|0000 0x3DBD56AD0
06 0011110|11011110|10101011111001011|0001 0x3DBD57CB1
07 0011010|11100011|10101101000011111|0011 0x35C75A1F3
08 0011001|11100011|10100101010011001|1000 0x33C74A998
09 0011000|11100011|10100011110010001|1001 0x31C747919
0a 0011001|11101000|10101000001110100|0000 0x33D150740
0b 0011111|11101110|10011000011101001|0101 0x3FDD30E95
0c 1101000|10011010|10110001100001100|0001 0xD135630C1
0d 1101000|10011010|10110001100111000|0001 0xD13563381
0e 1100111|10011010|10110110101010011|0110 0xCF356D536
0f 1100111|10011010|10110111011111101|1100 0xCF356EFDC
10 1100111|10011010|10111011111011100|1110 0xCF3577DCE
11 1100111|11110011|10110110000010001|1100 0xCFE76C11C
BX = 101 Event : 70
00 1101000|10000101|10111110110100011|0110 0xD10B7DA36
01 1100111|10011010|10110110001111110|0001 0xCF356C7E1
02 1100011|11100011|10111111011110100|1010 0xC7C77EF4A
BX = 110 Event : 71
00 0011110|11000011|10000000110000010|0001 0x3D8701821
01 0011101|10001011|10100110111100110|0110 0x3B174DE66
02 0011010|10010000|10011010001011101|0011 0x3521345D3
03 0011000|10010110|10100010011100011|0011 0x312D44E33
04 0011001|10111111|10011101111000101|0100 0x337F3BC54
05 0011110|11001001|10011011101111101|1100 0x3D93377DC
06 0011000|11111110|10100100000000110|0010 0x31FD48062
BX = 111 Event : 72
00 0011110|10101110|10101010111000100|1101 0x3D5D55C4D
01 0011111|11000011|10101100111111101|1100 0x3F8759FDC
02 0011010|11010011|10101100111010100|1110 0x35A759D4E
03 0011111|11011000|10101100101110011|1100 0x3FB15973C
04 0011110|11101110|10101100100111001|1110 0x3DDD5939E
05 0011001|11111000|10011100101110010|1100 0x33F13972C
06 1101000|10001011|10101111101110111|1000 0xD1175F778
07 1100011|11101000|10111101010110100|0100 0xC7D17AB44
BX = 000 Event : 73
00 0011111|10101110|10000011010101001|0011 0x3F5D06A93
01 0011001|10101010|10100110010001100|0011 0x33554C8C3
02 1100100|10100101|10101101111010110|1101 0xC94B5BD6D
03 1100100|10101010|10101110011101000|1000 0xC9555CE88
04 1100100|10101010|10101101111001100|1110 0xC9555BCCE
05 1100100|10111001|10101111000011111|1101 0xC9735E1FD
06 1100100|10111001|10101110010100001|1101 0xC9735CA1D
07 1100100|11001110|10101101011010110|0100 0xC99D5AD64
BX = 001 Event : 74
00 1100011|10111111|10110001110000010|0111 0xC77F63827
BX = 010 Event : 75
00 0011001|10100101|10000001000011011|0110 0x334B021B6
01 0011110|10101110|10000001100100101|0011 0x3D5D03253
02 0011010|10111001|10000010001000100|0110 0x357304446
03 0011110|11001001|10000010100101100|0010 0x3D93052C2
04 0011010|11010011|10000011011100000|0010 0x35A706E02
05 0011010|11111110|10000011011100000|0011 0x35FD06E03
06 0011101|10000101|10011110101101001|0011 0x3B0B3D693
07 0011101|10000101|10011110110100011|1010 0x3B0B3DA3A
08 0011110|10011111|10101000111010000|1110 0x3D3F51D0E
09 0011001|10100101|10100110011110111|1010 0x334B4CF7A
0a 0011001|10100101|10100110000001101|0001 0x334B4C0D1
0b 0011001|10101010|10100101101101101|0001 0x33554B6D1
0c 0011101|10110100|10100101010001011|0011 0x3B694A8B3
0d 0011101|10110100|10100101010110110|1000 0x3B694AB68
0e 0011110|11000011|10101100001110101|0011 0x3D8758753
0f 0011001|11111000|10101000011011001|1101 0x33F150D9D
BX = 011 Event : 76
00 1100111|10000101|10111010100110010|0000 0xCF0B75320
01 1100011|11101000|10111100100111010|0011 0xC7D1793A3
02 1100011|11101000|10111100100010100|0000 0xC7D179140
03 1100011|11101000|10111100011011000|1101 0xC7D178D8D
BX = 100 Event : 77
00 0011110|10011111|10101011110010110|1001 0x3D3F57969
01 0011010|10101010|10101011111110001|0010 0x355557F12
02 0011010|11001110|10101101000100100|1010 0x359D5A24A
03 0011110|11101110|10101010001110110|0011 0x3DDD54763
04 0011110|11101110|10101010010011011|1000 0x3DDD549B8
05 0011110|11101110|10101011000101110|0000 0x3DDD562E0
06 0011110|11101110|10101011001101000|1101 0x3DDD5668D
07 0011110|11110011|10101010011000110|0111 0x3DE754C67
08 0011110|11110011|10101010011110110|0010 0x3DE754F62
09 0011110|11110011|10101010101101010|1101 0x3DE7556AD
0a 0011110|11110011|10101011000111110|1001 0x3DE7563E9
0b 0011110|11110011|10101011001011110|1100 0x3DE7565EC
0c 0011010|11111110|10011010011011100|1001 0x35FD34DC9
0d 1100011|10111001|10110000111000111|1001 0xC77361C79
0e 1100011|10111001|10110000110011011|0100 0xC773619B4
0f 1100011|10111001|10110000001111110|1001 0xC773607E9
10 1100011|10111001|10101111111110000|1001 0xC7735FF09
11 1100011|11111000|10110101000001100|0001 0xC7F16A0C1
BX = 101 Event : 78
00 1100111|10110100|10111010011000101|0000 0xCF6974C50
01 1100111|10110100|10111100010010110|0010 0xCF6978962
02 1100011|10111111|10111101100010001|0101 0xC77F7B115
03 1100111|11000011|10111010000110001|0001 0xCF8774311
04 1101000|11000011|10111101110101000|1000 0xD1877BA88
05 1101000|11000011|10111111001111000|1000 0xD1877E788
06 1100111|11001001|10111010000111100|0010 0xCF93743C2
07 1101000|11001001|10111101100110101|1001 0xD1937B359
08 1100011|11100011|10110000010101010|1101 0xC7C760AAD
BX = 110 Event : 79
BX = 111 Event : 80
00 0011110|10000101|10000010110000000|0000 0x3D0B05800
01 0011111|10000101|10000010111111010|0100 0x3F0B05FA4
02 0011110|10001011|10000001000110001|0011 0x3D1702313
03 0011110|10001011|10000001110101110|0011 0x3D1703AE3
04 0011001|10010000|10000000100010010|1000 0x332101128
05 0011001|10010110|10000000100100010|0000 0x332D01220
06 0011110|11001001|10000000110010111|1101 0x3D930197D
07 0011101|10000101|10011101111110110|0000 0x3B0B3BF60
08 0011010|10010000|10011001011101110|0100 0x352132EE4
09 0011010|10010000|10011001010101111|1001 0x352132AF9
0a 0011110|10110100|10011010100000001|0110 0x3D6935016
0b 0011110|10110100|10011010101101011|1011 0x3D69356BB
0c 0011110|10110100|10011011010011111|0001 0x3D69369F1
0d 0011110|10110100|10011100000010010|0011 0x3D6938123
0e 0011110|10110100|10011100001000111|1001 0x3D6938479
0f 0011001|10111001|10011101111010101|0000 0x33733BD50
10 0011001|10111001|10011101110000000|1001 0x33733B809
11 0011001|10111001|10011101101011011|1000 0x33733B5B8
12 0011001|10111001|10011101100111011|0011 0x33733B3B3
13 0011001|10111001|10011100110100111|0011 0x337339A73
14 0011010|10111001|10011010000111000|0001 0x357334381
15 0011010|10111001|10011001111111000|0011 0x357333F83
16 0011010|10111001|10011001110100011|0010 0x357333A32
17 0011001|10111111|10011110011100100|0000 0x337F3CE40
18 0011001|10111111|10011101111111010|1000 0x337F3BFA8
19 0011010|10111111|10011001110101000|1000 0x357F33A88
1a 0011010|10111111|10011001010100100|0000 0x357F32A40
1b 0011110|11000011|10011001011110000|0110 0x3D8732F06
1c 0011101|11000011|10011110111101000|1101 0x3B873DE8D
1d 0011111|11001001|10011001000100111|0101 0x3F9332275
1e 0011001|11001110|10011111110100010|1010 0x339D3FA2A
1f 0011010|11001110|10011000100110110|0011 0x359D31363
20 0011001|11010011|10100000011010110|1011 0x33A740D6B
21 0011001|11010011|10011101101110110|1000 0x33A73B768
22 0011001|11010011|10011100100110010|0110 0x33A739326
23 0011010|11010011|10011000100110110|0010 0x35A731362
24 0011010|11010011|10011000011011100|1101 0x35A730DCD
25 0011001|11100011|10101000011111000|1110 0x33C750F8E
26 0011101|11101110|10100100100001101|0100 0x3BDD490D4
BX = 000 Event : 81
00 0011110|10000101|10101001011111001|1001 0x3D0B52F99
01 0011110|11011000|10101001101111000|1110 0x3DB15378E
02 1101000|11011000|10111111100100001|1001 0xD1B17F219
BX = 001 Event : 82
00 0011110|11011000|10000000110111100|0001 0x3DB101BC1
01 0011101|10001011|10100101010000001|1010 0x3B174A81A
02 0011101|10101110|10100011101001011|0000 0x3B5D474B0
03 0011101|10101110|10100011101110000|1010 0x3B5D4770A
04 0011000|11001110|10100010111100111|1001 0x319D45E79
05 0011110|11011110|10011011011000100|1001 0x3DBD36C49
06 0011101|11011110|10100011000111100|1000 0x3BBD463C8
07 0011101|11101110|10100000011111110|1100 0x3BDD40FEC
08 0011101|11101110|10100010011101110|1100 0x3BDD44EEC
09 1100011|10010000|10111101101110011|0101 0xC7217B735
0a 1100011|10111111|10111110001111111|1001 0xC77F7C7F9
0b 1100100|11001110|10101110111100011|0111 0xC99D5DE37
0c 1100100|11101000|10101101000011100|1011 0xC9D15A1CB
0d 1100111|11110011|10111011000101101|0100 0xCFE7762D4
BX = 010 Event : 83
00 0011001|10101010|10100111101111111|1001 0x33554F7F9
BX = 011 Event : 84
00 0011010|10010110|10000010000111001|1101 0x352D0439D
01 0011010|11010011|10000001100111010|1100 0x35A7033AC
02 0011110|11101110|10000010100100001|0010 0x3DDD05212
03 0011110|11110011|01111111111011010|1100 0x3DE6FFDAC
04 0011110|11110011|10000000010010100|0000 0x3DE700940
05 0011110|11110011|10101100000100101|0010 0x3DE758252
06 0011110|11110011|10101100010000101|1110 0x3DE75885E
07 0011110|11110011|10101100100000100|0010 0x3DE759042
08 0011110|11110011|10101100100110011|1001 0x3DE759339
09 0011110|11110011|10101100101010011|1100 0x3DE75953C
0a 0011010|11111000|10101011010101101|1101 0x35F156ADD
0b 1100011|11100011|10111001111001100|0000 0xC7C773CC0
0c 1101001|11110011|10101101101000101|0001 0xD3E75B451
0d 1101001|11110011|10101110000110101|0000 0xD3E75C350
0e 1101000|11110011|10101110100100101|0000 0xD1E75D250
0f 1101000|11110011|10101111010011101|0000 0xD1E75E9D0
BX = 100 Event : 85
00 0011010|10010110|10000011001100110|0011 0x352D06663
01 0011010|10010110|10000011000100001|1010 0x352D0621A
02 0011110|10011010|10000010101100001|0011 0x3D3505613
03 0011110|11011110|10000000010001110|1011 0x3DBD008EB
04 0011110|10110100|10011100011100000|1110 0x3D6938E0E
05 0011101|10110100|10011111001011101|0001 0x3B693E5D1
06 0011110|11001001|10011010001101101|0000 0x3D93346D0
07 0011110|11001001|10011010101010110|1110 0x3D933556E
08 0011101|11001001|10100101010101011|0110 0x3B934AAB6
09 0011001|11010011|10100000110100110|1101 0x33A741A6D
0a 0011111|11011110|10011000011101110|0000 0x3FBD30EE0
0b 1100011|10101010|10111000001110110|0111 0xC75570767
0c 1101000|10110100|10111101100101010|0010 0xD1697B2A2
0d 1100011|10111001|10111001110110110|1110 0xC77373B6E
0e 1100111|11011110|10110110010000100|1001 0xCFBD6C849
0f 1100011|11111000|10110100001001011|0100 0xC7F1684B4
BX = 101 Event : 86
00 0011001|10100101|10100111100101010|0000 0x334B4F2A0
01 0011000|10100101|10100011000110010|0011 0x314B46323
02 0011101|11001001|10100100101010010|0101 0x3B9349525
03 0011110|11011000|10011001110000100|0100 0x3DB133844
04 0011001|11100011|10101011001001000|1110 0x33C75648E
05 1101000|10011010|10111110110010011|1010 0xD1357D93A
06 1100011|10101010|10111100001101010|1001 0xC755786A9
07 1101000|10110100|10110010110001010|0101 0xD169658A5
08 1100011|10111001|10111011101001110|1000 0xC773774E8
09 1100011|11001110|10111010100101010|0000 0xC79D752A0
0a 1100011|11101000|10110000111100010|0010 0xC7D161E22
0b 1101001|11101110|10101101111101001|0011 0xD3DD5BE93
0c 1101000|11101110|10110001000000001|0001 0xD1DD62011
0d 1101000|11101110|10110010001000011|0001 0xD1DD64431
0e 1100111|11110011|10110011000101110|1000 0xCFE7662E8
BX = 110 Event : 87
BX = 111 Event : 88
00 0011101|10011010|10100000100110011|1001 0x3B3541339
01 1100011|10010110|10111000101110111|0101 0xC72D71775
02 1101000|11001001|10101111010000111|1100 0xD1935E87C
BX = 000 Event : 89
00 0011110|10000101|10000010011000111|0101 0x3D0B04C75
01 0011110|10000101|10000010100100110|1011 0x3D0B0526B
02 0011110|11110011|10000000111111100|1010 0x3DE701FCA
03 0011101|10001011|10100011010111011|1101 0x3B1746BBD
04 0011101|11101110|10100100011100011|0100 0x3BDD48E34
05 1100011|10010000|10110111111010010|0000 0xC7216FD20
06 1100011|10010000|10110000010001111|0100 0xC721608F4
07 1100011|10010110|10111110000010111|0010 0xC72D7C172
08 1100011|10010110|10110111110001011|1010 0xC72D6F8BA
09 1101000|10011010|10111110101000110|1010 0xD1357D46A
0a 1100111|10011111|10110111010110110|0011 0xCF3F6EB63
0b 1101000|10011111|10111110111000100|1101 0xD13F7DC4D
0c 1100011|10100101|10111111010111000|0010 0xC74B7EB82
0d 1100011|10100101|10110111001111001|1000 0xC74B6E798
0e 1100011|10101010|10111111011111111|0000 0xC7557EFF0
0f 1100011|10101010|10110111001001000|1001 0xC7556E489
10 1100111|10101110|10110110111010001|0110 0xCF5D6DD16
11 1101000|10101110|10111111011011010|1101 0xD15D7EDAD
12 1100111|10110100|10110110101111001|0100 0xCF696D794
13 1101000|10110100|10111111100110001|1100 0xD1697F31C
14 1100011|10111001|10111111101101101|1001 0xC7737F6D9
15 1100011|10111001|10110110100010101|1000 0xC7736D158
16 1100111|11000011|10110110010011111|0101 0xCF876C9F5
17 1100111|11000011|10110111110110111|0000 0xCF876FB70
18 1100111|11000011|10110111111010111|1010 0xCF876FD7A
19 1101000|11000011|11000000101100011|1100 0xD1878163C
1a 1100111|11001001|10110110010001001|0011 0xCF936C893
1b 1100011|11001110|10110101111100011|1000 0xC79D6BE38
1c 1100011|11010011|10110101101111011|0000 0xC7A76B7B0
1d 1100111|11011000|10110101011110101|0000 0xCFB16AF50
1e 1100111|11011000|10110101100100001|1011 0xCFB16B21B
1f 1100011|11101000|10111010101010110|0111 0xC7D175567
BX = 001 Event : 90
00 0011110|10110100|10101011000101110|0111 0x3D69562E7
01 0011010|10111001|10101100011100101|0001 0x357358E51
02 0011010|10111001|10101100011000110|1001 0x357358C69
03 0011001|10111001|10101001111000110|0010 0x337353C62
04 0011001|10111001|10101001110110000|0000 0x337353B00
05 0011001|10111001|10101001101111011|0000 0x3373537B0
06 0011001|10111001|10101001100000110|0011 0x337353063
07 0011001|10111001|10101000100010011|0100 0x337351134
08 0011001|10111001|10101000001110100|0011 0x337350743
09 1100100|10101010|10101111010101000|1010 0xC9555EA8A
0a 1100011|11101000|10111001011101100|1110 0xC7D172ECE
BX = 010 Event : 91
00 0011101|10001011|10100000110111000|1001 0x3B1741B89
01 0011110|10110100|10011011111001101|1010 0x3D6937CDA
02 0011101|10110100|10100111110100011|1100 0x3B694FA3C
03 1100011|10010110|10111011111000110|0011 0xC72D77C63
04 1101000|11101110|10111110100110110|1101 0xD1DD7D36D
05 1101000|11110011|10111101001000101|1010 0xD1E77A45A
06 1101000|11110011|10111101101010000|1100 0xD1E77B50C
07 1100011|11111000|10111001100111110|1010 0xC7F1733EA
08 1100011|11111000|10111000011111010|1000 0xC7F170FA8
BX = 011 Event : 92
00 0011101|10011010|10100000100110011|1001 0x3B3541339
01 1101000|11001001|10101111010000111|1100 0xD1935E87C
BX = 100 Event : 93
00 0011110|11000011|10101011010001101|0110 0x3D87568D6
01 0011110|11011000|10101000100010001|1101 0x3DB15111D
02 0011101|11011110|10100111110111110|0100 0x3BBD4FBE4
03 0011101|11011110|10101000000011000|1100 0x3BBD5018C
04 0011001|11100011|10100111110010100|0101 0x33C74F945
05 0011001|11101000|10100100010011010|1110 0x33D1489AE
BX = 101 Event : 94
00 0011010|10111001|10101100011100101|0001 0x357358E51
01 0011010|10111001|10101100011000110|1001 0x357358C69
02 0011001|10111001|10101001111000110|0010 0x337353C62
03 0011001|10111001|10101001110110000|0000 0x337353B00
04 0011001|10111001|10101001101111011|0000 0x3373537B0
05 0011001|10111001|10101001100000110|0011 0x337353063
06 0011001|10111001|10101000100010011|0100 0x337351134
07 0011001|10111001|10101000001110100|0011 0x337350743
08 0011010|11111000|10011001001110100|1001 0x35F132749
09 1100011|11111110|10111110001101111|1110 0xC7FD7C6FE
BX = 110 Event : 95
00 1100111|10000101|10111010100110010|0000 0xCF0B75320
01 1100011|11101000|10111100100010100|0000 0xC7D179140
02 1100011|11101000|10111100011011000|1101 0xC7D178D8D
03 1101000|11101110|10110010111010111|0001 0xD1DD65D71
BX = 111 Event : 96
00 0011110|11011110|10000010010100111|1101 0x3DBD04A7D
01 1100011|10010000|10111101101110011|0101 0xC7217B735
02 1100011|11001110|10110101001101001|0100 0xC79D6A694
03 1100111|11110011|10111011000101101|0100 0xCFE7762D4
04 1100011|11111110|10111011011100000|0011 0xC7FD76E03
BX = 000 Event : 97
00 0011010|10010110|10000011011101011|1101 0x352D06EBD
01 0011010|10101010|10000011000100001|1011 0x35550621B
02 0011010|10101010|10000001101100101|0011 0x355503653
03 0011001|10010110|10100000110011011|0010 0x332D419B2
04 1100111|10110100|10111010011000101|0000 0xCF6974C50
05 1100111|10110100|10111100010010110|0010 0xCF6978962
06 1100011|10111111|10111101100010001|0110 0xC77F7B116
07 1100111|11000011|10111010000110001|0001 0xCF8774311
08 1101000|11000011|10111101110101000|1001 0xD1877BA89
09 1101000|11000011|10111111001111000|1000 0xD1877E788
0a 1100111|11001001|10111010000111100|0010 0xCF93743C2
0b 1101000|11001001|10111101100110101|1001 0xD1937B359
BX = 001 Event : 98
00 0011001|11111000|10101011000100011|1110 0x33F15623E
01 0011001|11111110|10101010101101001|0000 0x33FD55690
02 0011001|11111110|10101010100101111|1101 0x33FD552FD
03 1101000|11011000|10101111001111101|0001 0xD1B15E7D1
04 1101000|11101110|10110001110111011|0000 0xD1DD63BB0
05 1100011|11111000|10110011111111111|0110 0xC7F167FF6
06 1100011|11111110|10111111000110101|1110 0xC7FD7E35E
BX = 010 Event : 99
00 0011110|10000101|10000010110000000|0000 0x3D0B05800
01 0011111|10000101|10000010111111010|0100 0x3F0B05FA4
02 0011110|10001011|10000001110101110|0011 0x3D1703AE3
03 0011001|10010000|10000000100010010|0000 0x332101120
04 0011110|11001001|10000000110011101|1101 0x3D93019DD
05 0011101|10000101|10011101111110110|0000 0x3B0B3BF60
06 0011010|10010000|10011010001110111|0101 0x352134775
07 0011010|10010000|10011001011101001|0100 0x352132E94
08 0011010|10010000|10011001010101111|1001 0x352132AF9
09 0011010|10101010|10011001101101110|0101 0x3555336E5
0a 0011110|10110100|10011010100000001|0110 0x3D6935016
0b 0011110|10110100|10011010101101011|1011 0x3D69356BB
0c 0011110|10110100|10011011010011111|0001 0x3D69369F1
0d 0011110|10110100|10011100000010010|0000 0x3D6938120
0e 0011110|10110100|10011100001000111|1001 0x3D6938479
0f 0011001|10111001|10011101111011011|0001 0x33733BDB1
10 0011001|10111001|10011101110000000|1001 0x33733B809
11 0011001|10111001|10011101101011011|1000 0x33733B5B8
12 0011001|10111001|10011101100111011|0011 0x33733B3B3
13 0011001|10111001|10011100110100111|0011 0x337339A73
14 0011010|10111001|10011010000111000|0001 0x357334381
15 0011010|10111001|10011001111111000|1100 0x357333F8C
16 0011010|10111001|10011001110100011|0010 0x357333A32
17 0011001|10111111|10011110011100100|0000 0x337F3CE40
18 0011001|10111111|10011101111111010|1000 0x337F3BFA8
19 0011010|10111111|10011001110101110|1000 0x357F33AE8
1a 0011010|10111111|10011001010100100|0000 0x357F32A40
1b 0011110|11000011|10011001011110000|0110 0x3D8732F06
1c 0011101|11000011|10011110111101000|1101 0x3B873DE8D
1d 0011111|11001001|10011001000100111|0101 0x3F9332275
1e 0011001|11001110|10011111110100010|1010 0x339D3FA2A
1f 0011010|11001110|10011000100110110|0011 0x359D31363
20 0011001|11010011|10100000011010110|1011 0x33A740D6B
21 0011001|11010011|10011101101110110|1000 0x33A73B768
22 0011001|11010011|10011100100110010|0110 0x33A739326
23 0011010|11010011|10011000100111011|0011 0x35A7313B3
24 0011010|11010011|10011000011010110|1110 0x35A730D6E
25 0011001|11100011|10101000011111000|1110 0x33C750F8E
BX = 011 Event : 100
00 0011110|10011111|10101001001100100|1101 0x3D3F5264D
01 0011111|10110100|10101100110001000|0101 0x3F6959885
02 1100111|10000101|10110110110011111|1001 0xCF0B6D9F9
03 1101000|10001011|10111101110001100|0011 0xD1177B8C3
04 1100011|10010110|10111101110101010|1000 0xC72D7BAA8
05 1100011|10010110|10110111100001101|0001 0xC72D6F0D1
06 1100111|10011111|10110111100000010|1000 0xCF3F6F028
07 1101000|10011111|10111101111100100|0101 0xD13F7BE45
08 1100011|10100101|10111101111010110|0011 0xC74B7BD63
09 1100011|10101010|10110111111110011|0011 0xC7556FF33
0a 1100100|10101010|10101110101010101|0100 0xC9555D554
0b 1100111|10110100|10111000001001111|1001 0xCF69704F9
0c 1100011|10111001|10111110010111011|0101 0xC7737CBB5
