BX = 000 Event : 1
00 011001011001|0100011|00010001000011|010 0x65946221A
01 011000100111|0100011|00010010010001|100 0x62746248C
02 011001001110|0010001|00110101110101|000 0x64E226BA8
03 011100111111|0100011|00010001100000|101 0x73F462305
04 011100111010|0100011|00010001100001|101 0x73A46230D
05 011111100011|1011100|00000101101110|011 0x7E3B80B73
06 100000111001|1101110|00101000001001|101 0x839DC504D
07 100000001100|1101110|00111011000001|010 0x80CDC760A
BX = 001 Event : 2
00 011001110110|0100011|00000011110001|110 0x67646078E
01 011001111000|0100011|00101010001011|110 0x67846545E
02 011100000000|1011100|00010001001001|001 0x700B82249
03 011011111110|1101110|00110000101100|001 0x6FEDC6161
04 011010110011|1101110|00101110100000|110 0x6B3DC5D06
05 011101110010|0100011|00010110100100|100 0x772462D24
06 011101100010|0010001|00110100001000|100 0x762226844
07 100001010000|1101110|00110000000001|010 0x850DC600A
08 011111100111|1101110|00101111110101|100 0x7E7DC5FAC
BX = 010 Event : 3
00 011001010001|0100011|00011110100100|101 0x651463D25
01 011100101001|1011100|00010100100111|000 0x729B82938
02 011101101100|0010001|00110110011101|011 0x76C226CEB
03 100000101110|1011100|00010011011010|100 0x82EB826D4
04 100001000010|1101110|00110111101010|100 0x842DC6F54
BX = 011 Event : 4
00 011010011100|0010001|00110000000001|100 0x69C22600C
01 011011111010|1101110|00101101101000|011 0x6FADC5B43
02 011101011110|0010001|00101101010101|110 0x75E225AAE
03 011111101100|1011100|00010000111000|100 0x7ECB821C4
BX = 100 Event : 5
00 011001000001|0010001|00110000100100|110 0x641226126
01 011100001000|1011100|00011111100110|010 0x708B83F32
02 011100001000|1011100|00011110101100|100 0x708B83D64
03 011011000001|1011100|00000111101110|101 0x6C1B80F75
04 011110000001|0100011|00010101010011|001 0x781462A99
05 100000011001|1101110|00110011111011|000 0x819DC67D8
06 100000001011|1101110|00110101100111|100 0x80BDC6B3C
BX = 101 Event : 6
00 011010001000|0100011|00001010100100|001 0x688461521
01 011001010100|0100011|00010001001101|010 0x65446226A
02 011000111110|0100011|00100011010011|100 0x63E46469C
03 011000001111|0010001|00111110011110|000 0x60F227CF0
04 011100110110|1011100|00100001110101|011 0x736B843AB
05 011011110011|1011100|00000110111100|101 0x6F3B80DE5
06 011011001110|1011100|00010100010111|110 0x6CEB828BE
07 011010111101|1011100|00011110110001|011 0x6BDB83D8B
08 011010111101|1011100|00101000110001|000 0x6BDB85188
09 011010111000|1011100|00011110110011|011 0x6B8B83D9B
0a 011010101011|1011100|00010100000111|011 0x6ABB8283B
0b 011010100111|1011100|00001011101001|010 0x6A7B8174A
0c 011100011100|1101110|00110000101010|000 0x71CDC6150
0d 011101001001|0100011|00001110111001|011 0x749461DCB
0e 011100111010|0100011|00100001110100|101 0x73A4643A5
0f 011100111100|0010001|00100001101100|000 0x73C224360
10 100001010110|1011100|00010010000000|110 0x856B82406
11 100001010001|1011100|00010010000001|110 0x851B8240E
12 100001001100|1011100|00010001111100|100 0x84CB823E4
BX = 110 Event : 7
00 011011001100|1011100|00000011100110|101 0x6CCB80735
01 011010110101|1101110|00111110100010|001 0x6B5DC7D11
02 011101111011|0010001|00100101100100|010 0x77B224B22
03 011101110110|0010001|00100101100111|000 0x776224B38
BX = 111 Event : 8
00 011001011010|0100011|00101001010111|010 0x65A4652BA
01 011001010000|0100011|00011010111110|100 0x6504635F4
02 011000101101|0100011|00001110010101|101 0x62D461CAD
03 011100001110|1011100|00100010011101|011 0x70EB844EB
04 011100110101|0010001|00111000111000|010 0x7352271C2
05 100001010110|1101110|00101001111110|011 0x856DC53F3
BX = 000 Event : 9
00 011000010101|0100011|00101011010101|001 0x6154656A9
01 011000010101|0100011|00101011101001|100 0x61546574C
02 011001001100|0010001|00101110110001|010 0x64C225D8A
03 011100000101|1011100|00100100001010|101 0x705B84855
04 011100000001|1011100|00010111111001|100 0x701B82FCC
05 011011111100|1011100|00011000000000|110 0x6FCB83006
06 011100101110|1101110|00110110100000|111 0x72EDC6D07
07 011100010101|1101110|00110110011111|101 0x715DC6CFD
08 011100010101|1101110|00110110101001|001 0x715DC6D49
09 011100010010|0010001|00100011101100|000 0x712224760
0a 011111000100|1011100|00001001111100|100 0x7C4B813E4
BX = 001 Event : 10
00 011001011001|0100011|00000001011011|001 0x6594602D9
01 011001010100|0100011|00000001011100|010 0x6544602E2
02 011010101011|1101110|00101011101100|111 0x6ABDC5767
03 011110001011|0100011|00010100100110|101 0x78B462935
04 011111010100|1101110|00111000110101|011 0x7D4DC71AB
BX = 010 Event : 11
00 011001110100|0100011|00001000011110|110 0x6744610F6
01 011001101000|0100011|00010100001100|110 0x668462866
02 011010101001|1101110|00110000100010|101 0x6A9DC6115
03 011101110010|0010001|00101110010000|011 0x772225C83
04 011100111111|0010001|00110011111011|110 0x73F2267DE
05 011101000101|0010001|00100010001110|101 0x745224475
06 011111101110|1101110|00111011011101|101 0x7EEDC76ED
BX = 011 Event : 12
00 011001111000|0100011|00001011010110|000 0x6784616B0
01 011001110011|0100011|00001011011011|010 0x6734616DA
02 011001001111|0100011|00010000101010|110 0x64F462156
03 100001011000|1011100|00011001001111|100 0x858B8327C
04 100000010010|1011100|00011001101001|100 0x812B8334C
05 100000100111|1101110|00100010110101|110 0x827DC45AE
BX = 100 Event : 13
00 011100000000|1011100|00100011010001|000 0x700B84688
01 011011111011|1011100|00100011011001|101 0x6FBB846CD
02 011010110001|1011100|00011001101110|011 0x6B1B83373
03 011100110011|0010001|00101001010010|000 0x733225290
04 011111010100|1011100|00010010001000|010 0x7D4B82442
BX = 101 Event : 14
00 011010001001|0100011|00100010010110|100 0x6894644B4
01 011100011110|1011100|00010010101001|010 0x71EB8254A
02 011100010010|1011100|00011110000111|001 0x712B83C39
03 011011110110|1011100|00100100000001|011 0x6F6B8480B
04 011010101010|1011100|00100001100000|101 0x6AAB84305
05 011110111110|1011100|00011100110000|101 0x7BEB83985
06 011111010100|1101110|00101011000010|100 0x7D4DC5614
BX = 110 Event : 15
00 011001001011|0100011|00011001100000|010 0x64B463302
01 011000101111|0100011|00000101111111|010 0x62F460BFA
02 011001010110|0010001|00101111010111|100 0x656225EBC
03 011100000001|1011100|00011000000010|110 0x701B83016
04 011011111011|1011100|00010001001100|011 0x6FBB82263
05 011100111010|0100011|00100001100110|001 0x73A464331
06 011100110101|0100011|00100001101000|000 0x735464340
BX = 111 Event : 16
00 011011001111|1011100|00001100101011|001 0x6CFB81959
01 011011001111|1011100|00100110101110|010 0x6CFB84D72
02 011011001010|1011100|00001010100100|001 0x6CAB81521
03 011100101101|1101110|00101100100100|011 0x72DDC5923
BX = 000 Event : 17
00 011001111001|0100011|00101011000111|010 0x67946563A
01 011001101001|0100011|00001101001000|001 0x669461A41
02 011001110000|0010001|00101101011111|110 0x670225AFE
03 011100001100|1011100|00000101111101|101 0x70CB80BED
04 011011001100|1011100|00000010101000|001 0x6CCB80541
05 011011000001|1101110|00110001001000|010 0x6C1DC6242
06 011110100101|0100011|00100100001001|110 0x7A546484E
07 011101110110|0100011|00001111101110|110 0x776461F76
08 011101110010|0100011|00010101101010|110 0x772462B56
09 011100001101|0100011|00001111101000|101 0x70D461F45
0a 011100011100|0010001|00111010100100|000 0x71C227520
0b 100000011100|1011100|00011011010101|001 0x81CB836A9
BX = 001 Event : 18
00 011000110110|0100011|00010111111111|101 0x636462FFD
01 011001011100|0010001|00101101100100|000 0x65C225B20
02 011100010000|1011100|00001001110010|100 0x710B81394
03 011010110001|1011100|00010110100001|001 0x6B1B82D09
04 011101111101|0100011|00000010110010|000 0x77D460590
05 011111100110|1101110|00100011001011|011 0x7E6DC465B
BX = 010 Event : 19
00 011000011110|0100011|00011011000101|010 0x61E46362A
01 011001111110|0010001|00101110111001|100 0x67E225DCC
02 011001111001|0010001|00101110101110|001 0x679225D71
03 011100100011|1011100|00001111100011|110 0x723B81F1E
04 011010100001|1011100|00010011101011|011 0x6A1B8275B
05 011100011111|1101110|00111001100000|001 0x71FDC7301
06 011101100011|0100011|00000101101000|010 0x763460B42
07 011100010010|0010001|00111000101110|011 0x712227173
BX = 011 Event : 20
00 011000011110|0010001|00111101110110|100 0x61E227BB4
01 011100010000|1011100|00001001101001|110 0x710B8134E
02 011011011011|1011100|00100000100011|001 0x6DBB84119
03 011011010110|1011100|00100000100110|001 0x6D6B84131
04 011010101011|1101110|00111011101001|110 0x6ABDC774E
05 100000111010|1011100|00000000100111|101 0x83AB8013D
BX = 100 Event : 21
00 011010000110|0100011|00010001011100|010 0x6864622E2
01 011001101001|0100011|00001011100011|101 0x66946171D
02 011000100011|0100011|00011010101000|110 0x623463546
03 011010000010|0010001|00110001000010|101 0x682226215
04 011011111010|1011100|00000000100101|011 0x6FAB8012B
05 011011010011|1011100|00010010000100|100 0x6D3B82424
06 011010100110|1011100|00010101101100|010 0x6A6B82B62
07 011010100001|1011100|00010101101101|010 0x6A1B82B6A
08 011100100001|0100011|00010000000110|010 0x721462032
09 011101010101|0010001|00101010100110|101 0x755225535
0a 011111010000|1011100|00010111111011|110 0x7D0B82FDE
BX = 101 Event : 22
00 011001010010|0100011|00100010001000|100 0x652464444
01 011000001001|0100011|00010101000101|101 0x609462A2D
02 010111111111|0100011|00010000100001|101 0x5FF46210D
03 011001011100|0010001|00110110100111|001 0x65C226D39
04 011100000110|1011100|00001011001100|011 0x706B81663
05 011011111101|1011100|00011101010100|100 0x6FDB83AA4
06 011100011000|1101110|00101110101000|001 0x718DC5D41
07 011011100011|1101110|00101001100000|011 0x6E3DC5303
08 011011001010|1101110|00110111011010|000 0x6CADC6ED0
09 011011000001|1101110|00110000111000|110 0x6C1DC61C6
0a 011110000000|0100011|00001101011110|110 0x780461AF6
0b 100001001010|1011100|00011100001110|100 0x84AB83874
0c 100000110010|1011100|00011110100111|001 0x832B83D39
0d 011111000101|1101110|00111000110111|010 0x7C5DC71BA
BX = 110 Event : 23
00 011000101011|0100011|00100110111110|101 0x62B464DF5
01 011100101111|1011100|00000110101000|101 0x72FB80D45
02 011010110100|1011100|00100010100100|011 0x6B4B84523
03 011010100111|1011100|00100101100011|011 0x6A7B84B1B
04 011011001110|1101110|00101010001110|011 0x6CEDC5473
05 011110100111|0010001|00100111101100|010 0x7A7224F62
06 100000111110|1011100|00011000110001|011 0x83EB8318B
07 011111000001|1101110|00111101100001|101 0x7C1DC7B0D
BX = 111 Event : 24
00 011001100110|0100011|00100011001011|110 0x66646465E
01 011000101011|0100011|00100110100010|110 0x62B464D16
02 011011111011|1011100|00100100100111|010 0x6FBB8493A
03 011010111100|1011100|00000111001101|000 0x6BCB80E68
04 011100001001|1101110|00101101001101|011 0x709DC5A6B
05 011110011011|0100011|00000011100011|001 0x79B460719
06 011100100001|0100011|00010001001001|010 0x72146224A
07 011110100011|0010001|00110100010110|100 0x7A32268B4
08 011100101101|0010001|00101100110010|010 0x72D225992
09 011111010011|1011100|00001010010100|010 0x7D3B814A2
BX = 000 Event : 25
00 011000111000|0010001|00101110010100|001 0x638225CA1
01 011000110011|0010001|00101110010001|001 0x633225C89
02 011000001011|0010001|00111001011001|101 0x60B2272CD
03 011011001010|1011100|00001010001100|001 0x6CAB81461
04 011111101000|1101110|00011110100100|010 0x7E8DC3D22
BX = 001 Event : 26
00 011000001010|0100011|00001100100011|100 0x60A46191C
01 011011000110|1101110|00110001100010|001 0x6C6DC6311
02 011101101010|0100011|00011101111100|100 0x76A463BE4
03 011100101111|0100011|00011111001101|100 0x72F463E6C
04 100001000010|1011100|00001001100000|110 0x842B81306
05 100000110011|1011100|00100000000110|001 0x833B84031
06 011111110110|1011100|00011110110100|001 0x7F6B83DA1
07 100000101000|1101110|00011111111100|001 0x828DC3FE1
BX = 010 Event : 27
00 011010000110|0100011|00010010101100|101 0x686462565
01 011001111100|0100011|00010101010010|100 0x67C462A94
02 011001010101|0100011|00001010110101|101 0x6554615AD
03 011001010000|0100011|00001010110001|101 0x65046158D
04 011001011010|0010001|00111110100100|010 0x65A227D22
05 011010100110|1011100|00010001110101|101 0x6A6B823AD
06 011011011010|1101110|00110001011101|001 0x6DADC62E9
07 011010111010|1101110|00111001100100|000 0x6BADC7320
08 011101001011|0010001|00101100110111|000 0x74B2259B8
09 100000101001|1011100|00001000000101|001 0x829B81029
BX = 011 Event : 28
00 011010000011|0100011|00100000000001|101 0x68346400D
01 011001011010|0100011|00101001010100|000 0x65A4652A0
02 011001010101|0100011|00101001100010|101 0x655465315
03 011100010000|1011100|00100101100101|111 0x710B84B2F
04 011011111111|1011100|00000001101100|100 0x6FFB80364
05 011010111100|1011100|00011101100100|001 0x6BCB83B21
06 011010100100|1011100|00011110101101|101 0x6A4B83D6D
07 011100101111|1101110|00110010100101|011 0x72FDC652B
08 011101111101|0100011|00000101001110|011 0x77D460A73
09 011111101000|1011100|00010101111000|100 0x7E8B82BC4
0a 011111101101|1101110|00110101101110|011 0x7EDDC6B73
0b 011111001110|1101110|00101101011011|001 0x7CEDC5AD9
0c 011111001001|1101110|00101101011011|001 0x7C9DC5AD9
BX = 100 Event : 29
00 011010011011|0100011|00101001000100|010 0x69B465222
01 011001101101|0100011|00010100100000|101 0x66D462905
02 011001101000|0100011|00010110001001|000 0x668462C48
03 011100100100|1011100|00011000001100|010 0x724B83062
04 011010101001|1011100|00101000111101|100 0x6A9B851EC
05 100000011110|1011100|00001101010000|110 0x81EB81A86
BX = 101 Event : 30
00 011000110011|0100011|00101011100001|101 0x63346570D
01 011100010100|1011100|00001111101000|010 0x714B81F42
02 011011010010|1011100|00100010010110|110 0x6D2B844B6
03 011100111011|0010001|00101111111010|001 0x73B225FD1
04 100000110000|1101110|00100101110101|110 0x830DC4BAE
05 011111101010|1101110|00100011101110|010 0x7EADC4772
BX = 110 Event : 31
00 011010001011|0100011|00010010111001|100 0x68B4625CC
01 011100111001|1011100|00000110010100|110 0x739B80CA6
02 011011101000|1011100|00010101100010|000 0x6E8B82B10
03 011010101011|1011100|00010010011100|100 0x6ABB824E4
04 011011101011|1101110|00101101011011|100 0x6EBDC5ADC
05 011011100110|1101110|00101101011000|100 0x6E6DC5AC4
06 011101100000|0010001|00101000001011|100 0x76022505C
07 100000010110|1011100|00000100101111|010 0x816B8097A
08 011111010011|1011100|00001100110100|110 0x7D3B819A6
09 100000000110|1101110|00101010011001|001 0x806DC54C9
0a 011111110011|1101110|00111010111001|001 0x7F3DC75C9
BX = 111 Event : 32
00 011000110100|0100011|00100011111100|000 0x6344647E0
01 011100000110|1011100|00001110010111|100 0x706B81CBC
02 011011001110|1011100|00010100000000|101 0x6CEB82805
03 011010111001|1011100|00000001100011|111 0x6B9B8031F
04 011010100001|1011100|00010010100011|000 0x6A1B82518
05 011011100001|1101110|00101101111101|110 0x6E1DC5BEE
06 011011001011|1101110|00100111100111|110 0x6CBDC4F3E
07 011101001001|0100011|00001110010110|001 0x749461CB1
08 100000111110|1011100|00000100000011|100 0x83EB8081C
BX = 000 Event : 33
00 011010000010|0100011|00101010000100|000 0x682465420
01 011011000000|1011100|00010110001111|101 0x6C0B82C7D
02 011110011000|0100011|00011111000100|000 0x798463E20
03 100000010001|1101110|00100111001000|110 0x811DC4E46
04 100000001100|1101110|00100111000110|110 0x80CDC4E36
BX = 001 Event : 34
00 011001110100|0100011|00001001100001|101 0x67446130D
01 011000001110|0100011|00010100111010|010 0x60E4629D2
02 011000001001|0100011|00010100110110|001 0x6094629B1
03 011000000010|0100011|00100100001101|101 0x60246486D
04 011001100000|0010001|00101111101100|000 0x660225F60
05 011100011001|1011100|00000000000100|011 0x719B80023
06 011100111111|0100011|00010011001100|110 0x73F462666
07 011111001011|1011100|00011000011000|010 0x7CBB830C2
08 100001000010|1101110|00011110111001|110 0x842DC3DCE
09 011111111001|1101110|00100100110010|001 0x7F9DC4991
BX = 010 Event : 35
00 011000001010|0100011|00101001100111|000 0x60A465338
01 011100011011|1011100|00011101011010|100 0x71BB83AD4
02 011100111110|1101110|00100111110110|110 0x73EDC4FB6
03 011100010001|1101110|00110011111011|000 0x711DC67D8
04 011011000011|1101110|00101100000011|010 0x6C3DC581A
05 011100111111|0010001|00110101111010|001 0x73F226BD1
06 011100100001|0010001|00100011101110|011 0x721224773
07 011111111101|1101110|00111101001000|010 0x7FDDC7A42
BX = 011 Event : 36
00 011000011000|0100011|00011000010010|001 0x618463091
01 010111111010|0100011|00011000010111|001 0x5FA4630B9
02 010111111010|0100011|00011000101011|000 0x5FA463158
03 011111110110|1101110|00110010000011|011 0x7F6DC641B
04 011111010110|1101110|00111111100000|000 0x7D6DC7F00
BX = 100 Event : 37
00 011001101000|0100011|00000001011010|110 0x6684602D6
01 011000101110|0100011|00100001101111|000 0x62E464378
02 011000001110|0100011|00001110111001|000 0x60E461DC8
03 011010100101|1011100|00000000011001|011 0x6A5B800CB
04 011100100010|0100011|00000111010001|010 0x722460E8A
05 011100011101|0100011|00000111001101|001 0x71D460E69
06 011110011010|0010001|00111110111010|100 0x79A227DD4
BX = 101 Event : 38
00 011001101100|0100011|00100100001111|110 0x66C46487E
01 011001000001|0010001|00111110001110|001 0x641227C71
02 011000111100|0010001|00111110001010|010 0x63C227C52
03 011010111011|1101110|00110111100000|001 0x6BBDC6F01
04 011101101010|0100011|00000010010101|010 0x76A4604AA
05 011101000111|0100011|00000001010000|001 0x747460281
06 011101000011|0100011|00011110111101|010 0x743463DEA
07 100000110010|1011100|00001110100000|010 0x832B81D02
08 011111011011|1011100|00000000010000|010 0x7DBB80082
BX = 110 Event : 39
00 010111111100|0100011|00011111010011|010 0x5FC463E9A
01 011100011110|1011100|00010010010111|001 0x71EB824B9
02 011011000100|1101110|00111100000101|110 0x6C4DC782E
03 011100011100|0100011|00001111000101|000 0x71C461E28
BX = 111 Event : 40
00 011001111001|0100011|00000111100001|101 0x679460F0D
01 011001110101|0100011|00000101100011|001 0x675460B19
02 011000001110|0100011|00000000011111|101 0x60E4600FD
03 011100001000|1011100|00000100010111|100 0x708B808BC
04 011100000001|1101110|00110101000110|010 0x701DC6A32
05 011011100111|1101110|00111101000010|010 0x6E7DC7A12
06 011010101011|1101110|00111010111011|110 0x6ABDC75DE
07 011110101100|0100011|00011111011000|010 0x7AC463EC2
08 011101010100|0010001|00100011101000|000 0x754224740
09 011100100110|0010001|00111010001010|010 0x726227452
BX = 000 Event : 41
00 011000001100|0100011|00100100011100|110 0x60C4648E6
01 010111111011|0010001|00111011010110|001 0x5FB2276B1
02 011100101011|1011100|00000100011011|100 0x72BB808DC
03 011100100110|1011100|00011111000101|000 0x726B83E28
04 011100000001|1011100|00011010000111|110 0x701B8343E
05 011011110010|1011100|00001011000001|010 0x6F2B8160A
06 011101100011|0100011|00001001110010|000 0x763461390
07 011101011110|0100011|00001001101011|101 0x75E46135D
08 011101011011|0100011|00011100100100|110 0x75B463926
BX = 001 Event : 42
00 011001111000|0100011|00011010100011|110 0x67846351E
01 011001100110|0100011|00000101010000|010 0x666460A82
02 011001000111|0100011|00001000100100|010 0x647461122
03 011000011000|0100011|00010101100100|010 0x618462B22
04 011000001010|0010001|00111101111110|010 0x60A227BF2
05 011100010100|1011100|00100100011110|011 0x714B848F3
06 011011010011|1011100|00100100111010|010 0x6D3B849D2
07 011010111100|1011100|00000110110011|000 0x6BCB80D98
08 011010101100|1011100|00011000111001|110 0x6ACB831CE
09 011011001011|1101110|00100111001001|100 0x6CBDC4E4C
0a 011011000010|1101110|00101111101111|100 0x6C2DC5F7C
0b 011011000010|1101110|00110000000010|001 0x6C2DC6011
0c 011100010111|0100011|00010001001000|110 0x717462246
0d 011110000001|0010001|00101110101011|011 0x781225D5B
0e 011100110111|0010001|00100000101110|101 0x737224175
BX = 010 Event : 43
00 011011100111|1011100|00010000101001|011 0x6E7B8214B
01 011010110101|1011100|00010000111001|110 0x6B5B821CE
02 011010100111|1011100|00010111101110|111 0x6A7B82F77
03 011110011011|0100011|00000011000111|010 0x79B46063A
04 011101111011|0100011|00010011010101|010 0x77B4626AA
BX = 011 Event : 44
00 011001110101|0100011|00000101110011|110 0x675460B9E
01 011001101110|0100011|00001111010000|010 0x66E461E82
02 011001101011|0100011|00000101111000|000 0x66B460BC0
03 011010001110|0010001|00101101011010|000 0x68E225AD0
04 011100111110|1011100|00100111010001|001 0x73EB84E89
05 011100101111|1011100|00100111001010|010 0x72FB84E52
06 011100101010|0100011|00011111011111|010 0x72A463EFA
07 011111011001|1011100|00001000100101|001 0x7D9B81129
08 100000000100|1101110|00100010100101|110 0x804DC452E
BX = 100 Event : 45
00 011001110011|0100011|00011011001001|100 0x67346364C
01 011001101110|0100011|00011011010011|001 0x66E463699
02 011010110110|1011100|00010111100111|110 0x6B6B82F3E
03 011010110101|1101110|00101010011000|011 0x6B5DC54C3
BX = 101 Event : 46
00 011001000010|0100011|00100001001110|001 0x642464271
01 011000010111|0100011|00100101101101|000 0x617464B68
02 011000001110|0100011|00001111000011|100 0x60E461E1C
BX = 110 Event : 47
00 011000111011|0100011|00010111010110|100 0x63B462EB4
01 011000001100|0100011|00101101001111|101 0x60C465A7D
02 011000010110|0010001|00101101000001|101 0x616225A0D
03 011010101100|1011100|00001011001011|100 0x6ACB8165C
04 011101010000|0100011|00011010010100|011 0x7504634A3
05 011101000110|0100011|00011010000110|110 0x746463436
06 011110001011|0010001|00111100100000|101 0x78B227905
BX = 111 Event : 48
00 011010000100|0100011|00000101110010|010 0x684460B92
01 011000000111|0010001|00101011111000|101 0x6072257C5
02 011000000111|0010001|00101011110001|000 0x607225788
03 011100001010|1011100|00010000100001|110 0x70AB8210E
04 011010100011|1011100|00000111000011|010 0x6A3B80E1A
05 011010111111|1101110|00101010111001|100 0x6BFDC55CC
06 011110000111|0100011|00011011010011|110 0x78746369E
07 011101110001|0100011|00001110110100|101 0x771461DA5
08 011101011101|0100011|00001110110010|110 0x75D461D96
09 100000000010|1011100|00000010111000|011 0x802B805C3
0a 011111011100|1011100|00011100110001|001 0x7DCB83989
0b 100000010000|1101110|00110101111001|001 0x810DC6BC9
BX = 000 Event : 49
00 011000100011|0100011|00011010000001|001 0x623463409
01 011100010001|1011100|00100111011110|100 0x711B84EF4
02 011010110111|1011100|00101000100101|001 0x6B7B85129
03 011010110111|1011100|00100111110010|110 0x6B7B84F96
04 011100111101|1101110|00101001011000|111 0x73DDC52C7
05 011100000111|1101110|00100111100110|101 0x707DC4F35
06 011010110001|1101110|00101000011011|000 0x6B1DC50D8
07 011010101100|1101110|00101000000011|101 0x6ACDC501D
08 011110011111|0010001|00111110010010|010 0x79F227C92
09 100000001011|1011100|00000111010101|101 0x80BB80EAD
0a 011111001001|1011100|00001010010011|101 0x7C9B8149D
0b 011111111111|1101110|00100010111000|000 0x7FFDC45C0
0c 011111001000|1101110|00100001010110|010 0x7C8DC42B2
BX = 001 Event : 50
00 011010000001|0100011|00010100000100|001 0x681462821
01 011001010000|0100011|00011100000101|001 0x650463829
02 011001000001|0100011|00011011111101|101 0x6414637ED
03 011000111000|0100011|00100001100110|001 0x638464331
04 011100101111|1011100|00000111010101|010 0x72FB80EAA
05 011100011010|1011100|00001101110100|001 0x71AB81BA1
06 011100001110|1011100|00000010011000|010 0x70EB804C2
07 011100110111|1101110|00111101100101|010 0x737DC7B2A
08 011100000101|1101110|00111101010100|011 0x705DC7AA3
09 011011011110|1101110|00111001101100|101 0x6DEDC7365
0a 011110010100|0010001|00110111101000|110 0x794226F46
0b 011110000110|0010001|00110000110001|011 0x78622618B
0c 011101100111|0010001|00111000100000|110 0x767227106
0d 011100100111|0010001|00111101000011|011 0x727227A1B
0e 100001000000|1011100|00011100000010|101 0x840B83815
BX = 010 Event : 51
00 011010001100|0010001|00110000011100|010 0x68C2260E2
01 011100001001|1011100|00000000100001|010 0x709B8010A
02 011011110111|1011100|00001010110010|001 0x6F7B81591
03 011011110000|1011100|00000001011101|001 0x6F0B802E9
04 011110010001|0010001|00101011011010|010 0x7912256D2
05 100001001110|1011100|00000001110011|100 0x84EB8039C
06 100000011101|1101110|00100010110011|110 0x81DDC459E
BX = 011 Event : 52
00 011100000001|1011100|00010111111100|011 0x701B82FE3
01 011100000000|1011100|00010010010001|011 0x700B8248B
02 100000110101|1101110|00111110101101|100 0x835DC7D6C
03 011111010101|1101110|00100101101110|110 0x7D5DC4B76
BX = 100 Event : 53
00 011100011110|1011100|00010000011100|110 0x71EB820E6
01 011011101010|1011100|00011110011000|101 0x6EAB83CC5
02 011110011000|0010001|00100111011111|101 0x798224EFD
03 011100101100|0010001|00110000101100|000 0x72C226160
04 011111110010|1011100|00000101100100|000 0x7F2B80B20
BX = 101 Event : 54
00 011100100100|1011100|00011000111101|010 0x724B831EA
01 011100011010|1011100|00100110001011|100 0x71AB84C5C
02 011011010001|1011100|00000010111010|011 0x6D1B805D3
03 100001010000|1101110|00110001100000|011 0x850DC6303
BX = 110 Event : 55
00 011010000011|0010001|00101110111011|110 0x683225DDE
01 011001111110|0010001|00101110110110|110 0x67E225DB6
02 011000000101|0010001|00111011100101|001 0x605227729
03 011100111000|1011100|00001001001101|001 0x738B81269
04 011100101110|1011100|00001001001100|000 0x72EB81260
05 011100100001|1011100|00011111110010|111 0x721B83F97
06 011100010101|1011100|00001010100100|010 0x715B81522
07 011110001010|0100011|00010000000101|011 0x78A46202B
08 011100011000|0100011|00001000100100|001 0x718461121
09 011111011000|1011100|00010001100110|100 0x7D8B82334
BX = 111 Event : 56
00 011100111000|1011100|00010101011101|100 0x738B82AEC
01 011011100111|1011100|00100100101101|110 0x6E7B8496E
02 011011001001|1011100|00010100101111|010 0x6C9B8297A
03 011010101011|1011100|00001101110101|010 0x6ABB81BAA
04 011100011000|0100011|00010101111111|000 0x718462BF8
05 011100110101|0010001|00111011011101|110 0x7352276EE
BX = 000 Event : 57
00 011001101001|0100011|00011100001111|001 0x669463879
01 011001100110|0100011|00000101101011|010 0x666460B5A
02 011001001011|0010001|00101111111100|110 0x64B225FE6
03 011001001011|0010001|00101111110010|000 0x64B225F90
04 011001000110|0010001|00101111101001|010 0x646225F4A
05 011000010101|0010001|00111000111110|100 0x6152271F4
06 011011110101|1011100|00000001010001|001 0x6F5B80289
07 011011001101|1011100|00100010110001|001 0x6CDB84589
08 011011001010|1011100|00001011110100|011 0x6CAB817A3
09 011100011110|1101110|00111011100000|110 0x71EDC7706
0a 011100001101|0010001|00111100001110|001 0x70D227871
0b 011110111011|1011100|00000110110111|101 0x7BBB80DBD
0c 011111110000|1101110|00100010110100|100 0x7F0DC45A4
BX = 001 Event : 58
00 011010010101|0100011|00010010101000|010 0x695462542
01 011000001001|0100011|00001110110010|110 0x609461D96
02 011001111010|0010001|00110111110101|100 0x67A226FAC
03 011001110101|0010001|00110111101101|000 0x675226F68
04 011100001101|1011100|00011110110110|001 0x70DB83DB1
05 011011010101|1011100|00011100001011|111 0x6D5B8385F
06 011010110101|1011100|00010011111111|011 0x6B5B827FB
07 011100011001|1101110|00111111111010|110 0x719DC7FD6
08 011110010000|0100011|00001001000001|011 0x79046120B
09 100000110111|1011100|00001011011101|101 0x837B816ED
0a 011111100000|1011100|00011010010101|001 0x7E0B834A9
0b 011110111111|1011100|00001000111110|001 0x7BFB811F1
BX = 010 Event : 59
00 011001110100|0010001|00111001000110|001 0x674227231
01 011000001101|0010001|00101011011010|100 0x60D2256D4
02 011011010001|1011100|00101000110111|010 0x6D1B851BA
03 011011110001|1101110|00111101111110|011 0x6F1DC7BF3
04 011011001111|1101110|00101001111011|010 0x6CFDC53DA
05 011101100100|0100011|00011001001100|101 0x764463265
06 011101110101|0010001|00100110110101|000 0x775224DA8
07 011100101011|0010001|00100011100010|110 0x72B224716
08 100000111000|1101110|00111000011110|101 0x838DC70F5
09 100000110011|1101110|00111000100000|100 0x833DC7104
BX = 011 Event : 60
00 011001011110|0100011|00010110000011|101 0x65E462C1D
01 011001011001|0100011|00010101011101|100 0x659462AEC
02 010111111010|0100011|00010010001001|010 0x5FA46244A
03 010111111101|0100011|00100010101111|100 0x5FD46457C
04 011011000101|1011100|00100110011111|111 0x6C5B84CFF
05 011010100110|1011100|00001110000110|010 0x6A6B81C32
06 011011000001|1101110|00100110111101|111 0x6C1DC4DEF
07 011100100011|0100011|00011011110100|000 0x7234637A0
BX = 100 Event : 61
00 011001011001|0100011|00010111111010|010 0x659462FD2
01 011011001100|1011100|00011110011110|110 0x6CCB83CF6
02 011110010000|0100011|00100010010110|100 0x7904644B4
03 011101011011|0100011|00000000100010|001 0x75B460111
04 011110001000|0010001|00101010011111|101 0x7882254FD
05 011100111111|0010001|00110111111111|110 0x73F226FFE
BX = 101 Event : 62
00 011001000000|0100011|00101000100100|101 0x640465125
01 011000010101|0100011|00100001010010|101 0x615464295
02 011100000100|1011100|00100001011010|100 0x704B842D4
03 011011110100|1011100|00101000110100|100 0x6F4B851A4
04 011100011011|1101110|00110010010001|001 0x71BDC6489
05 011011110001|1101110|00111101100101|111 0x6F1DC7B2F
06 011011101010|1101110|00110000001110|000 0x6EADC6070
07 011011011111|1101110|00110010010011|011 0x6DFDC649B
08 011011011010|1101110|00110011000010|000 0x6DADC6610
09 011010111101|1101110|00101111101111|101 0x6BDDC5F7D
0a 011110001101|0100011|00000000110010|110 0x78D460196
0b 011101010011|0010001|00110001110000|001 0x753226381
0c 011111110011|1101110|00111100011101|000 0x7F3DC78E8
BX = 110 Event : 63
00 011001101000|0100011|00010010110001|101 0x66846258D
01 011001000000|0100011|00010000001001|010 0x64046204A
02 011010011100|0010001|00101111011010|101 0x69C225ED5
03 011011001000|1011100|00000000111001|010 0x6C8B801CA
04 011010111100|1011100|00000111100011|010 0x6BCB80F1A
05 011010101001|1101110|00101111000100|100 0x6A9DC5E24
06 011110100100|0010001|00111101100000|011 0x7A4227B03
07 011101110010|0010001|00101110010000|011 0x772225C83
08 011100111111|0010001|00110011111011|110 0x73F2267DE
BX = 111 Event : 64
00 011001110010|0100011|00010100110100|100 0x6724629A4
01 011000110010|0010001|00110000011110|101 0x6322260F5
02 011011000010|1011100|00101001001001|010 0x6C2B8524A
03 011010110100|1011100|00000001110101|010 0x6B4B803AA
04 011101110111|0100011|00010100011010|001 0x7774628D1
05 011101011110|0010001|00110000010100|000 0x75E2260A0
06 011111011010|1101110|00100111100001|110 0x7DADC4F0E
BX = 000 Event : 65
00 011001001010|0100011|00000001011100|101 0x64A4602E5
01 011001000010|0100011|00101100010001|000 0x642465888
02 011000001110|0100011|00000000011000|000 0x60E4600C0
03 010111111111|0100011|00000000011101|110 0x5FF4600EE
04 011100101000|1011100|00010011000101|110 0x728B8262E
05 011011010000|1011100|00101000001001|100 0x6D0B8504C
06 011100101110|1101110|00110110000100|011 0x72EDC6C23
07 011011001001|1101110|00111011001001|010 0x6C9DC764A
08 011011001010|1101110|00101000011000|101 0x6CADC50C5
09 011110001101|0100011|00011100101100|100 0x78D463964
0a 011110000100|0100011|00011110011000|001 0x784463CC1
0b 011100100001|0010001|00110101010000|011 0x721226A83
BX = 001 Event : 66
00 011100111010|1011100|00011110010101|001 0x73AB83CA9
01 011100111010|1011100|00011101111101|101 0x73AB83BED
02 011100000111|1011100|00000111110001|101 0x707B80F8D
03 011010111001|1011100|00000001110000|001 0x6B9B80381
04 011011001100|1101110|00110000111010|100 0x6CCDC61D4
05 011110000110|0100011|00000110111011|110 0x786460DDE
06 011110000000|0100011|00100001011100|100 0x7804642E4
07 011100100111|0100011|00011001010001|010 0x72746328A
08 100001000111|1101110|00101011101000|010 0x847DC5742
09 011111110100|1101110|00100101011101|000 0x7F4DC4AE8
0a 011111000111|1101110|00111111010000|001 0x7C7DC7E81
BX = 010 Event : 67
00 011010010001|0100011|00101000111000|101 0x6914651C5
01 011100101001|1011100|00001101111111|010 0x729B81BFA
02 011100000001|1011100|00011000000010|110 0x701B83016
03 011010111100|1011100|00100111101101|101 0x6BCB84F6D
04 011100111001|1101110|00101001001000|010 0x739DC5242
05 011010110010|1101110|00101000000001|110 0x6B2DC500E
06 011110101001|0100011|00100010011101|001 0x7A94644E9
07 011100111011|0010001|00100010100010|001 0x73B224511
08 100000000001|1011100|00100000001010|010 0x801B84052
09 011111001001|1011100|00001010000000|000 0x7C9B81400
0a 011111000000|1011100|00010101011000|101 0x7C0B82AC5
0b 011111110110|1101110|00011111111011|010 0x7F6DC3FDA
0c 011111000111|1101110|00100011001011|010 0x7C7DC465A
0d 011111000010|1101110|00100011001000|010 0x7C2DC4642
BX = 011 Event : 68
00 011000010101|0010001|00111001001010|100 0x615227254
01 011100101011|1011100|00011111111100|001 0x72BB83FE1
02 011100101011|1011100|00011111011000|101 0x72BB83EC5
03 011010101001|1011100|00000010111000|100 0x6A9B805C4
04 011010111100|1101110|00110011010100|001 0x6BCDC66A1
05 011110000000|0100011|00001110010110|101 0x780461CB5
06 011110100101|0010001|00100010000011|010 0x7A522441A
07 011110010000|0010001|00101101101110|001 0x790225B71
08 100000110111|1101110|00110001110110|011 0x837DC63B3
BX = 100 Event : 69
00 011001110001|0010001|00110100001111|000 0x671226878
01 011001100000|0010001|00111010100110|001 0x660227531
02 011000100011|0010001|00111100010111|010 0x6232278BA
03 011110011010|0010001|00111111101101|011 0x79A227F6B
04 100000100111|1011100|00011101000101|100 0x827B83A2C
05 100000000111|1011100|00000100101011|100 0x807B8095C
06 100001010101|1101110|00110001010011|010 0x855DC629A
BX = 101 Event : 70
00 011001101101|0100011|00000010000011|100 0x66D46041C
01 011001100000|0100011|00011110110100|101 0x660463DA5
02 011000111101|0010001|00111011000101|100 0x63D22762C
03 011010101000|1011100|00100111101001|100 0x6A8B84F4C
04 011011011100|1101110|00101101010101|001 0x6DCDC5AA9
05 100000110011|1101110|00110111100001|100 0x833DC6F0C
BX = 110 Event : 71
00 011000011010|0100011|00100001011010|101 0x61A4642D5
BX = 111 Event : 72
00 011001111010|0100011|00101100111111|100 0x67A4659FC
01 011001111010|0010001|00111000110100|110 0x67A2271A6
02 011001000001|0010001|00111101110000|101 0x641227B85
03 011100010100|1011100|00100100001100|110 0x714B84866
04 011010111010|1101110|00111111011111|010 0x6BADC7EFA
05 011010101011|1101110|00111111011000|100 0x6ABDC7EC4
06 011110000111|0100011|00011011010011|100 0x78746369C
07 011101101110|0100011|00011011111111|100 0x76E4637FC
08 011100100001|0100011|00001110100001|011 0x721461D0B
09 011101110010|0010001|00101110100100|000 0x772225D20
0a 011101101000|0010001|00110000111111|100 0x7682261FC
0b 011100010111|0010001|00110011000000|101 0x717226605
BX = 000 Event : 73
00 011001111111|0100011|00000111001001|101 0x67F460E4D
01 011001011111|0100011|00001110010000|010 0x65F461C82
02 011000011111|0100011|00101011010001|010 0x61F46568A
03 011010000101|0010001|00110101000110|100 0x685226A34
04 011011011101|1011100|00100100010011|110 0x6DDB8489E
05 011110000000|0010001|00100101000011|000 0x780224A18
06 011101111011|0010001|00100101000010|100 0x77B224A14
BX = 001 Event : 74
00 011001011001|0100011|00010011010010|100 0x659462694
01 011010000000|0010001|00110100101010|000 0x680226950
02 011001101001|0010001|00111101010001|010 0x669227A8A
03 011011000100|1011100|00010010001110|100 0x6C4B82474
04 011010111011|1011100|00010111000011|000 0x6BBB82E18
05 011100001011|1101110|00110101111010|000 0x70BDC6BD0
06 100000111000|1011100|00001001001111|000 0x838B81278
07 100001001100|1101110|00111000100000|100 0x84CDC7104
BX = 010 Event : 75
00 011000001111|0100011|00011110011111|001 0x60F463CF9
01 011101000101|0100011|00011000111110|100 0x7454631F4
02 011100111010|0100011|00010010011111|101 0x73A4624FD
BX = 011 Event : 76
00 011001111110|0100011|00011111100010|010 0x67E463F12
01 011001011111|0100011|00011011100000|010 0x65F463702
02 011001011011|0100011|00011111101010|000 0x65B463F50
03 011000011101|0100011|00010101110010|000 0x61D462B90
04 011010000110|0010001|00110011101000|101 0x686226745
05 011000111110|0010001|00110101111101|010 0x63E226BEA
06 011100001110|1011100|00100001100111|001 0x70EB84339
07 011100001001|1011100|00100001010101|000 0x709B842A8
08 011011110001|1101110|00111100100000|110 0x6F1DC7906
09 011011011001|1101110|00110110111100|011 0x6D9DC6DE3
0a 011101011001|0100011|00010111011101|001 0x759462EE9
0b 011110011110|0010001|00111011011111|101 0x79E2276FD
0c 011101110000|0010001|00100101111101|110 0x770224BEE
0d 011100101011|0010001|00111000001110|100 0x72B227074
0e 100000110111|1011100|00001111011100|110 0x837B81EE6
BX = 100 Event : 77
00 011000000100|0100011|00101001000101|100 0x60446522C
01 011001111101|0010001|00110001011100|001 0x67D2262E1
02 011000011010|0010001|00101110111010|000 0x61A225DD0
03 011011101000|1011100|00010101101111|001 0x6E8B82B79
04 011011011010|1011100|00001000000111|000 0x6DAB81038
05 011101000000|1101110|00101110101100|101 0x740DC5D65
06 011011000000|1101110|00101001100110|000 0x6C0DC5330
07 011100101100|0010001|00101111000111|110 0x72C225E3E
08 100001000011|1011100|00000100100110|000 0x843B80930
BX = 101 Event : 78
00 011001010000|0100011|00011011100001|101 0x65046370D
01 011000100101|0100011|00101101111011|001 0x625465BD9
02 011000101110|0010001|00101110000111|001 0x62E225C39
03 011110001001|0100011|00011110111101|001 0x789463DE9
04 100000101111|1101110|00101000001110|100 0x82FDC5074
BX = 110 Event : 79
00 011001000110|0100011|00011101101101|100 0x646463B6C
01 011001011000|0010001|00110011110000|101 0x658226785
02 011100010000|1011100|00010100100101|100 0x710B8292C
03 011100011001|1101110|00111111011100|010 0x719DC7EE2
04 011110001101|0100011|00011101000110|011 0x78D463A33
05 011101000110|0100011|00100101000100|000 0x746464A20
06 011101010011|0010001|00100101000110|100 0x753224A34
07 100000110110|1101110|00100010010010|101 0x836DC4495
BX = 111 Event : 80
00 011010000001|0100011|00010101110000|100 0x681462B84
01 011000110110|0100011|00000001010000|010 0x636460282
02 011000010011|0100011|00011000101100|101 0x613463165
03 011000001010|0100011|00011011000100|001 0x60A463621
04 011000000001|0100011|00001000101101|110 0x60146116E
05 011001011100|0010001|00101101100101|010 0x65C225B2A
06 011000010001|0010001|00110111001101|100 0x611226E6C
07 011011010110|1011100|00011111010101|000 0x6D6B83EA8
08 011010100001|1011100|00010101001100|100 0x6A1B82A64
09 011101110010|0100011|00010100110011|110 0x77246299E
0a 100001000101|1101110|00100010111011|001 0x845DC45D9
0b 100000111000|1101110|00111000100010|100 0x838DC7114
0c 100000101001|1101110|00111000101010|001 0x829DC7151
BX = 000 Event : 81
00 011000011101|0100011|00011000001111|110 0x61D46307E
01 011000011000|0100011|00011000010101|100 0x6184630AC
02 011000011011|0100011|00101101110001|110 0x61B465B8E
03 011001101001|0010001|00111101110000|101 0x669227B85
04 011011110010|1011100|00001000011100|000 0x6F2B810E0
05 011101100011|0100011|00000101100001|001 0x763460B09
06 100000000000|1011100|00011110110100|000 0x800B83DA0
07 011111101100|1101110|00110011000101|001 0x7ECDC6629
BX = 001 Event : 82
00 011001000010|0100011|00001001010010|000 0x642461290
01 011110011001|0010001|00110100011011|011 0x7992268DB
BX = 010 Event : 83
00 011010110001|1011100|00001010110001|110 0x6B1B8158E
01 011110011111|0100011|00100011001111|110 0x79F46467E
02 011101111000|0100011|00011010000010|011 0x778463413
03 011111100101|1011100|00011010100011|001 0x7E5B83519
04 011111100000|1011100|00011010100101|001 0x7E0B83529
BX = 011 Event : 84
00 011001110011|0100011|00011000100010|100 0x673463114
01 011011000010|1101110|00101110100010|111 0x6C2DC5D17
02 011101110110|0010001|00110110100000|101 0x776226D05
03 100000110010|1011100|00001111000100|010 0x832B81E22
04 100000000110|1011100|00010011101100|000 0x806B82760
05 011111010011|1011100|00001010101010|001 0x7D3B81551
BX = 100 Event : 85
00 011010001011|0100011|00010101001011|110 0x68B462A5E
01 011001101101|0100011|00010101001111|101 0x66D462A7D
02 011001001010|0100011|00100111110011|110 0x64A464F9E
03 011001001010|0100011|00100111111101|000 0x64A464FE8
04 011001000110|0010001|00110000100001|100 0x64622610C
05 011100111001|1011100|00000101111001|101 0x739B80BCD
06 011100110010|1011100|00010000011110|010 0x732B820F2
07 011100100011|1011100|00010011000101|100 0x723B8262C
08 011100011011|1011100|00000101011101|001 0x71BB80AE9
09 011010100001|1011100|00010100001000|110 0x6A1B82846
0a 011100010101|1101110|00110111111010|010 0x715DC6FD2
0b 011010111111|1101110|00101010000000|010 0x6BFDC5402
0c 011010111010|1101110|00111111010101|010 0x6BADC7EAA
0d 011110001011|0100011|00000111110110|000 0x78B460FB0
0e 011101110010|0100011|00001000000111|110 0x77246103E
0f 011100100001|0010001|00111000111111|110 0x7212271FE
10 011100010010|0010001|00110110111101|110 0x712226DEE
11 100000001111|1011100|00010000001101|110 0x80FB8206E
BX = 101 Event : 86
00 011001010100|0100011|00010011010010|000 0x654462690
01 011100010001|1011100|00000110010011|100 0x711B80C9C
02 011100010001|1101110|00110011101100|011 0x711DC6763
03 011100000011|1101110|00110000000110|110 0x703DC6036
04 011110010000|0100011|00010101101101|100 0x790462B6C
05 011100101100|0100011|00000111100000|001 0x72C460F01
06 011110111011|1011100|00010100111110|101 0x7BBB829F5
BX = 110 Event : 87
00 011000101110|0100011|00011111101110|101 0x62E463F75
01 011000000000|0100011|00011101010110|001 0x600463AB1
02 011100111011|1011100|00000010110001|110 0x73BB8058E
03 011100001110|1011100|00100001111010|000 0x70EB843D0
04 011011011111|1011100|00011100000001|101 0x6DFB8380D
05 011100001100|1101110|00110011110011|001 0x70CDC6799
06 011011010100|1101110|00110101001000|010 0x6D4DC6A42
07 011010100111|1101110|00110100110011|000 0x6A7DC6998
08 011110001100|0100011|00000100110011|011 0x78C46099B
09 011101110111|0100011|00001000011100|110 0x7774610E6
0a 011100110101|0100011|00001100111110|110 0x7354619F6
0b 011111000101|1101110|00101010011101|010 0x7C5DC54EA
BX = 111 Event : 88
00 011001010000|0100011|00101001111001|010 0x6504653CA
01 011000001111|0100011|00101010111100|101 0x60F4655E5
02 011100111111|1101110|00101111111110|111 0x73FDC5FF7
03 011010110101|1101110|00111111101100|100 0x6B5DC7F64
04 011110001111|0100011|00100000111110|110 0x78F4641F6
05 100000010100|1011100|00001010000101|010 0x814B8142A
BX = 000 Event : 89
00 011000100001|0100011|00000010100011|110 0x62146051E
01 011000001011|0010001|00111001110011|110 0x60B22739E
02 011011110101|1011100|00100001101001|110 0x6F5B8434E
03 011100111010|0100011|00001100001111|000 0x73A461878
04 100000111000|1011100|00000111111101|101 0x838B80FED
BX = 001 Event : 90
00 011001111101|0100011|00101000011101|100 0x67D4650EC
01 011000100101|0010001|00110110100100|100 0x625226D24
02 011100110000|1011100|00000011000111|000 0x730B80638
03 011100000110|1011100|00010110011101|111 0x706B82CEF
04 011101001110|0100011|00010001111101|101 0x74E4623ED
05 011111110110|1101110|00110100010110|011 0x7F6DC68B3
BX = 010 Event : 91
00 011001100011|0100011|00010011100000|001 0x663462701
01 011001100100|0100011|00101010000101|101 0x66446542D
02 011000111011|0100011|00010111110000|010 0x63B462F82
03 011000000110|0010001|00111001000100|001 0x606227221
04 010111111011|0010001|00111100011011|000 0x5FB2278D8
05 011010100001|1011100|00010100000101|000 0x6A1B82828
06 011100000101|1101110|00111111100000|000 0x705DC7F00
07 011110011110|0100011|00001110011001|101 0x79E461CCD
08 011101010011|0100011|00010010100000|110 0x753462506
09 011111000100|1011100|00001101010010|110 0x7C4B81A96
BX = 011 Event : 92
00 011001010000|0100011|00101001111001|010 0x6504653CA
01 011000001111|0100011|00101010111100|101 0x60F4655E5
02 011100111111|1101110|00101111111110|111 0x73FDC5FF7
03 011010110101|1101110|00111111101100|100 0x6B5DC7F64
04 011110001111|0100011|00100000111110|110 0x78F4641F6
05 011101001110|0100011|00100001001110|100 0x74E464274
06 100000010100|1011100|00001010000101|010 0x814B8142A
BX = 100 Event : 93
00 011000110000|0100011|00100101000011|110 0x630464A1E
01 011010010011|0010001|00110110110100|100 0x693226DA4
02 011001000010|0010001|00111000101100|101 0x642227165
03 011000000000|0010001|00110000101110|001 0x600226171
04 011100111110|1011100|00000111100110|101 0x73EB80F35
05 011100101001|1011100|00011000100011|101 0x729B8311D
06 011011111011|1011100|00001111110101|011 0x6FBB81FAB
07 011010111010|1011100|00010100010010|010 0x6BAB82892
08 011100101111|1101110|00110010100101|100 0x72FDC652C
09 011100011000|0100011|00001000000101|100 0x71846102C
0a 011100111111|0010001|00110011001011|110 0x73F22665E
0b 011100110110|0010001|00111101101111|001 0x736227B79
0c 100000111100|1011100|00010000000000|011 0x83CB82003
0d 011111101100|1011100|00011111101011|100 0x7ECB83F5C
0e 011111011011|1101110|00100011010001|000 0x7DBDC4688
BX = 101 Event : 94
00 011001111101|0100011|00101000011101|100 0x67D4650EC
01 011000100101|0010001|00110110100100|100 0x625226D24
02 011100000110|1011100|00010110011101|111 0x706B82CEF
03 011100000010|1011100|00000101011111|000 0x702B80AF8
04 011101001110|0100011|00010001111101|101 0x74E4623ED
05 011111010100|1101110|00111001010010|110 0x7D4DC7296
BX = 110 Event : 95
00 011001011111|0100011|00011011100000|010 0x65F463702
01 011001011011|0100011|00011111101010|000 0x65B463F50
02 011001100100|0010001|00111111110000|100 0x664227F84
03 011100001001|1011100|00100001010101|000 0x709B842A8
04 011011110111|1101110|00111001010111|100 0x6F7DC72BC
05 011101011001|0100011|00010111011101|001 0x759462EE9
06 011101010110|0100011|00011101100011|001 0x756463B19
07 011100101001|0100011|00011110001110|001 0x729463C71
BX = 111 Event : 96
00 011000100001|0100011|00000010001010|110 0x621460456
01 011000001001|0100011|00010011111101|001 0x6094627E9
02 011000000101|0100011|00001011001010|010 0x605461652
03 011101101101|0010001|00111100111101|100 0x76D2279EC
BX = 000 Event : 97
00 011001010000|0100011|00011011100001|101 0x65046370D
01 011100100010|1011100|00000010000110|110 0x722B80436
02 011110001001|0100011|00011110111101|001 0x789463DE9
03 011101001100|0100011|00000001110000|101 0x74C460385
04 100000101111|1101110|00101000001110|100 0x82FDC5074
BX = 001 Event : 98
00 011001010000|0100011|00001101101110|100 0x650461B74
01 011011100111|1101110|00111010111100|000 0x6E7DC75E0
02 011011000010|1101110|00101110100010|111 0x6C2DC5D17
03 011100101110|0100011|00011101111000|001 0x72E463BC1
BX = 010 Event : 99
00 011001100110|0100011|00000100110101|010 0x6664609AA
01 011000001010|0100011|00011011000100|001 0x60A463621
02 011000000001|0100011|00001000101101|110 0x60146116E
03 011001011100|0010001|00101101100101|010 0x65C225B2A
04 011000011101|0010001|00110010110111|000 0x61D2265B8
05 011000010001|0010001|00110111001111|101 0x611226E7D
06 011011110010|1011100|00001010011011|001 0x6F2B814D9
07 011011010110|1011100|00011111010101|001 0x6D6B83EA9
08 011011100001|1101110|00101101110001|101 0x6E1DC5B8D
09 011011100001|1101110|00101110011101|101 0x6E1DC5CED
0a 011011010110|1101110|00110000110101|101 0x6D6DC61AD
0b 011010110000|1101110|00111010100110|011 0x6B0DC7533
0c 100000111000|1101110|00111000100010|100 0x838DC7114
0d 100000100001|1101110|00111110111001|100 0x821DC7DCC
0e 011111001100|1101110|00100100010010|000 0x7CCDC4890
BX = 011 Event : 100
00 011000101010|0100011|00100011111101|100 0x62A4647EC
01 011100110101|1011100|00011111101000|001 0x735B83F41
02 011100011100|1011100|00000011010010|001 0x71CB80691
03 011011011101|1011100|00010101000100|101 0x6DDB82A25
04 011100010101|1101110|00101010000100|001 0x715DC5421
05 011101100111|0010001|00111011011000|100 0x7672276C4
06 011100110000|0010001|00111010000000|110 0x730227406
07 011100101001|0010001|00101000011011|000 0x7292250D8
