BX = 000 Event : 1
00 0000000|1011011|10001101010010|0011|0010 0x016E35232
01 0000000|1110001|10100100011001|0000|1000 0x01C691908
02 0000010|0010000|10100000110001|0100|1001 0x044283149
03 0000010|0010000|10001111000010|1100|1010 0x04423C2CA
04 0000011|0100110|10101010111100|1011|1011 0x069AABCBB
05 0000100|1110001|10010101010001|1100|0010 0x09C6551C2
06 0000100|1110001|10100101001010|0100|1011 0x09C694A4B
07 0000100|1110001|10101010100100|0111|0011 0x09C6AA473
08 0001000|1011011|10101010111001|1111|1001 0x116EAB9F9
BX = 001 Event : 2
00 0000000|1011011|10000100000111|0000|1000 0x016E10708
01 0000011|0100110|10000110101101|0110|1000 0x069A1AD68
02 0000011|0100110|10000110111000|0110|0001 0x069A1B861
03 0000010|0100110|10000000110001|0010|0011 0x049A03123
04 0000010|0010000|10100010001111|0101|0001 0x044288F51
05 0000101|1011011|10000110111010|0001|0001 0x0B6E1BA11
06 0000111|0010000|10111101100010|1101|1011 0x0E42F62DB
07 0000110|0010000|10111010110001|1100|0011 0x0C42EB1C3
BX = 010 Event : 3
00 0000001|1011011|10010010001100|0110|1001 0x036E48C69
01 0000001|1110001|10110000011111|0110|1011 0x03C6C1F6B
02 0000000|1110001|10010101110101|1010|0010 0x01C6575A2
03 0000000|1110001|10010110101100|1011|1001 0x01C65ACB9
04 0000011|0010000|10011001110010|0001|0011 0x064267213
05 0000011|0010000|10011001101001|0001|1001 0x064266919
06 0000011|0010000|10010011111001|1110|1010 0x06424F9EA
07 0000011|0010000|10010011101111|1110|1010 0x06424EFEA
08 0000010|0010000|10001100110001|1011|0010 0x0442331B2
09 0000011|0100110|10111110011010|0101|0001 0x069AF9A51
0a 0000101|1011011|10000110011101|0001|1000 0x0B6E19D18
0b 0000100|1110001|10010101000010|1100|1010 0x09C6542CA
0c 0000111|0010000|10001001011100|1010|1011 0x0E4225CAB
0d 0000110|0010000|10010111011011|0010|1001 0x0C425DB29
0e 0000110|0010000|10001110000011|1101|0001 0x0C42383D1
0f 0001000|1011011|10001010110101|0101|1010 0x116E2B55A
10 0001001|1110001|10010100110100|1110|0010 0x13C6534E2
BX = 011 Event : 4
00 0000011|0100110|10000011000010|0100|0000 0x069A0C240
01 0000010|0100110|10001001001010|0111|1010 0x049A24A7A
02 0000011|0010000|10011101111111|0011|0011 0x064277F33
03 0000011|0010000|10010111001100|0000|1000 0x06425CC08
04 0000010|0010000|10011111101110|0100|1001 0x04427EE49
05 0000010|0010000|10001001001000|1001|1010 0x04422489A
06 0000010|0100110|10101011101100|1100|0001 0x049AAECC1
07 0000010|0100110|10110001001010|1111|1010 0x049AC4AFA
08 0000100|1011011|10001001110001|0011|0000 0x096E27130
09 0000100|1011011|10001001100001|0011|1001 0x096E26139
0a 0000101|1110001|10011101010110|0000|1001 0x0BC675609
0b 0000100|1110001|10010111011011|1101|0001 0x09C65DBD1
0c 0000100|1011011|10101011101110|1011|0011 0x096EAEEB3
0d 0000110|0010000|10011111101001|0111|1011 0x0C427E97B
0e 0000110|0100110|10011110101100|1001|1011 0x0C9A7AC9B
BX = 100 Event : 5
00 0000001|1011011|10001100000101|0011|1000 0x036E30538
01 0000000|1110001|10010101000010|1010|0011 0x01C6542A3
02 0000000|1110001|10011010100001|1100|0001 0x01C66A1C1
03 0000000|1011011|10111111100010|1111|1000 0x016EFE2F8
04 0000000|1011011|10111100011001|1110|1000 0x016EF19E8
05 0000010|0100110|10000100100000|0100|1010 0x049A1204A
06 0000011|0010000|10001101000010|1011|1010 0x0642342BA
07 0000101|1011011|10000010101010|0000|0000 0x0B6E0AA00
08 0000101|1011011|10111100100111|0100|0010 0x0B6EF2742
09 0000110|0100110|10000110110110|0110|1011 0x0C9A1B66B
0a 0000110|0010000|10010010111010|0000|1011 0x0C424BA0B
0b 0000111|0100110|10101100000001|0000|1001 0x0E9AB0109
0c 0000110|0100110|10100101100000|1101|1010 0x0C9A960DA
0d 0000110|0100110|10110001110000|0100|0010 0x0C9AC7042
0e 0001001|1110001|10001111110010|1010|0001 0x13C63F2A1
0f 0001000|1011011|10111000110100|0111|0011 0x116EE3473
10 0001000|1011011|10101001100110|1110|1010 0x116EA66EA
BX = 101 Event : 6
00 0000001|1011011|10110110111101|1011|0001 0x036EDBDB1
01 0000011|0010000|10011011111110|0010|0001 0x06426FE21
02 0000011|0010000|10011010010101|0001|0010 0x064269512
03 0000011|0010000|10001010111101|1010|0011 0x06422BDA3
04 0000010|0100110|10110100101010|0000|1010 0x049AD2A0A
05 0000100|1110001|10011001111000|1111|0001 0x09C6678F1
06 0000101|1011011|10101011111100|1011|1000 0x0B6EAFCB8
07 0000100|1011011|10110110000110|0000|0001 0x096ED8601
08 0000111|0010000|10001101000100|1100|0001 0x0E42344C1
09 0001001|1011011|10000011011001|0000|1010 0x136E0D90A
0a 0001000|1011011|10000010010110|0000|0010 0x116E09602
BX = 110 Event : 7
00 0000001|1011011|10001011010100|0010|1001 0x036E2D429
01 0000000|1110001|10011010111000|1101|0010 0x01C66B8D2
02 0000000|1110001|10100000011001|1111|1000 0x01C6819F8
03 0000000|1110001|10100001101110|0000|0011 0x01C686E03
04 0000001|1011011|10111100000100|1110|0001 0x036EF04E1
05 0000001|1011011|10111001101011|1100|1010 0x036EE6BCA
06 0000000|1011011|10111111011001|1111|0011 0x016EFD9F3
07 0000000|1011011|10111010001100|1101|0011 0x016EE8CD3
08 0000011|0100110|10000001111010|0011|0010 0x069A07A32
09 0000011|0100110|10000010000101|0011|1011 0x069A0853B
0a 0000010|0100110|10000011111001|0100|1011 0x049A0F94B
0b 0000011|0010000|10011010011110|0001|1010 0x064269E1A
0c 0000010|0010000|10011111100010|0100|0001 0x04427E241
0d 0000010|0010000|10010011000001|1110|0000 0x04424C1E0
0e 0000011|0100110|10111100001101|0100|1010 0x069AF0D4A
0f 0000010|0100110|10101101011000|1101|1010 0x049AB58DA
10 0000100|1011011|10001110110000|0110|1000 0x096E3B068
11 0000100|1110001|10011011010110|0000|1001 0x09C66D609
12 0000100|1110001|10100100110011|0100|1010 0x09C69334A
13 0000100|1011011|10111111111010|0101|1001 0x096EFFA59
14 0000100|1011011|10111100110011|0011|0001 0x096EF3331
15 0000111|0100110|10101010010100|0000|0011 0x0E9AA9403
16 0000110|0100110|10101001010011|1111|0011 0x0C9AA53F3
17 0000111|0010000|10111111010111|1111|1001 0x0E42FD7F9
18 0000110|0010000|10111000001010|1010|0001 0x0C42E0AA1
19 0001001|1011011|10001011010101|0101|1000 0x136E2D558
1a 0001000|1011011|10110011000010|0011|0010 0x116ECC232
BX = 111 Event : 8
00 0000001|1110001|10011001111010|1100|0010 0x03C667AC2
01 0000000|1110001|10010111001101|1011|1001 0x01C65CDB9
02 0000000|1011011|10111100001000|1110|1010 0x016EF08EA
03 0000000|1011011|10111011100101|1110|0011 0x016EEE5E3
04 0000000|1011011|10110101101001|1011|1000 0x016ED69B8
05 0000010|0010000|10100100001110|0110|1000 0x044290E68
06 0000010|0010000|10100000100101|0100|0011 0x044282543
07 0000011|0100110|10111010010001|0011|0000 0x069AE9130
08 0000110|0010000|10011000110010|0011|0000 0x0C4263230
09 0001000|1110001|10011000000101|0000|0010 0x11C660502
BX = 000 Event : 9
00 0000001|1110001|10101111110100|0101|0011 0x03C6BF453
01 0000001|1110001|10110000000011|0101|1011 0x03C6C035B
02 0000000|1110001|10100111110011|0001|0011 0x01C69F313
03 0000011|0100110|10000111101101|0110|0011 0x069A1ED63
04 0000011|0100110|10000111110010|0110|0001 0x069A1F261
05 0000100|1110001|10010011100100|1011|0001 0x09C64E4B1
06 0001000|1011011|10100110111000|1100|1010 0x116E9B8CA
BX = 001 Event : 10
00 0000001|1110001|10101110111000|0101|1001 0x03C6BB859
01 0000010|0100110|10001000111001|0110|1001 0x049A23969
02 0000011|0010000|10011100110011|0010|0000 0x064273320
03 0000011|0100110|10110110011101|0001|1000 0x069AD9D18
04 0000010|0100110|10110100000111|0000|0011 0x049AD0703
05 0000100|1110001|10011100001011|0000|0011 0x09C670B03
06 0000100|1011011|10101011111111|1011|1011 0x096EAFFBB
07 0000111|0100110|10110100100011|0110|0100 0x0E9AD2364
08 0000111|0100110|10110100111111|0110|0000 0x0E9AD3F60
09 0001000|1110001|10010101110010|1111|1001 0x11C6572F9
BX = 010 Event : 11
00 0000010|0010000|10010101100000|1111|1010 0x0442560FA
01 0000100|1011011|10001011111111|0100|1011 0x096E2FF4B
02 0000100|1011011|10000111000101|0001|0000 0x096E1C510
03 0000101|1011011|10110110111001|0000|0000 0x0B6EDB900
04 0000100|1011011|10110011000110|1111|0001 0x096ECC6F1
05 0000100|1011011|10110000010100|1101|0010 0x096EC14D2
06 0000111|0100110|10110100110100|0110|0000 0x0E9AD3460
07 0000110|0100110|10101101110110|0001|0001 0x0C9AB7611
08 0001000|1011011|10000100001001|0000|0011 0x116E10903
09 0001000|1011011|10101011010010|1111|1011 0x116EAD2FB
BX = 011 Event : 12
00 0000000|1011011|10010011111011|0110|1010 0x016E4FB6A
01 0000001|1110001|10011001111100|1100|0011 0x03C667CC3
02 0000000|1110001|10110101011110|0111|1010 0x01C6D5E7A
03 0000000|1011011|10111010111000|1101|1010 0x016EEB8DA
04 0000000|1011011|10111000000001|1100|1010 0x016EE01CA
05 0000000|1011011|10110100110111|1011|1011 0x016ED37BB
06 0000010|0010000|10100110100001|0111|0000 0x04429A170
07 0000011|0100110|10111001100010|0010|1001 0x069AE6229
08 0000011|0100110|10111110101011|0101|1001 0x069AFAB59
09 0000010|0100110|10101111011000|1110|1000 0x049ABD8E8
0a 0000010|0100110|10110100011100|0000|0011 0x049AD1C03
0b 0000101|1011011|10111100110101|0100|1011 0x0B6EF354B
0c 0000100|1011011|10111101110011|0100|0011 0x096EF7343
0d 0000110|0010000|10001010000110|1011|0011 0x0C42286B3
0e 0001001|1011011|10100101000000|1010|1001 0x136E940A9
BX = 100 Event : 13
00 0000000|1110001|10110011111010|0111|0011 0x01C6CFA73
01 0000010|0010000|10010011110001|1111|1010 0x04424F1FA
02 0000011|0100110|10110001001101|1111|1001 0x069AC4DF9
03 0000011|0100110|10111111100101|0110|1000 0x069AFE568
04 0000010|0100110|10101111101111|1110|0001 0x049ABEFE1
05 0000110|0010000|10010100001000|0000|0001 0x0C4250801
06 0001001|1011011|10001101101110|0111|1010 0x136E36E7A
07 0001000|1110001|10111110101110|1110|1011 0x11C6FAEEB
BX = 101 Event : 14
00 0000000|1011011|10001011010001|0010|0001 0x016E2D121
01 0000000|1110001|10110010010001|0110|1000 0x01C6C9168
02 0000000|1011011|10111111010110|1111|1010 0x016EFD6FA
03 0000000|1011011|10110100000111|1010|1010 0x016ED07AA
04 0000010|0010000|10011101111100|0011|1001 0x044277C39
05 0000010|0010000|10011100110100|0010|0010 0x044273422
06 0000010|0010000|10011100101001|0010|1001 0x044272929
07 0000101|1110001|10010001111100|1010|0000 0x0BC647CA0
08 0000100|1110001|10011110110011|0000|0010 0x09C67B302
09 0000101|1011011|10101100101001|1011|0011 0x0B6EB29B3
0a 0000111|0010000|10001010000001|1010|0011 0x0E42281A3
0b 0000110|0010000|10001110010011|1101|0011 0x0C42393D3
0c 0000110|0100110|10100001100011|1011|0100 0x0C9A863B4
0d 0001001|1011011|10101110100100|0000|1001 0x136EBA409
BX = 110 Event : 15
00 0000001|1011011|10000110001011|0000|1010 0x036E18B0A
01 0000000|1110001|10011000010100|1011|1001 0x01C6614B9
02 0000000|1110001|10011010001111|1100|1011 0x01C668FCB
03 0000000|1011011|10110001000010|1001|1010 0x016EC429A
04 0000011|0100110|10000111000111|0110|0011 0x069A1C763
05 0000010|0010000|10011100010100|0010|1010 0x04427142A
06 0000010|0010000|10010101001001|1111|0011 0x0442549F3
07 0000010|0010000|10010100101111|1111|0011 0x044252FF3
08 0000010|0010000|10010001011010|1101|1011 0x044245ADB
09 0000011|0100110|10101101100110|1101|1001 0x069AB66D9
0a 0000010|0100110|10101111001000|1110|1010 0x049ABC8EA
0b 0000101|1110001|10100010000110|0011|0001 0x0BC688631
0c 0000110|0100110|10000101001100|0101|1011 0x0C9A14C5B
0d 0000110|0010000|10011010010111|0100|0011 0x0C4269743
0e 0000110|0010000|10010010111101|0000|0011 0x0C424BD03
0f 0001001|1011011|10110100111111|0101|1010 0x136ED3F5A
BX = 111 Event : 16
00 0000001|1110001|10011001010011|1100|0000 0x03C6653C0
01 0000000|1110001|10011001001001|1100|0000 0x01C6649C0
02 0000011|0010000|10010100011110|1111|1010 0x064251EFA
03 0000011|0010000|10010010001001|1110|0011 0x0642489E3
04 0000011|0010000|10001100010110|1010|1001 0x0642316A9
05 0000010|0010000|10001010011010|1010|0000 0x044229AA0
06 0000011|0100110|10101111011100|1110|1001 0x069ABDCE9
07 0000011|0100110|10111111100100|0110|1000 0x069AFE468
08 0000010|0100110|10100111100011|1010|0010 0x049A9E3A2
09 0000100|1011011|10001000101010|0010|1000 0x096E22A28
0a 0000100|1011011|10000001101111|1111|0011 0x096E06FF3
0b 0000100|1110001|10010101011010|1100|1011 0x09C655ACB
0c 0000100|1110001|10010101110110|1100|1000 0x09C6576C8
0d 0001001|1011011|10000110100010|0010|0011 0x136E1A223
0e 0001001|1110001|10100011010001|0111|0011 0x13C68D173
0f 0001001|1011011|10100011010010|1001|0010 0x136E8D292
BX = 000 Event : 17
00 0000000|1110001|10011101101100|1110|1010 0x01C676CEA
01 0000000|1011011|10111110000110|1111|0010 0x016EF86F2
02 0000011|0010000|10100001100100|0101|0010 0x064286452
03 0000011|0010000|10001100101000|1010|0001 0x0642328A1
04 0000011|0100110|10101101110011|1101|0000 0x069AB73D0
05 0000010|0100110|10110100111011|0000|0010 0x049AD3B02
06 0000100|1011011|10000000011001|1110|0001 0x096E019E1
07 0000101|1110001|10011110011000|0000|0001 0x0BC679801
08 0000110|0010000|10011110010001|0110|0000 0x0C4279160
BX = 001 Event : 18
00 0000010|0100110|10000100010110|0100|1001 0x049A11649
01 0000010|0010000|10010001110111|1110|0011 0x0442477E3
02 0000100|1011011|10000100111011|0000|1001 0x096E13B09
03 0000101|1110001|10100111010011|0110|1010 0x0BC69D36A
04 0000110|0100110|10000000111111|0011|0010 0x0C9A03F32
05 0000110|0010000|10001111001110|1110|0010 0x0C423CEE2
06 0000110|0010000|10110111000110|1001|1010 0x0C42DC69A
BX = 010 Event : 19
00 0000010|0100110|10000001000111|0010|0011 0x049A04723
01 0000101|1011011|10001011010101|0100|1010 0x0B6E2D54A
02 0000100|1011011|10000111111010|0010|1010 0x096E1FA2A
03 0000101|1110001|10100101011100|0101|0000 0x0BC695C50
04 0000110|0010000|10010001001101|1111|0100 0x0C4244DF4
05 0000110|0010000|10001111001001|1110|1001 0x0C423C9E9
06 0000111|0100110|10110011100111|0101|0010 0x0E9ACE752
07 0000110|0100110|10100000000100|1010|0100 0x0C9A804A4
08 0001000|1011011|10110010011100|0011|1001 0x116EC9C39
BX = 011 Event : 20
00 0000010|0100110|10001001101000|0111|1001 0x049A26879
01 0000010|0010000|10011111000011|0011|1010 0x04427C33A
02 0000010|0010000|10011001000010|0000|1000 0x044264208
03 0000010|0010000|10001010010110|1010|1001 0x0442296A9
04 0000101|1011011|10001111101101|0110|1001 0x0B6E3ED69
05 0000100|1011011|10000011100100|0000|0001 0x096E0E401
06 0000101|1110001|10011000001010|1110|1001 0x0BC660AE9
07 0000110|0100110|10000100010100|0101|0011 0x0C9A11453
08 0000111|0100110|10101101011001|0001|0011 0x0E9AB5913
09 0001000|1110001|10011100000100|0010|0100 0x11C670424
BX = 100 Event : 21
00 0000000|1110001|10011010011000|1100|0011 0x01C6698C3
01 0000000|1110001|10011101110111|1110|1000 0x01C6777E8
02 0000000|1110001|10110000011000|0101|1000 0x01C6C1858
03 0000000|1011011|10110001010011|1001|1010 0x016EC539A
04 0000011|0100110|10110111100110|0001|1011 0x069ADE61B
05 0000100|1011011|10111100001001|0011|1000 0x096EF0938
06 0000111|0010000|10001111111101|1110|0100 0x0E423FDE4
07 0001000|1110001|10111011100100|1100|1011 0x11C6EE4CB
BX = 101 Event : 22
00 0000001|1110001|10100011011110|0000|1010 0x03C68DE0A
01 0000011|0010000|10010001111001|1101|1000 0x0642479D8
02 0000011|0100110|10101011010110|1100|0000 0x069AAD6C0
03 0000011|0100110|10101011101010|1100|1001 0x069AAEAC9
04 0000100|1110001|10010111100101|1101|1010 0x09C65E5DA
05 0000100|1110001|10101010011101|0111|0001 0x09C6A9D71
06 0000100|1011011|10110111010101|0000|0011 0x096EDD503
07 0000100|1011011|10101010111101|1010|1000 0x096EABDA8
08 0000110|0010000|10011011110110|0101|1011 0x0C426F65B
09 0000111|0100110|10101111111100|0011|0100 0x0E9ABFC34
0a 0001000|1011011|10000110001111|0001|1010 0x116E18F1A
0b 0001001|1011011|10110110011010|0110|0100 0x136ED9A64
BX = 110 Event : 23
00 0000000|1011011|10000100001100|0000|1000 0x016E10C08
01 0000000|1011011|10000010100011|1111|1010 0x016E0A3FA
02 0000000|1110001|10101011111001|0011|1000 0x01C6AF938
03 0000010|0010000|10010011000100|1110|1010 0x04424C4EA
04 0000011|0100110|10111000101110|0010|1001 0x069AE2E29
05 0000011|0100110|10111010101100|0011|0011 0x069AEAC33
06 0000101|1110001|10100001100000|0010|1001 0x0BC686029
07 0000100|1110001|10010011011011|1011|0010 0x09C64DBB2
08 0000100|1011011|10111001110011|0010|1001 0x096EE7329
09 0000100|1011011|10111001011101|0010|1000 0x096EE5D28
BX = 111 Event : 24
00 0000000|1110001|10101000101100|0010|1001 0x01C6A2C29
01 0000000|1110001|10101000110110|0010|1001 0x01C6A3629
02 0000000|1110001|10110001000111|0101|1000 0x01C6C4758
03 0000000|1011011|10110011010101|1010|1001 0x016ECD5A9
04 0000010|0100110|10000000001000|0010|0010 0x049A00822
05 0000011|0010000|10100010011101|0101|1000 0x064289D58
06 0000010|0100110|10111101000001|0100|1001 0x049AF4149
07 0000100|1110001|10100110100100|0101|1010 0x09C69A45A
08 0000100|1110001|10100110111110|0101|0010 0x09C69BE52
09 0000111|0100110|10110010011011|0101|0011 0x0E9AC9B53
0a 0001001|1011011|10100110011011|1100|0000 0x136E99BC0
0b 0001000|1011011|10110001001000|0010|0001 0x116EC4821
0c 0001000|1110001|10111011000010|1011|1011 0x11C6EC2BB
BX = 000 Event : 25
00 0000001|1110001|10010100101111|1001|0011 0x03C652F93
01 0000011|0010000|10001010111101|1010|1011 0x06422BDAB
02 0000010|0100110|10110011000101|0000|1011 0x049ACC50B
03 0000101|1110001|10011000101001|1110|1000 0x0BC6629E8
04 0000110|0010000|10001010110101|1011|1010 0x0C422B5BA
05 0001001|1011011|10100100101111|1010|1010 0x136E92FAA
BX = 001 Event : 26
00 0000000|1011011|10001111110111|0100|1000 0x016E3F748
01 0000011|0010000|10010000010001|1100|0001 0x0642411C1
02 0000010|0010000|10011110111011|0011|0010 0x04427BB32
03 0000011|0100110|10110000001110|1110|0010 0x069AC0EE2
04 0000010|0100110|10101110110101|1110|1000 0x049ABB5E8
05 0000010|0100110|10110111000100|0001|1001 0x049ADC419
06 0000101|1011011|10001111000011|0110|1000 0x0B6E3C368
07 0000101|1011011|10000011001011|0000|1010 0x0B6E0CB0A
08 0000101|1011011|10000001110110|1111|0000 0x0B6E076F0
09 0000100|1011011|10000010010010|1111|0001 0x096E092F1
0a 0000100|1011011|10101110111011|1101|0001 0x096EBBBD1
0b 0001001|1110001|10010010110111|1100|0010 0x13C64B7C2
0c 0001001|1110001|10011001010000|0000|1001 0x13C665009
0d 0001001|1110001|10100001011110|0110|1000 0x13C685E68
BX = 010 Event : 27
00 0000001|1011011|10111010000101|1101|1011 0x036EE85DB
01 0000010|0010000|10100110000010|0111|0011 0x044298273
02 0000010|0010000|10010000010110|1101|1001 0x0442416D9
03 0000010|0010000|10001110100100|1100|1000 0x04423A4C8
04 0000011|0100110|10110010011101|0000|0000 0x069AC9D00
05 0000011|0100110|10111110100001|0101|1010 0x069AFA15A
06 0000010|0100110|10100110010001|1001|0011 0x049A99193
07 0000110|0010000|10011111000111|0111|1001 0x0C427C779
08 0000111|0100110|10110010011010|0101|0010 0x0E9AC9A52
09 0000111|0100110|10110100110001|0110|1010 0x0E9AD316A
0a 0000110|0100110|10011111010010|1001|0000 0x0C9A7D290
0b 0000110|0100110|10110110111110|0111|0011 0x0C9ADBE73
0c 0001000|1110001|10010000101001|1011|0011 0x11C6429B3
0d 0001000|1110001|10100011000101|0111|1000 0x11C68C578
BX = 011 Event : 28
00 0000001|1011011|10000011111011|0000|0011 0x036E0FB03
01 0000000|1011011|10010000001010|0100|0011 0x016E40A43
02 0000000|1110001|10010100100011|1010|0010 0x01C6523A2
03 0000000|1011011|10111110100110|1111|1001 0x016EFA6F9
04 0000011|0010000|10010101101011|1111|1010 0x064256BFA
05 0000010|0010000|10011110111110|0011|0010 0x04427BE32
06 0000011|0100110|10110000000001|1110|0001 0x069AC01E1
07 0000011|0100110|10110000000101|1110|1000 0x069AC05E8
08 0000010|0100110|10101100010001|1100|0011 0x049AB11C3
09 0000111|0010000|10010100111000|0000|0011 0x0E4253803
0a 0000110|0010000|10111111001011|1111|1011 0x0C42FCBFB
BX = 100 Event : 29
00 0000001|1011011|10000101101001|0000|1010 0x036E1690A
01 0000001|1011011|10000011110010|0000|0001 0x036E0F201
02 0000010|0100110|10000100010110|0100|0010 0x049A11642
03 0000010|0100110|10000100011011|0100|1000 0x049A11B48
04 0000010|0010000|10011110111111|0011|0011 0x04427BF33
05 0000010|0100110|10101111001100|1110|1011 0x049ABCCEB
06 0000010|0100110|10111001100010|0010|0010 0x049AE6222
07 0000100|1011011|10000001001111|1111|1010 0x096E04FFA
08 0000100|1110001|10100001010110|0010|0001 0x09C685621
09 0000101|1011011|10101110110001|1100|1010 0x0B6EBB1CA
0a 0000110|0010000|10111100110011|1101|1010 0x0C42F33DA
0b 0001000|1110001|10001111100111|1010|0100 0x11C63E7A4
0c 0001000|1110001|10100011010101|0111|1000 0x11C68D578
0d 0001000|1011011|10101010100000|1111|0001 0x116EAA0F1
0e 0001000|1011011|10100011011101|1010|1000 0x116E8DDA8
BX = 101 Event : 30
00 0000000|1110001|10010110011001|1011|0001 0x01C6599B1
01 0000000|1110001|10010110011110|1011|1000 0x01C659EB8
02 0000000|1110001|10010110100101|1011|1011 0x01C65A5BB
03 0000000|1011011|10111111010100|1111|0001 0x016EFD4F1
04 0000000|1011011|10111101010010|1110|0001 0x016EF52E1
05 0000010|0100110|10000111111011|0110|1000 0x049A1FB68
06 0000010|0010000|10001000100101|1001|1000 0x044222598
07 0000011|0100110|10101101111001|1101|1000 0x069AB79D8
08 0000011|0100110|10101111101000|1110|1010 0x069ABE8EA
09 0000010|0100110|10111101011011|0100|0011 0x049AF5B43
0a 0000100|1110001|10010010100111|1011|1001 0x09C64A7B9
0b 0000100|1110001|10101001000101|0110|1001 0x09C6A4569
0c 0000100|1011011|10101001001001|1001|1001 0x096EA4999
0d 0000111|0010000|10001010101110|1011|0000 0x0E422AEB0
0e 0000110|0010000|10001110001010|1101|0001 0x0C4238AD1
0f 0000111|0100110|10110101011010|0111|1010 0x0E9AD5A7A
10 0000110|0100110|10110001000111|0011|0000 0x0C9AC4730
11 0001001|1110001|10100010101100|0111|0010 0x13C68AC72
BX = 110 Event : 31
00 0000000|1011011|10010001000100|0101|1010 0x016E4445A
01 0000000|1011011|10010000110101|0101|1001 0x016E43559
02 0000000|1110001|10010001111011|1001|1010 0x01C647B9A
03 0000011|0010000|10011000011100|0000|1011 0x064261C0B
04 0000011|0100110|10101111011001|1110|1010 0x069ABD9EA
05 0000100|1011011|10000111010110|0001|1011 0x096E1D61B
06 0000101|1110001|10011011101110|0000|0000 0x0BC66EE00
07 0000100|1110001|10011000001010|1110|0001 0x09C660AE1
08 0000100|1110001|10011000010111|1110|0010 0x09C6617E2
09 0000100|1110001|10011110111111|0001|1001 0x09C67BF19
0a 0001001|1011011|10110011011011|0100|1010 0x136ECDB4A
0b 0001000|1110001|10111101111011|1101|0100 0x11C6F7BD4
BX = 111 Event : 32
00 0000001|1110001|10110000100101|0110|0010 0x03C6C2562
01 0000011|0100110|10000010111100|0100|0010 0x069A0BC42
02 0000011|0010000|10100100100000|0111|1011 0x06429207B
03 0000011|0010000|10011100101000|0010|0001 0x064272821
04 0000011|0010000|10011011110110|0010|0000 0x06426F620
05 0000011|0010000|10010010101111|1110|0011 0x06424AFE3
06 0000010|0010000|10001111111001|1101|0011 0x04423F9D3
07 0000011|0100110|10110100111101|0000|0000 0x069AD3D00
08 0000010|0100110|10101000011010|1010|0000 0x049AA1AA0
09 0000101|1011011|10000110011111|0001|1010 0x0B6E19F1A
0a 0000101|1110001|10100011100101|0011|0011 0x0BC68E533
0b 0000101|1110001|10100101011001|0100|1000 0x0BC695948
0c 0000110|0100110|10000010000011|0011|0100 0x0C9A08334
0d 0000111|0010000|10001101111000|1101|0001 0x0E42378D1
0e 0000111|0010000|10001101100000|1101|1001 0x0E42360D9
0f 0000110|0100110|10100101111001|1101|0001 0x0C9A979D1
10 0000111|0010000|10111010010001|1011|0100 0x0E42E91B4
11 0001000|1110001|10011111101000|0100|1011 0x11C67E84B
12 0001000|1110001|10100000111100|0101|0010 0x11C683C52
BX = 000 Event : 33
00 0000011|0010000|10010110101111|0000|1001 0x06425AF09
01 0000011|0010000|10010000001111|1100|0011 0x064240FC3
02 0000010|0010000|10100110111001|0111|1000 0x04429B978
03 0000011|0100110|10101101100110|1101|1000 0x069AB66D8
04 0000010|0100110|10100110011101|1001|1010 0x049A99D9A
05 0000010|0100110|10101100101011|1101|0000 0x049AB2BD0
06 0000100|1110001|10001111100010|1001|0011 0x09C63E293
07 0000100|1110001|10001111101101|1001|1010 0x09C63ED9A
08 0000100|1110001|10001111110010|1001|0011 0x09C63F293
09 0000100|1110001|10001111110111|1001|0000 0x09C63F790
0a 0000111|0100110|10101011000000|0000|0100 0x0E9AAC004
0b 0000111|0100110|10101011011010|0000|1000 0x0E9AADA08
0c 0000110|0100110|10110000001011|0011|0100 0x0C9AC0B34
BX = 001 Event : 34
00 0000000|1011011|10000101011101|0000|1011 0x016E15D0B
01 0000010|0100110|10000001110100|0011|0001 0x049A07431
02 0000010|0010000|10011100001101|0010|0011 0x044270D23
03 0000010|0010000|10010101110000|0000|1001 0x044257009
04 0000010|0010000|10001010000001|1010|0011 0x0442281A3
05 0000010|0100110|10101111110110|1110|1000 0x049ABF6E8
06 0000101|1011011|10101000110111|1001|1010 0x0B6EA379A
07 0000111|0100110|10101110001010|0010|0011 0x0E9AB8A23
08 0000111|0100110|10101110010000|0010|1000 0x0E9AB9028
BX = 010 Event : 35
00 0000000|1011011|10010110010010|0111|1011 0x016E5927B
01 0000000|1011011|10001010011111|0010|1011 0x016E29F2B
02 0000000|1110001|10011110011010|1110|0010 0x01C679AE2
03 0000000|1011011|10111001100010|1101|0011 0x016EE62D3
04 0000011|0100110|10110100100101|0000|1001 0x069AD2509
05 0000010|0100110|10101111101101|1110|0011 0x049ABEDE3
06 0000010|0100110|10111110000000|0101|1000 0x049AF8058
07 0000101|1011011|10110100011111|0000|0000 0x0B6ED1F00
08 0000101|1011011|10101110111011|1100|1010 0x0B6EBBBCA
09 0000100|1011011|10111110110001|0101|0011 0x096EFB153
0a 0000111|0010000|10000111101010|1001|1000 0x0E421EA98
0b 0000110|0010000|10011110010011|0110|0010 0x0C4279362
0c 0000110|0010000|10010101011000|0001|1011 0x0C425581B
0d 0000111|0100110|10100001000000|1010|0001 0x0E9A840A1
0e 0000110|0100110|10100010101011|1011|0010 0x0C9A8ABB2
BX = 011 Event : 36
00 0000000|1011011|10001110011110|0100|1001 0x016E39E49
01 0000001|1110001|10011010001011|1100|1001 0x03C668BC9
02 0000001|1110001|10110010011011|0110|1001 0x03C6C9B69
03 0000000|1110001|10100011010000|0000|1010 0x01C68D00A
04 0000001|1011011|10110010001011|1001|0010 0x036EC8B92
05 0000011|0010000|10011101010011|0011|1010 0x06427533A
06 0000010|0100110|10110010100110|0000|0000 0x049ACA600
07 0000010|0100110|10111100001101|0100|1000 0x049AF0D48
08 0000101|1110001|10010010100101|1010|0010 0x0BC64A5A2
09 0000101|1011011|10110111110001|0001|0000 0x0B6EDF110
0a 0001001|1011011|10101110000000|0000|1010 0x136EB800A
BX = 100 Event : 37
00 0000001|1110001|10101100101010|0100|1010 0x03C6B2A4A
01 0000001|1110001|10101101010010|0100|1010 0x03C6B524A
02 0000000|1110001|10110011110110|0111|0011 0x01C6CF673
03 0000000|1011011|10110100111101|1011|0001 0x016ED3DB1
04 0000010|0010000|10100100100110|0110|0011 0x044292663
05 0000010|0010000|10010010011000|1110|1001 0x0442498E9
06 0000010|0100110|10100101010010|1001|0010 0x049A95292
07 0000010|0100110|10101100110001|1101|1000 0x049AB31D8
08 0000101|1011011|10010001011011|0111|0010 0x0B6E45B72
09 0000101|1011011|10101010101001|1010|1010 0x0B6EAA9AA
0a 0000101|1011011|10101010011010|1010|0001 0x0B6EA9AA1
0b 0000110|0010000|10001001101011|1010|0000 0x0C4226BA0
0c 0000110|0100110|10100001010011|1010|0010 0x0C9A853A2
0d 0001001|1110001|10010000011010|1011|1011 0x13C641ABB
0e 0001000|1110001|10010011000101|1101|0011 0x11C64C5D3
BX = 101 Event : 38
00 0000000|1011011|10000010011100|1111|1000 0x016E09CF8
01 0000000|1110001|10101110111111|0100|0001 0x01C6BBF41
02 0000000|1011011|10110111011011|1100|0000 0x016EDDBC0
03 0000011|0010000|10100001100000|0101|1010 0x06428605A
04 0000011|0010000|10011000010111|0000|0010 0x064261702
05 0000010|0100110|10111011000010|0011|0000 0x049AEC230
06 0000010|0100110|10111011001110|0011|0001 0x049AECE31
07 0000101|1011011|10001011111101|0100|1011 0x0B6E2FD4B
08 0000101|1110001|10100100111000|0100|1010 0x0BC69384A
09 0000111|0100110|10000111001011|0111|0001 0x0E9A1CB71
0a 0000110|0100110|10101101001111|0001|0100 0x0C9AB4F14
0b 0000110|0010000|10111011111100|1100|0001 0x0C42EFCC1
BX = 110 Event : 39
00 0000000|1011011|10001101000110|0011|0000 0x016E34630
01 0000011|0010000|10010111101001|0000|0001 0x06425E901
02 0000011|0010000|10010111100011|0000|1001 0x06425E309
03 0000010|0100110|10111011110011|0011|1001 0x049AEF339
04 0000101|1011011|10001010111101|0100|0010 0x0B6E2BD42
05 0000101|1110001|10010001100110|1010|0010 0x0BC6466A2
06 0000101|1110001|10010010011100|1010|1010 0x0BC649CAA
07 0000100|1110001|10010110011101|1101|0010 0x09C659DD2
08 0000100|1110001|10010110110110|1101|0001 0x09C65B6D1
09 0000100|1011011|10111001011100|0010|1001 0x096EE5C29
0a 0000110|0100110|10000010111111|0100|1001 0x0C9A0BF49
0b 0000111|0100110|10100111011000|1110|1000 0x0E9A9D8E8
0c 0000110|0100110|10101110111000|0010|0100 0x0C9ABB824
0d 0000110|0100110|10110110101010|0111|1001 0x0C9ADAA79
0e 0001000|1011011|10001000101101|0011|0001 0x116E22D31
BX = 111 Event : 40
00 0000001|1110001|10110010001000|0110|1011 0x03C6C886B
01 0000000|1011011|10111010000000|1101|1000 0x016EE80D8
02 0000010|0010000|10010110011101|0000|1001 0x044259D09
03 0000011|0100110|10101101100001|1101|0010 0x069AB61D2
04 0000100|1110001|10010101010100|1100|1010 0x09C6554CA
05 0000100|1110001|10100100001100|0100|0010 0x09C690C42
06 0000110|0010000|10001101100010|1101|1000 0x0C42362D8
07 0000110|0100110|10100101111101|1101|1001 0x0C9A97DD9
08 0001001|1110001|10011101100110|0011|1011 0x13C67663B
BX = 000 Event : 41
00 0000000|1110001|10110000010000|0101|0010 0x01C6C1052
01 0000001|1011011|10111001110000|1100|0011 0x036EE70C3
02 0000000|1011011|10110111011111|1100|1011 0x016EDDFCB
03 0000010|0010000|10011110010100|0011|0011 0x044279433
04 0000011|0100110|10111010101001|0011|0011 0x069AEA933
05 0000010|0100110|10101101001110|1101|1000 0x049AB4ED8
06 0000111|0100110|10100000001010|1001|1010 0x0E9A80A9A
07 0000111|0010000|10110110101100|1001|0010 0x0E42DAC92
08 0001000|1110001|10100001010101|0110|1010 0x11C68556A
BX = 001 Event : 42
00 0000000|1011011|10001001100100|0010|0001 0x016E26421
01 0000000|1110001|10011001111111|1100|0010 0x01C667FC2
02 0000001|1011011|10110101101110|1011|1011 0x036ED6EBB
03 0000010|0010000|10100110111011|0111|1000 0x04429BB78
04 0000010|0100110|10101101010000|1101|0001 0x049AB50D1
05 0000101|1011011|10001010110010|0100|0010 0x0B6E2B242
06 0000101|1011011|10000010010101|1111|0011 0x0B6E095F3
07 0000100|1011011|10111000001101|0001|0011 0x096EE0D13
08 0000100|1011011|10111000000100|0001|1001 0x096EE0419
09 0000100|1011011|10101100011011|1011|1001 0x096EB1BB9
0a 0000110|0010000|10010110001001|0001|0000 0x0C4258910
BX = 010 Event : 43
00 0000000|1011011|10001100000010|0011|0000 0x016E30230
01 0000010|0100110|10110101100000|0000|0000 0x049AD6000
02 0000101|1110001|10010001001011|1001|1010 0x0BC644B9A
03 0000101|1110001|10010001101000|1010|0000 0x0BC6468A0
04 0000101|1110001|10011101011100|0000|0000 0x0BC675C00
05 0000111|0010000|10011101001110|0110|1010 0x0E4274E6A
06 0000110|0010000|10001011101001|1100|0100 0x0C422E9C4
07 0001000|1011011|10110010100100|0011|0100 0x116ECA434
BX = 011 Event : 44
00 0000001|1110001|10101000100010|0010|0001 0x03C6A2221
01 0000010|0010000|10100100000011|0110|0001 0x044290361
02 0000011|0100110|10100111011101|1010|1001 0x069A9DDA9
03 0000100|1011011|10001101011011|0101|1011 0x096E35B5B
04 0000101|1110001|10100110000001|0101|0010 0x0BC698152
05 0000110|0010000|10010011010010|0000|0010 0x0C424D202
06 0000110|0010000|10001101110101|1101|0001 0x0C42375D1
07 0000111|0100110|10101101110101|0001|1010 0x0E9AB751A
08 0000111|0100110|10110110001110|0111|1000 0x0E9AD8E78
09 0000111|0100110|10110110011000|0111|1010 0x0E9AD987A
BX = 100 Event : 45
00 0000001|1011011|10001101010010|0011|1000 0x036E35238
01 0000000|1011011|10000111100111|0001|0010 0x016E1E712
02 0000000|1011011|10000111011101|0001|0001 0x016E1DD11
03 0000001|1110001|10101110100100|0101|0001 0x03C6BA451
04 0000000|1110001|10101110100011|0100|1001 0x01C6BA349
05 0000010|0100110|10000111111110|0110|1010 0x049A1FE6A
06 0000011|0010000|10010001111010|1101|1010 0x064247ADA
07 0000011|0010000|10001110001100|1011|1001 0x064238CB9
08 0000011|0100110|10111101011100|0101|0011 0x069AF5C53
09 0000010|0100110|10111111011000|0101|0011 0x049AFD853
0a 0000100|1011011|10000100001010|0000|1000 0x096E10A08
0b 0000100|1110001|10010011110010|1011|1010 0x09C64F2BA
0c 0000100|1110001|10100100001111|0100|0001 0x09C690F41
0d 0000100|1110001|10100101110010|0100|1000 0x09C697248
0e 0000110|0010000|10001110010011|1101|1000 0x0C42393D8
0f 0000111|0100110|10100001110010|1010|1001 0x0E9A872A9
10 0000111|0010000|10111111101111|1111|1010 0x0E42FEFFA
11 0001000|1110001|10011001111001|0000|0001 0x11C667901
BX = 101 Event : 46
00 0000001|1110001|10011100010001|1101|0011 0x03C6711D3
01 0000000|1110001|10110010100001|0110|1010 0x01C6CA16A
02 0000001|1011011|10111000000100|1100|0010 0x036EE04C2
03 0000000|1011011|10110011010101|1010|1011 0x016ECD5AB
04 0000011|0010000|10010000011111|1101|0011 0x064241FD3
05 0000011|0010000|10001110110110|1100|0011 0x06423B6C3
06 0000010|0010000|10100100101001|0110|1011 0x04429296B
07 0000010|0010000|10011000101100|0000|1010 0x044262C0A
08 0000010|0010000|10010010111101|1110|0001 0x04424BDE1
09 0000011|0100110|10101101010100|1101|1000 0x069AB54D8
0a 0000100|1011011|10001111100001|0110|0010 0x096E3E162
0b 0000100|1011011|10001101111000|0101|1001 0x096E37859
0c 0000100|1011011|10001100101010|0100|1010 0x096E32A4A
0d 0000100|1011011|10000100100100|0000|1010 0x096E1240A
0e 0000101|1110001|10100001101011|0010|0011 0x0BC686B23
0f 0000100|1110001|10001111001111|1001|0001 0x09C63CF91
10 0000101|1011011|10101111001000|1101|0001 0x0B6EBC8D1
11 0000100|1011011|10111000100100|0001|0001 0x096EE2411
12 0000110|0010000|10010000111111|1111|0001 0x0C4243FF1
13 0000110|0100110|10101111111101|0011|1011 0x0C9ABFD3B
14 0001001|1011011|10001000100110|0011|1010 0x136E2263A
BX = 110 Event : 47
00 0000001|1011011|10001000110100|0001|1011 0x036E2341B
01 0000001|1110001|10110011000111|0111|1010 0x03C6CC77A
02 0000001|1011011|10110011110100|1010|1010 0x036ECF4AA
03 0000000|1011011|10110000111010|1001|1010 0x016EC3A9A
04 0000100|1110001|10011000001110|1110|1001 0x09C660EE9
05 0000101|1011011|10111010100100|0010|0000 0x0B6EEA420
06 0000111|0010000|10011110000101|0111|1010 0x0E427857A
07 0000110|0100110|10110001001101|0011|1000 0x0C9AC4D38
08 0001000|1110001|10010100110010|1110|1001 0x11C6532E9
09 0001000|1110001|10011100100011|0010|1001 0x11C672329
BX = 111 Event : 48
00 0000001|1011011|10010001011001|0101|1000 0x036E45958
01 0000001|1011011|10010000111111|0101|1010 0x036E43F5A
02 0000001|1011011|10000011100000|0000|0011 0x036E0E003
03 0000001|1011011|10111110011010|1111|0011 0x036EF9AF3
04 0000010|0010000|10011101101111|0011|1011 0x044276F3B
05 0000010|0100110|10110010010111|0000|1010 0x049AC970A
06 0000101|1110001|10011100111010|0000|0011 0x0BC673A03
07 0000100|1110001|10101010001111|0111|1000 0x09C6A8F78
08 0000101|1011011|10111100010110|0011|0001 0x0B6EF1631
09 0000100|1011011|10101001100111|1010|0001 0x096EA67A1
0a 0000110|0100110|10000100000010|0101|0000 0x0C9A10250
0b 0000110|0100110|10000100010010|0101|0010 0x0C9A11252
0c 0001001|1110001|10010111010100|0000|1010 0x13C65D40A
BX = 000 Event : 49
00 0000000|1110001|10101100011110|0011|0010 0x01C6B1E32
01 0000001|1011011|10111111010000|1111|0001 0x036EFD0F1
02 0000001|1011011|10110100000011|1010|1011 0x036ED03AB
03 0000010|0010000|10011001011110|0000|0001 0x044265E01
04 0000010|0010000|10011001010110|0000|1010 0x04426560A
05 0000010|0010000|10010011010111|1110|0000 0x04424D7E0
06 0000011|0100110|10101010111101|1011|1000 0x069AABDB8
07 0000010|0100110|10110011010001|0000|1001 0x049ACD109
08 0000100|1011011|10001110111110|0110|0011 0x096E3BE63
09 0000100|1110001|10001110111010|1001|0010 0x09C63BA92
0a 0000100|1110001|10101010111010|0111|0000 0x09C6ABA70
0b 0000111|0100110|10000010001001|0100|0011 0x0E9A08943
0c 0000111|0100110|10000110100000|0110|1000 0x0E9A1A068
0d 0000111|0100110|10000110100011|0110|0001 0x0E9A1A361
0e 0001001|1011011|10110101110111|0110|1010 0x136ED776A
BX = 001 Event : 50
00 0000011|0010000|10011001000110|0000|0001 0x064264601
01 0000011|0010000|10010001001110|1101|1001 0x064244ED9
02 0000100|1110001|10010001110000|1010|0001 0x09C6470A1
03 0000100|1110001|10011000010111|1110|0011 0x09C6617E3
04 0000110|0100110|10101011101011|0000|1000 0x0C9AAEB08
BX = 010 Event : 51
00 0000000|1011011|10010100000001|0110|1011 0x016E5016B
01 0000000|1011011|10000110000101|0000|1000 0x016E18508
02 0000000|1110001|10010100000110|1010|1011 0x01C6506AB
03 0000011|0010000|10011101101100|0011|0001 0x064276C31
04 0000011|0010000|10011001001101|0000|0011 0x064264D03
05 0000010|0010000|10100101110010|0111|0011 0x044297273
06 0000010|0100110|10100110101111|1010|0011 0x049A9AFA3
07 0000010|0100110|10110011010101|0000|0011 0x049ACD503
08 0000100|1110001|10011110010001|0000|1001 0x09C679109
09 0000111|0100110|10101011010000|0000|0100 0x0E9AAD004
0a 0000110|0100110|10011111101001|1001|0001 0x0C9A7E991
0b 0000110|0100110|10100000000111|1010|1001 0x0C9A807A9
0c 0000110|0100110|10101101101100|0001|0011 0x0C9AB6C13
0d 0001000|1011011|10000011100101|0000|1010 0x116E0E50A
BX = 011 Event : 52
00 0000001|1011011|10001111111010|0101|0011 0x036E3FA53
01 0000000|1110001|10011000010010|1011|1010 0x01C6612BA
02 0000000|1110001|10011001001011|1100|0000 0x01C664BC0
03 0000000|1110001|10101000011111|0010|0000 0x01C6A1F20
04 0000000|1011011|10110110011101|1011|0010 0x016ED9DB2
05 0000010|0100110|10000000100001|0010|0010 0x049A02122
06 0000010|0100110|10000000100110|0010|1000 0x049A02628
07 0000010|0010000|10011101000111|0010|0010 0x044274722
08 0000011|0100110|10101000111011|1010|1010 0x069AA3BAA
09 0000011|0100110|10101101110000|1101|1010 0x069AB70DA
0a 0000010|0100110|10101111000000|1110|0010 0x049ABC0E2
0b 0000100|1011011|10101110000010|1100|0000 0x096EB82C0
0c 0000111|0100110|10101100010110|0000|0010 0x0E9AB1602
0d 0000110|0100110|10100111100000|1110|0100 0x0C9A9E0E4
BX = 100 Event : 53
00 0000001|1011011|10010010110110|0110|0001 0x036E4B661
01 0000001|1011011|10010010101110|0110|1010 0x036E4AE6A
02 0000001|1011011|10000100010010|0000|0011 0x036E11203
03 0000001|1110001|10011000001010|1011|0011 0x03C660AB3
04 0000010|0100110|10000101011011|0101|0010 0x049A15B52
05 0000010|0100110|10001000111001|0110|1000 0x049A23968
06 0000011|0010000|10011010100010|0001|0011 0x06426A213
07 0000010|0010000|10010110000110|0000|0010 0x044258602
08 0000010|0010000|10001001001000|1001|1001 0x044224899
09 0000100|1110001|10011001111111|1111|0001 0x09C667FF1
0a 0000100|1110001|10100000011111|0001|0000 0x09C681F10
BX = 101 Event : 54
00 0000010|0010000|10011101100001|0011|0001 0x044276131
01 0000011|0100110|10110101111010|0000|0011 0x069AD7A03
02 0000101|1011011|10001010111011|0100|0000 0x0B6E2BB40
03 0000100|1011011|10000011111101|0000|1001 0x096E0FD09
04 0000101|1011011|10110101001111|0000|0010 0x0B6ED4F02
05 0000100|1011011|10111000010110|0001|0001 0x096EE1611
06 0000111|0010000|10011011010100|0101|1001 0x0E426D459
07 0000110|0010000|10001011001010|1011|0001 0x0C422CAB1
08 0000110|0010000|10001010001100|1011|1010 0x0C4228CBA
09 0000110|0010000|10111010110000|1100|0011 0x0C42EB0C3
0a 0001001|1011011|10110001101011|0011|1010 0x136EC6B3A
0b 0001000|1110001|10111111101001|1111|1011 0x11C6FE9FB
BX = 110 Event : 55
00 0000001|1011011|10000011001100|0000|0000 0x036E0CC00
01 0000001|1110001|10101010000001|0010|0010 0x03C6A8122
02 0000001|1110001|10101010001000|0011|1001 0x03C6A8839
03 0000000|1110001|10110011111001|0111|1011 0x01C6CF97B
04 0000000|1011011|10111001010000|1101|0001 0x016EE50D1
05 0000010|0100110|10000101111110|0101|0011 0x049A17E53
06 0000010|0010000|10011111110101|0100|0010 0x04427F542
07 0000010|0100110|10101001010001|1011|0010 0x049AA51B2
08 0000100|1110001|10010000011101|1001|1010 0x09C641D9A
09 0000101|1011011|10110110110010|0000|1001 0x0B6EDB209
0a 0000110|0100110|10000101000001|0101|0010 0x0C9A14152
0b 0000111|0010000|10001110100010|1101|0010 0x0E423A2D2
0c 0000110|0100110|10101111101110|0011|0010 0x0C9ABEE32
0d 0001000|1011011|10001101110100|0111|1011 0x116E3747B
0e 0001001|1110001|10010010001011|1100|1000 0x13C648BC8
BX = 111 Event : 56
00 0000000|1110001|10011100110100|1101|0000 0x01C6734D0
01 0000010|0010000|10011110110100|0011|0010 0x04427B432
02 0000010|0010000|10010111111111|0000|0011 0x04425FF03
03 0000101|1011011|10000100010010|0000|1001 0x0B6E11209
04 0000101|1110001|10100101001001|0100|1001 0x0BC694949
05 0000100|1110001|10010100001001|1011|0001 0x09C6509B1
06 0000100|1011011|10111011100001|0011|0001 0x096EEE131
07 0000100|1011011|10110001011101|1110|0000 0x096EC5DE0
08 0000110|0100110|10000011001110|0100|1000 0x0C9A0CE48
09 0000111|0010000|10001010001001|1010|0000 0x0E42289A0
0a 0000110|0010000|10010110001011|0001|0010 0x0C4258B12
0b 0000110|0010000|10010100000000|0000|0100 0x0C4250004
0c 0000110|0100110|10100111111101|1111|1000 0x0C9A9FDF8
BX = 000 Event : 57
00 0000000|1011011|10001000011010|0001|0001 0x016E21A11
01 0000001|1110001|10100001101100|0000|0011 0x03C686C03
02 0000000|1110001|10011000111010|1100|1010 0x01C663ACA
03 0000000|1110001|10100101100010|0000|1010 0x01C69620A
04 0000000|1011011|10110101100111|1011|1001 0x016ED67B9
05 0000011|0100110|10000101110110|0101|1011 0x069A1765B
06 0000011|0100110|10110000010101|1110|0010 0x069AC15E2
07 0000010|0100110|10111101111100|0101|1000 0x049AF7C58
08 0000100|1011011|10000110110101|0001|1000 0x096E1B518
BX = 001 Event : 58
00 0000001|1011011|10001010010010|0010|1001 0x036E29229
01 0000010|0010000|10100101000111|0110|0000 0x044294760
02 0000010|0010000|10010111111111|0000|1011 0x04425FF0B
03 0000101|1110001|10101001100111|0111|1010 0x0BC6A677A
04 0000101|1011011|10110000100010|1101|0000 0x0B6EC22D0
05 0001000|1110001|10010101110000|1111|0010 0x11C6570F2
BX = 010 Event : 59
00 0000000|1011011|10000011101110|0000|1010 0x016E0EE0A
01 0000000|1110001|10011101001010|1110|0001 0x01C674AE1
02 0000001|1011011|10110100110010|1010|1011 0x036ED32AB
03 0000001|1011011|10110100010011|1010|1010 0x036ED13AA
04 0000011|0010000|10010001011101|1101|0011 0x064245DD3
05 0000010|0010000|10011010111011|0001|1000 0x04426BB18
06 0000010|0100110|10111101111100|0101|0010 0x049AF7C52
07 0000110|0010000|10010111111111|0010|1011 0x0C425FF2B
08 0000111|0100110|10101111000010|0010|1000 0x0E9ABC228
09 0001001|1011011|10001011110001|0110|1001 0x136E2F169
BX = 011 Event : 60
00 0000001|1011011|10000001110110|1111|0011 0x036E076F3
01 0000001|1110001|10100100000100|0000|1010 0x03C69040A
02 0000000|1110001|10100101101101|0000|1001 0x01C696D09
03 0000010|0100110|10001001010100|0111|1000 0x049A25478
04 0000010|0010000|10001001000100|1001|1001 0x044224499
05 0000111|0010000|10010000100101|1111|0000 0x0E42425F0
06 0001001|1011011|10000111000110|0010|0011 0x136E1C623
07 0001001|1011011|10000110100110|0010|1001 0x136E1A629
08 0001001|1110001|10010101110100|1111|1010 0x13C6574FA
09 0001001|1110001|10011111101111|0101|1000 0x13C67EF58
0a 0001000|1110001|10010000110010|1011|1000 0x11C6432B8
BX = 100 Event : 61
00 0000001|1011011|10010101011010|0111|1010 0x036E55A7A
01 0000000|1011011|10010010011101|0101|1000 0x016E49D58
02 0000000|1011011|10001111001010|0100|0011 0x016E3CA43
03 0000001|1110001|10010100100110|1001|1011 0x03C65269B
04 0000000|1110001|10011010010111|1100|0011 0x01C6697C3
05 0000000|1110001|10110011100010|0110|1010 0x01C6CE26A
06 0000010|0100110|10000100010111|0100|1000 0x049A11748
07 0000011|0100110|10111101100001|0101|0011 0x069AF6153
08 0000100|1011011|10111100011000|0011|1010 0x096EF183A
09 0000111|0010000|10001100011110|1100|1011 0x0E4231ECB
0a 0000110|0010000|10010001101011|1111|0001 0x0C4246BF1
0b 0000110|0010000|10000111111111|1001|1000 0x0C421FF98
0c 0000111|0100110|10110010011000|0100|1010 0x0E9AC984A
0d 0000110|0100110|10101110010110|0010|1000 0x0C9AB9628
BX = 101 Event : 62
00 0000001|1011011|10001111101101|0101|0010 0x036E3ED52
01 0000001|1110001|10110100000111|0111|0001 0x03C6D0771
02 0000001|1011011|10111010111100|1101|1010 0x036EEBCDA
03 0000010|0100110|10000001001110|0011|0001 0x049A04E31
04 0000010|0100110|10000101010000|0101|1000 0x049A15058
05 0000010|0100110|10110110110100|0001|0011 0x049ADB413
06 0000101|1110001|10100101111011|0101|0011 0x0BC697B53
07 0000101|1011011|10111001100011|0010|1001 0x0B6EE6329
08 0000100|1011011|10111010010010|0010|0001 0x096EE9221
09 0000111|0100110|10000110111010|0111|1000 0x0E9A1BA78
0a 0000110|0100110|10110010011111|0100|1011 0x0C9AC9F4B
BX = 110 Event : 63
00 0000001|1110001|10110010001110|0110|0001 0x03C6C8E61
01 0000001|1110001|10110010011111|0111|1011 0x03C6C9F7B
02 0000001|1011011|10110111001001|1011|0010 0x036EDC9B2
03 0000001|1011011|10110010100000|1001|0001 0x036ECA091
04 0000010|0010000|10010101100000|1111|1010 0x0442560FA
05 0000011|0100110|10111111101111|0110|1001 0x069AFEF69
06 0000100|1011011|10000111000101|0001|0000 0x096E1C510
07 0000101|1011011|10110110111001|0000|0000 0x0B6EDB900
08 0000100|1011011|10110000010100|1101|0010 0x096EC14D2
09 0000110|0010000|10010111101101|0010|0100 0x0C425ED24
0a 0000111|0100110|10110100110100|0110|0000 0x0E9AD3460
0b 0000110|0100110|10101010111000|0000|0001 0x0C9AAB801
BX = 111 Event : 64
00 0000000|1011011|10000000010110|1110|1001 0x016E016E9
01 0000001|1110001|10010100001111|1001|0000 0x03C650F90
02 0000010|0100110|10000010000110|0011|1011 0x049A0863B
03 0000011|0010000|10001100011001|1010|0001 0x0642319A1
04 0000010|0100110|10101101110100|1101|1001 0x049AB74D9
05 0000010|0100110|10110110001100|0001|1010 0x049AD8C1A
06 0000010|0100110|10111001001101|0010|1001 0x049AE4D29
07 0000101|1011011|10000110101001|0001|1000 0x0B6E1A918
08 0000101|1110001|10010101100110|1100|0011 0x0BC6566C3
09 0000100|1011011|10111010100001|0010|0011 0x096EEA123
0a 0000110|0100110|10000101110010|0110|0000 0x0C9A17260
0b 0000110|0010000|10110111100000|1010|0001 0x0C42DE0A1
0c 0001000|1011011|10110110110011|0110|1011 0x116EDB36B
BX = 000 Event : 65
00 0000001|1011011|10001111010100|0100|0010 0x036E3D442
01 0000001|1110001|10100110010100|0001|1010 0x03C69941A
02 0000001|1110001|10101001110000|0010|0001 0x03C6A7021
03 0000010|0010000|10011100000100|0010|1001 0x044270429
04 0000010|0010000|10011011111100|0010|1000 0x04426FC28
05 0000010|0010000|10010000100110|1101|1000 0x0442426D8
06 0000010|0010000|10001110000111|1100|0011 0x0442387C3
07 0000101|1011011|10001001111000|0011|1011 0x0B6E2783B
08 0000101|1011011|10111110110010|0101|0011 0x0B6EFB253
09 0000101|1011011|10101111110110|1101|0011 0x0B6EBF6D3
0a 0000111|0100110|10101000111011|1111|0001 0x0E9AA3BF1
0b 0000111|0100110|10110011110000|0101|0000 0x0E9ACF050
0c 0000111|0100110|10110011111111|0110|0011 0x0E9ACFF63
0d 0000111|0010000|10111111001011|1110|0000 0x0E42FCBE0
BX = 001 Event : 66
00 0000001|1011011|10001010101011|0010|1010 0x036E2AB2A
01 0000001|1110001|10010111101011|1011|1000 0x03C65EBB8
02 0000000|1110001|10011101110111|1110|0010 0x01C6777E2
03 0000011|0010000|10011010010010|0001|0011 0x064269213
04 0000100|1011011|10110101010110|0000|1000 0x096ED5608
05 0000100|1011011|10110101001111|0000|0001 0x096ED4F01
06 0000111|0100110|10000011011100|0100|0100 0x0E9A0DC44
07 0000111|0010000|10001110010100|1101|0010 0x0E42394D2
08 0000111|0100110|10100101100010|1101|0011 0x0E9A962D3
09 0000110|0010000|10110111111100|1010|0010 0x0C42DFCA2
0a 0001000|1110001|10001110000001|1001|0011 0x11C638193
0b 0001000|1110001|10011000101101|0000|1010 0x11C662D0A
BX = 010 Event : 67
00 0000001|1011011|10010100110010|0111|1011 0x036E5327B
01 0000001|1011011|10001101010100|0011|0010 0x036E35432
02 0000001|1011011|10001101001000|0011|1010 0x036E3483A
03 0000001|1110001|10010110000101|1010|0011 0x03C6585A3
04 0000001|1110001|10101110101100|0101|1010 0x03C6BAC5A
05 0000011|0100110|10000000101111|0010|0001 0x069A02F21
06 0000011|0010000|10011100101000|0010|0001 0x064272821
07 0000011|0010000|10001011000001|1010|0000 0x06422C1A0
08 0000010|0010000|10011101011001|0010|0001 0x044275921
09 0000010|0010000|10010000011010|1101|1000 0x044241AD8
0a 0000010|0100110|10101110110001|1110|1000 0x049ABB1E8
0b 0000010|0100110|10110111101010|0001|0011 0x049ADEA13
0c 0000101|1011011|10000110011111|0001|1010 0x0B6E19F1A
0d 0000100|1011011|10001011001110|0100|0001 0x096E2CE41
0e 0000101|1110001|10010001111010|1010|1001 0x0BC647AA9
0f 0000100|1011011|10101101001101|1100|1010 0x096EB4DCA
10 0000110|0010000|10011010010111|0100|0011 0x0C4269743
11 0001001|1011011|10110100111111|0101|1001 0x136ED3F59
12 0001001|1110001|10111111010010|1110|0100 0x13C6FD2E4
BX = 011 Event : 68
00 0000000|1011011|10001110011011|0100|0000 0x016E39B40
01 0000001|1110001|10110001110010|0110|1000 0x03C6C7268
02 0000000|1011011|10111100010010|1110|1000 0x016EF12E8
03 0000010|0010000|10001100111011|1011|0011 0x044233BB3
04 0000010|0100110|10101001010011|1011|1000 0x049AA53B8
BX = 100 Event : 69
00 0000001|1011011|10010100010110|0111|0000 0x036E51670
01 0000001|1110001|10010100101010|1001|0001 0x03C652A91
02 0000000|1110001|10100111101110|0001|0000 0x01C69EE10
03 0000000|1011011|10111000011100|1100|0001 0x016EE1CC1
04 0000011|0010000|10010010101001|1110|0001 0x06424A9E1
05 0000010|0010000|10100011001000|0101|1010 0x04428C85A
06 0000010|0010000|10010111000101|0000|1010 0x04425C50A
07 0000011|0100110|10101101110011|1101|0000 0x069AB73D0
08 0000101|1011011|10001100110100|0101|1010 0x0B6E3345A
09 0000100|1110001|10010010101110|1011|0001 0x09C64AEB1
0a 0000100|1110001|10011100010100|0000|1010 0x09C67140A
0b 0000110|0010000|10011100111001|0110|0011 0x0C4273963
0c 0000110|0010000|10010000010010|1110|1011 0x0C42412EB
0d 0001000|1011011|10110010001110|0011|0000 0x116EC8E30
0e 0001000|1011011|10100100010000|1010|0001 0x116E910A1
BX = 101 Event : 70
00 0000000|1011011|10001000011001|0001|0011 0x016E21913
01 0000001|1110001|10100111100110|0001|1010 0x03C69E61A
02 0000010|0100110|10000110001111|0101|0011 0x049A18F53
03 0000011|0010000|10100101011110|0111|0011 0x064295E73
04 0000011|0010000|10100011010100|0110|1000 0x06428D468
05 0000101|1110001|10100000101110|0010|0010 0x0BC682E22
06 0000100|1110001|10011110111101|0001|0001 0x09C67BD11
07 0000100|1110001|10100011010110|0011|0000 0x09C68D630
08 0000100|1110001|10100100010110|0100|0010 0x09C691642
09 0000111|0100110|10100110010011|1101|1011 0x0E9A993DB
BX = 110 Event : 71
00 0000001|1110001|10101001111010|0010|0000 0x03C6A7A20
01 0000001|1110001|10101010110000|0011|0011 0x03C6AB033
02 0000010|0100110|10000001000111|0010|0011 0x049A04723
03 0000011|0010000|10010010110000|1110|0000 0x06424B0E0
04 0000011|0010000|10010010100001|1110|0010 0x06424A1E2
05 0000010|0010000|10100100110000|0110|1000 0x044293068
06 0000011|0100110|10111001101001|0011|0010 0x069AE6932
07 0000010|0100110|10100101000001|1001|0000 0x049A94190
08 0000101|1011011|10001011010101|0100|1010 0x0B6E2D54A
09 0000101|1110001|10011111001010|0001|0010 0x0BC67CA12
0a 0000100|1011011|10110111101100|0001|1001 0x096EDEC19
0b 0000110|0010000|10011111001101|0111|0011 0x0C427CD73
0c 0000110|0010000|10010001001101|1111|0011 0x0C4244DF3
0d 0000110|0010000|10001111001001|1110|1001 0x0C423C9E9
0e 0000111|0100110|10101101011111|0001|0011 0x0E9AB5F13
0f 0000111|0100110|10110100001110|0110|1001 0x0E9AD0E69
10 0001000|1011011|10101110110011|0001|0001 0x116EBB311
BX = 111 Event : 72
00 0000001|1011011|10010100111000|0111|1000 0x036E53878
01 0000001|1011011|10001100001000|0011|1010 0x036E3083A
02 0000001|1011011|10000100101010|0000|0000 0x036E12A00
03 0000000|1011011|10000011011110|0000|0011 0x016E0DE03
04 0000001|1110001|10100110001110|0001|1000 0x03C698E18
05 0000000|1110001|10110011011110|0110|0011 0x01C6CDE63
06 0000000|1011011|10111100011010|1110|0011 0x016EF1AE3
07 0000000|1011011|10110011010011|1010|0010 0x016ECD3A2
08 0000011|0100110|10000101001110|0101|1000 0x069A14E58
09 0000011|0100110|10001000111010|0111|1001 0x069A23A79
0a 0000011|0010000|10011100100100|0010|0010 0x064272422
0b 0000011|0010000|10010110110001|0000|0010 0x06425B102
0c 0000011|0100110|10111001101111|0011|1000 0x069AE6F38
0d 0000101|1011011|10000001101110|1111|0001 0x0B6E06EF1
0e 0000100|1011011|10001010111000|0011|1010 0x096E2B83A
0f 0000100|1011011|10000100101100|0000|1010 0x096E12C0A
10 0000101|1110001|10010111111101|1101|0010 0x0BC65FDD2
11 0000110|0010000|10010100101001|0000|0011 0x0C4252903
12 0000111|0100110|10101001100100|0000|1000 0x0E9AA6408
13 0001000|1011011|10000001111000|1111|1010 0x116E078FA
14 0001000|1110001|10010111111110|0000|0000 0x11C65FE00
15 0001000|1011011|10100001111101|1001|0000 0x116E87D90
BX = 000 Event : 73
00 0000001|1011011|10000110001101|0000|1000 0x036E18D08
01 0000001|1110001|10100110010000|0001|1010 0x03C69901A
02 0000000|1110001|10011101110011|1110|0001 0x01C6773E1
03 0000011|0100110|10110000111010|1111|1001 0x069AC3AF9
04 0000011|0100110|10110010010100|0000|0011 0x069AC9403
05 0000101|1110001|10010011110101|1011|0010 0x0BC64F5B2
06 0000101|1110001|10011001111001|1111|1010 0x0BC6679FA
07 0000100|1110001|10011011101101|0000|1010 0x09C66ED0A
08 0000101|1011011|10110000101101|1101|0001 0x0B6EC2DD1
09 0000110|0010000|10011011001110|0100|1001 0x0C426CE49
0a 0001001|1110001|10001110010101|1001|1010 0x13C63959A
BX = 001 Event : 74
00 0000001|1110001|10011010000100|1100|0000 0x03C6684C0
01 0000000|1110001|10010100101000|1010|0001 0x01C6528A1
02 0000001|1011011|10111010011110|1101|0011 0x036EE9ED3
03 0000010|0100110|10110100011110|0000|1010 0x049AD1E0A
04 0001001|1011011|10001010011101|0101|0011 0x136E29D53
BX = 010 Event : 75
00 0000000|1110001|10101100001100|0011|0001 0x01C6B0C31
01 0000001|1011011|10111001010111|1100|0000 0x036EE57C0
02 0000011|0100110|10000100100101|0101|0011 0x069A12553
03 0000010|0100110|10000010001001|0011|0011 0x049A08933
04 0000011|0010000|10100010010000|0101|1001 0x064289059
05 0000101|1110001|10010101010010|1100|0001 0x0BC6552C1
06 0000101|1011011|10111101101101|0100|0011 0x0B6EF6D43
07 0000111|0100110|10101010101100|0000|0001 0x0E9AAAC01
08 0001000|1011011|10110100101110|0101|1011 0x116ED2E5B
BX = 011 Event : 76
00 0000000|1011011|10001110000001|0011|1001 0x016E38139
01 0000001|1110001|10101011010101|0011|1001 0x03C6AD539
02 0000000|1011011|10111111010100|1111|1001 0x016EFD4F9
03 0000011|0010000|10010000101111|1101|1000 0x064242FD8
04 0000011|0010000|10010000000100|1100|1001 0x0642404C9
05 0000011|0010000|10001111100101|1100|1010 0x06423E5CA
06 0000010|0010000|10100100001011|0110|0010 0x044290B62
07 0000010|0010000|10010011011010|1110|1010 0x04424DAEA
08 0000010|0100110|10100100100010|1001|0001 0x049A92291
09 0000010|0100110|10111111101110|0101|0010 0x049AFEE52
0a 0000100|1011011|10010000111010|0111|1001 0x096E43A79
0b 0000101|1110001|10010100000100|1011|1000 0x0BC6504B8
0c 0000100|1110001|10010001000101|1010|1010 0x09C6445AA
0d 0000100|1011011|10111110010110|0100|0010 0x096EF9642
0e 0000111|0010000|10011011111010|0101|0001 0x0E426FA51
0f 0000111|0010000|10011001101010|0100|1010 0x0E4266A4A
10 0000111|0100110|10101000010111|1111|1000 0x0E9AA17F8
11 0000111|0100110|10101101110010|0001|0000 0x0E9AB7210
12 0000111|0100110|10101110011011|0010|0000 0x0E9AB9B20
13 0000111|0100110|10101110100001|0010|1011 0x0E9ABA12B
14 0001000|1011011|10001100000000|0101|1000 0x116E30058
15 0001001|1110001|10010010101100|1100|1010 0x13C64ACCA
16 0001000|1110001|10010111101011|0000|0010 0x11C65EB02
17 0001000|1110001|10011001010110|0000|0011 0x11C665603
18 0001000|1110001|10011011011001|0010|0001 0x11C66D921
19 0001000|1110001|10011011101100|0010|0001 0x11C66EC21
1a 0001000|1011011|10110011101100|0100|1000 0x116ECEC48
BX = 100 Event : 77
00 0000001|1110001|10011111110100|1111|0011 0x03C67F4F3
01 0000001|1011011|10111110011110|1111|0000 0x036EF9EF0
02 0000001|1011011|10110100101011|1010|0010 0x036ED2BA2
03 0000011|0010000|10100100100010|0111|1011 0x06429227B
04 0000011|0010000|10010011001011|1110|0010 0x06424CBE2
05 0000010|0010000|10010101110100|0000|1000 0x044257408
06 0000010|0010000|10010100011110|1111|1001 0x044251EF9
07 0000011|0100110|10110010110011|0000|1010 0x069ACB30A
08 0000100|1011011|10010010001111|0111|0010 0x096E48F72
09 0000101|1110001|10011001100010|1110|1011 0x0BC6662EB
0a 0000101|1110001|10101000111111|0111|1001 0x0BC6A3F79
0b 0000100|1110001|10010010111110|1011|0001 0x09C64BEB1
0c 0000100|1110001|10100101000110|0100|1010 0x09C69464A
0d 0000101|1011011|10101000100100|1001|1000 0x0B6EA2498
0e 0000100|1011011|10110010010110|1111|0000 0x096EC96F0
0f 0000110|0100110|10000110000110|0110|1010 0x0C9A1866A
10 0000111|0010000|10010011110101|0000|1001 0x0E424F509
11 0001000|1110001|10011011011010|0010|1001 0x11C66DA29
12 0001000|1011011|10110000110100|0010|1000 0x116EC3428
BX = 101 Event : 78
00 0000001|1011011|10000011010111|0000|0011 0x036E0D703
01 0000001|1110001|10011100010111|1101|1010 0x03C6717DA
02 0000101|1011011|10111111010011|0101|1001 0x0B6EFD359
03 0000110|0100110|10000110010100|0110|1001 0x0C9A19469
04 0000110|0100110|10000110100011|0110|0010 0x0C9A1A362
05 0000110|0010000|10011100110010|0101|1011 0x0C427325B
BX = 110 Event : 79
00 0000011|0100110|10000100110010|0101|0010 0x069A13252
01 0000010|0100110|10000100011001|0100|0000 0x049A11940
02 0000011|0010000|10011110001011|0011|0011 0x064278B33
03 0000100|1110001|10011101010010|0000|0011 0x09C675203
04 0000101|1011011|10110001000001|1110|1011 0x0B6EC41EB
05 0000100|1011011|10111000001011|0001|0010 0x096EE0B12
06 0000111|0100110|10110011010101|0101|0100 0x0E9ACD554
07 0000110|0010000|10111001101000|1011|0000 0x0C42E68B0
08 0001000|1011011|10101101101001|0000|1010 0x116EB690A
BX = 111 Event : 80
00 0000000|1011011|10000100000101|0000|1001 0x016E10509
01 0000001|1110001|10101101011101|0100|1001 0x03C6B5D49
02 0000010|0100110|10000010111110|0011|1010 0x049A0BE3A
03 0000011|0010000|10011000110101|0000|0000 0x064263500
04 0000011|0010000|10010101111100|0000|1010 0x064257C0A
05 0000010|0100110|10110010000001|1111|0011 0x049AC81F3
06 0000100|1011011|10001011011110|0100|0010 0x096E2DE42
07 0000100|1110001|10100010010100|0010|1001 0x09C689429
08 0000100|1110001|10100010100100|0011|1010 0x09C68A43A
09 0001000|1110001|10111110010010|1110|0001 0x11C6F92E1
BX = 000 Event : 81
00 0000000|1011011|10010011101101|0110|0010 0x016E4ED62
01 0000010|0010000|10010111001010|0000|1000 0x04425CA08
02 0000010|0010000|10010000100010|1101|1000 0x0442422D8
03 0000101|1011011|10000110100000|0001|0010 0x0B6E1A012
04 0000101|1011011|10000110010011|0001|1000 0x0B6E19318
05 0000101|1110001|10010011001110|1011|0000 0x0BC64CEB0
06 0000101|1110001|10100011111011|0100|1010 0x0BC68FB4A
07 0000100|1110001|10011100011001|0000|1010 0x09C67190A
08 0000101|1011011|10110000101110|1101|1011 0x0B6EC2EDB
09 0000111|0100110|10100101011111|1101|1000 0x0E9A95FD8
0a 0000111|0100110|10110001000011|0100|0001 0x0E9AC4341
0b 0000111|0100110|10110010111000|0101|0001 0x0E9ACB851
0c 0000110|0100110|10100011100100|1100|0001 0x0C9A8E4C1
0d 0000110|0100110|10101011100011|0000|1000 0x0C9AAE308
0e 0000111|0010000|10111101101110|1101|1000 0x0E42F6ED8
0f 0000111|0010000|10111011100101|1100|0011 0x0E42EE5C3
10 0000110|0010000|10111110010000|1110|0100 0x0C42F90E4
11 0001000|1011011|10110010001110|0011|1000 0x116EC8E38
12 0001000|1011011|10110000001010|0001|0001 0x116EC0A11
13 0001000|1110001|10110111101011|1001|1010 0x11C6DEB9A
14 0001000|1110001|10111110001101|1110|1001 0x11C6F8DE9
BX = 001 Event : 82
00 0000001|1011011|10001000011100|0001|0011 0x036E21C13
01 0000010|0100110|10110011000110|0000|0010 0x049ACC602
02 0000010|0100110|10110011101000|0000|1001 0x049ACE809
03 0000101|1011011|10000101001000|0000|0010 0x0B6E14802
04 0000100|1011011|10010010001111|0111|0011 0x096E48F73
05 0000101|1110001|10100110010101|0101|1010 0x0BC69955A
06 0000100|1110001|10010010010100|1010|0010 0x09C6494A2
07 0001001|1011011|10000011101111|0000|1011 0x136E0EF0B
08 0001000|1110001|10111010011010|1011|0001 0x11C6E9AB1
BX = 010 Event : 83
00 0000001|1110001|10011000101011|1011|1001 0x03C662BB9
01 0000001|1110001|10011000110110|1011|0000 0x03C6636B0
02 0000010|0100110|10000010001111|0011|0010 0x049A08F32
03 0000010|0010000|10011110111001|0011|1001 0x04427B939
04 0000010|0100110|10100111000100|1010|1010 0x049A9C4AA
05 0000100|1110001|10100111000001|0101|0000 0x09C69C150
06 0000101|1011011|10110111000011|0000|1000 0x0B6EDC308
07 0000100|1011011|10101000110010|1001|0011 0x096EA3293
BX = 011 Event : 84
00 0000011|0100110|10000111000010|0110|1011 0x069A1C26B
01 0000010|0100110|10111110111001|0101|1001 0x049AFB959
02 0000110|0010000|10001100001100|1100|0010 0x0C4230CC2
BX = 100 Event : 85
00 0000001|1011011|10111000100110|1100|0010 0x036EE26C2
01 0000011|0010000|10100100011111|0111|1010 0x064291F7A
02 0000011|0010000|10011110010011|0011|1010 0x06427933A
03 0000011|0010000|10011011101101|0010|0011 0x06426ED23
04 0000011|0100110|10111010111001|0011|0001 0x069AEB931
05 0000010|0100110|10111000001010|0010|1010 0x049AE0A2A
06 0000010|0100110|10111010111100|0011|1001 0x049AEBC39
07 0000010|0100110|10111110110011|0101|1001 0x049AFB359
08 0000100|1110001|10011010111000|1111|0011 0x09C66B8F3
09 0000100|1110001|10100101000011|0100|1010 0x09C69434A
0a 0000111|0100110|10101110001010|0010|0100 0x0E9AB8A24
0b 0001001|1011011|10100101000000|1011|1011 0x136E940BB
0c 0001000|1011011|10110001010101|0010|0011 0x116EC5523
BX = 101 Event : 86
00 0000001|1110001|10110011001010|0111|1001 0x03C6CCA79
01 0000001|1110001|10110011011100|0111|0011 0x03C6CDC73
02 0000000|1110001|10011100101000|1101|0010 0x01C6728D2
03 0000010|0010000|10011010001011|0001|0010 0x044268B12
04 0000010|0010000|10001100101100|1011|0000 0x044232CB0
05 0000010|0100110|10111111100110|0101|0010 0x049AFE652
06 0000101|1011011|10110011011100|1111|0011 0x0B6ECDCF3
07 0000100|1011011|10111001000010|0001|1001 0x096EE4219
08 0000110|0010000|10010010111100|0000|1010 0x0C424BC0A
09 0000111|0100110|10101111010000|0010|1011 0x0E9ABD02B
0a 0000111|0010000|10111010100000|1011|0010 0x0E42EA0B2
0b 0001001|1011011|10001010110100|0101|0011 0x136E2B453
0c 0001000|1011011|10110001001011|0010|1011 0x116EC4B2B
0d 0001000|1110001|10111010000001|1011|0011 0x11C6E81B3
0e 0001000|1110001|10111010001100|1011|1011 0x11C6E8CBB
BX = 110 Event : 87
00 0000000|1011011|10010011001101|0110|1001 0x016E4CD69
01 0000000|1011011|10000100000000|0000|1000 0x016E10008
02 0000000|1110001|10010001111001|1001|0011 0x01C647993
03 0000000|1110001|10010100110000|1010|0001 0x01C6530A1
04 0000000|1110001|10100001000010|1111|1010 0x01C6842FA
05 0000011|0100110|10111110000101|0101|0011 0x069AF8553
06 0000010|0100110|10111101101111|0100|0000 0x049AF6F40
07 0000010|0100110|10111101110100|0100|0000 0x049AF7440
08 0000101|1110001|10010010001010|1010|1011 0x0BC648AAB
09 0001001|1110001|10001110000011|1001|1001 0x13C638399
BX = 111 Event : 88
00 0000011|0010000|10100100101001|0111|1001 0x064292979
01 0000011|0100110|10101010011110|1011|0001 0x069AA9EB1
02 0000100|1011011|10000000100010|1110|1010 0x096E022EA
03 0000100|1110001|10101001011111|0111|0010 0x09C6A5F72
04 0000110|0010000|10111100001100|1101|0100 0x0C42F0CD4
BX = 000 Event : 89
00 0000001|1011011|10010101001101|0111|1001 0x036E54D79
01 0000001|1011011|10001000011000|0001|1010 0x036E2181A
02 0000001|1110001|10010101011001|1010|1011 0x03C6559AB
03 0000001|1110001|10011010110111|1100|0010 0x03C66B7C2
04 0000001|1110001|10110000011111|0110|1011 0x03C6C1F6B
05 0000000|1110001|10011010000111|1100|0000 0x01C6687C0
06 0000011|0010000|10011010100010|0001|0011 0x06426A213
07 0000011|0010000|10011001110010|0001|0011 0x064267213
08 0000011|0010000|10011001101001|0001|1001 0x064266919
09 0000011|0010000|10010011101111|1110|1010 0x06424EFEA
0a 0000011|0010000|10001100000000|1010|1010 0x0642300AA
0b 0000101|1011011|10001110000101|0101|1010 0x0B6E3855A
0c 0000101|1011011|10000001111011|1111|1010 0x0B6E07BFA
0d 0000111|0010000|10010000001101|1110|0011 0x0E4240DE3
0e 0000111|0010000|10001110001010|1101|0011 0x0E4238AD3
0f 0000110|0010000|10001110000011|1101|0001 0x0C42383D1
10 0000110|0010000|10001100100010|1100|1011 0x0C42322CB
11 0000110|0100110|10100100111001|1101|1010 0x0C9A939DA
12 0001001|1110001|10011110000100|0100|0011 0x13C678443
13 0001000|1110001|10001111100101|1010|0011 0x11C63E5A3
BX = 001 Event : 90
00 0000000|1011011|10000111111000|0001|1000 0x016E1F818
01 0000001|1110001|10010110110001|1010|1000 0x03C65B1A8
02 0000001|1011011|10110111011000|1011|1011 0x036EDD8BB
03 0000010|0010000|10100010101010|0101|1010 0x04428AA5A
04 0000010|0100110|10111010101110|0011|0011 0x049AEAE33
05 0000100|1011011|10000100010010|0000|1001 0x096E11209
06 0000101|1110001|10010010101010|1010|1010 0x0BC64AAAA
07 0000100|1110001|10010011001101|1011|0011 0x09C64CDB3
08 0000100|1110001|10101010011001|0111|1011 0x09C6A997B
09 0000111|0100110|10110110000101|0111|1001 0x0E9AD8579
0a 0000110|0010000|10111111010001|1111|0010 0x0C42FD1F2
0b 0001000|1011011|10101001000011|1110|0011 0x116EA43E3
BX = 010 Event : 91
00 0000000|1110001|10110010110011|0110|0001 0x01C6CB361
01 0000000|1011011|10111001110111|1101|1010 0x016EE77DA
02 0000000|1011011|10110011001001|1010|0001 0x016ECC9A1
03 0000010|0100110|10001001011010|0111|0010 0x049A25A72
04 0000011|0010000|10001101001011|1011|1001 0x064234BB9
05 0000010|0010000|10001001001101|1001|0001 0x044224D91
06 0000100|1110001|10011001100100|1111|1000 0x09C6664F8
07 0000111|0010000|10110111101111|1001|0100 0x0E42DEF94
08 0001001|1011011|10100110000000|1011|1010 0x136E980BA
09 0001000|1011011|10101111110111|0001|1000 0x116EBF718
BX = 011 Event : 92
00 0000000|1011011|10001000100010|0001|0010 0x016E22212
01 0000000|1110001|10010111110000|1011|0000 0x01C65F0B0
02 0000011|0010000|10100100101001|0111|1001 0x064292979
03 0000011|0100110|10101010011110|1011|0001 0x069AA9EB1
04 0000100|1011011|10000000100010|1110|1010 0x096E022EA
05 0000100|1110001|10101001011111|0111|0010 0x09C6A5F72
06 0000110|0010000|10111100001100|1101|0100 0x0C42F0CD4
BX = 100 Event : 93
00 0000001|1011011|10001101010001|0011|0000 0x036E35130
01 0000001|1011011|10000101111000|0000|1010 0x036E1780A
02 0000000|1011011|10000101001000|0000|0010 0x016E14802
03 0000001|1110001|10110001010101|0110|0011 0x03C6C5563
04 0000000|1110001|10100000010111|1111|0000 0x01C6817F0
05 0000000|1110001|10100010000010|0000|1010 0x01C68820A
06 0000001|1011011|10110111101011|1011|1000 0x036EDEBB8
07 0000001|1011011|10110001111000|1001|0010 0x036EC7892
08 0000011|0100110|10000100100000|0101|1010 0x069A1205A
09 0000010|0100110|10000101010001|0101|1001 0x049A15159
0a 0000010|0010000|10100110100111|0111|0011 0x04429A773
0b 0000010|0010000|10011100101010|0010|1000 0x044272A28
0c 0000011|0100110|10110001111000|1111|1000 0x069AC78F8
0d 0000010|0100110|10110001111101|1111|0010 0x049AC7DF2
0e 0000100|1011011|10000110100001|0001|1011 0x096E1A11B
0f 0000100|1011011|10000011111010|0000|1000 0x096E0FA08
10 0000101|1110001|10011100001001|0000|0011 0x0BC670903
11 0000100|1110001|10011100110100|0000|0001 0x09C673401
12 0000100|1011011|10110111100010|0000|0001 0x096EDE201
13 0000110|0010000|10011100010010|0101|0000 0x0C4271250
14 0000110|0100110|10101001101100|0000|1001 0x0C9AA6C09
15 0000110|0100110|10101011110100|0000|1011 0x0C9AAF40B
16 0000111|0010000|10111011111111|1100|0100 0x0E42EFFC4
17 0001001|1011011|10110010010100|0011|1000 0x136EC9438
BX = 101 Event : 94
00 0000000|1011011|10001101110000|0011|0011 0x016E37033
01 0000000|1011011|10000111111000|0001|1000 0x016E1F818
02 0000001|1110001|10010110110001|1010|1000 0x03C65B1A8
03 0000001|1110001|10101111101100|0101|0001 0x03C6BEC51
04 0000001|1011011|10110111011000|1011|1011 0x036EDD8BB
05 0000010|0010000|10100010101010|0101|1010 0x04428AA5A
06 0000010|0100110|10110010000101|1111|0011 0x049AC85F3
07 0000010|0100110|10111010101110|0011|0011 0x049AEAE33
08 0000101|1110001|10010010101011|1010|1011 0x0BC64ABAB
09 0000100|1110001|10101010011001|0111|1011 0x09C6A997B
0a 0000111|0100110|10110110000101|0111|1001 0x0E9AD8579
0b 0000110|0010000|10111111010001|1111|0010 0x0C42FD1F2
BX = 110 Event : 95
00 0000001|1110001|10101011010110|0011|1010 0x03C6AD63A
01 0000000|1011011|10111111010100|1111|1001 0x016EFD4F9
02 0000010|0100110|10000110100000|0101|0001 0x049A1A051
03 0000010|0010000|10100100001011|0110|0001 0x044290B61
04 0000010|0010000|10010011011010|1110|1010 0x04424DAEA
05 0000010|0100110|10100100100010|1001|0001 0x049A92291
06 0000010|0100110|10101001011110|1011|0010 0x049AA5EB2
07 0000010|0100110|10101010000111|1011|1001 0x049AA87B9
08 0000010|0100110|10110011001111|0000|0000 0x049ACCF00
09 0000100|1110001|10011101001010|0000|0000 0x09C674A00
0a 0000111|0100110|10101110011011|0010|0000 0x0E9AB9B20
0b 0000111|0100110|10101110100001|0010|1011 0x0E9ABA12B
0c 0000110|0010000|10111110001010|1110|0010 0x0C42F8AE2
0d 0000110|0010000|10111101101110|1110|1011 0x0C42F6EEB
0e 0001001|1110001|10010010101100|1100|1010 0x13C64ACCA
0f 0001000|1011011|10110011101100|0100|1000 0x116ECEC48
BX = 111 Event : 96
00 0000001|1110001|10101110100010|0101|1011 0x03C6BA25B
01 0000000|1110001|10100100100110|0000|1010 0x01C69260A
02 0000010|0100110|10000001101101|0011|0010 0x049A06D32
03 0000011|0010000|10011111000011|0100|1011 0x06427C34B
04 0000011|0100110|10111110101001|0101|0000 0x069AFA950
05 0000011|0100110|10111110111010|0101|0001 0x069AFBA51
06 0000010|0100110|10110011101000|0000|1001 0x049ACE809
07 0000100|1011011|10000011110001|0000|0011 0x096E0F103
08 0000100|1011011|10000001011111|1111|0000 0x096E05FF0
09 0000100|1110001|10010100111001|1100|0011 0x09C6539C3
0a 0000100|1110001|10100111010011|0101|0010 0x09C69D352
0b 0000110|0010000|10010010100011|0000|1010 0x0C424A30A
0c 0000110|0100110|10101111010111|0010|1000 0x0C9ABD728
0d 0000110|0010000|10111000011110|1010|0000 0x0C42E1EA0
0e 0001001|1011011|10000100010010|0000|1000 0x136E11208
0f 0001000|1110001|10111010011010|1011|0001 0x11C6E9AB1
BX = 000 Event : 97
00 0000001|1110001|10011100010111|1101|1010 0x03C6717DA
01 0000001|1110001|10100001110011|0000|0011 0x03C687303
02 0000010|0010000|10001111010001|1100|1010 0x04423D1CA
03 0000101|1011011|10111111010011|0101|1001 0x0B6EFD359
04 0000110|0100110|10000110010100|0110|1001 0x0C9A19469
05 0000110|0100110|10000110100011|0110|0010 0x0C9A1A362
06 0000110|0010000|10011100110011|0101|1010 0x0C427335A
BX = 001 Event : 98
00 0000000|1011011|10111100101001|1110|0000 0x016EF29E0
01 0000010|0010000|10100100100010|0110|1010 0x04429226A
02 0000010|0010000|10010000001011|1101|0011 0x044240BD3
03 0000010|0100110|10111110111001|0101|1001 0x049AFB959
04 0000111|0100110|10000111110001|0111|1011 0x0E9A1F17B
BX = 010 Event : 99
00 0000000|1011011|10000100000101|0000|1001 0x016E10509
01 0000011|0010000|10011000110101|0000|0000 0x064263500
02 0000011|0010000|10010101111100|0000|1010 0x064257C0A
03 0000010|0010000|10010110011111|0000|0010 0x044259F02
04 0000011|0100110|10101001101011|1011|1011 0x069AA6BBB
05 0000010|0100110|10111001111101|0010|0011 0x049AE7D23
06 0000100|1011011|10001011011110|0100|0010 0x096E2DE42
07 0000111|0100110|10100011100100|1100|1001 0x0E9A8E4C9
08 0001000|1011011|10101110100000|0000|0100 0x116EBA004
09 0001000|1110001|10111110010010|1110|0001 0x11C6F92E1
BX = 011 Event : 100
00 0000010|0100110|10000001110100|0011|0001 0x049A07431
01 0000010|0010000|10100100100100|0110|0011 0x044292463
02 0000010|0010000|10011011111111|0010|0010 0x04426FF22
03 0000110|0100110|10000100111111|0101|0011 0x0C9A13F53
04 0000111|0100110|10100011000110|1011|1000 0x0E9A8C6B8
05 0000111|0100110|10100011001101|1011|0000 0x0E9A8CDB0
06 0000110|0010000|10110111110101|1010|1001 0x0C42DF5A9
