BX = 000 Event : 1
00 1101001|00011000|11011110000001000|0000 0xD231BC080
01 1101001|00011110|11011101100010000|0001 0xD23DBB101
02 1100010|00100011|11101001100101010|1100 0xC447D32AC
03 1100011|00100011|11100111110001010|0100 0xC647CF8A4
04 1100011|00101000|11101111011010001|1010 0xC651DED1A
05 1100011|00111101|11100110100001110|0101 0xC67BCD0E5
06 1101000|01000010|11110010110011001|0010 0xD085E5992
07 1100011|01001100|11100101010010001|0100 0xC699CA914
08 1100011|01010010|11110000000010110|1100 0xC6A5E016C
09 1100011|01100001|11110000001100010|1101 0xC6C3E062D
0a 1100011|01110101|11110001100100100|1101 0xC6EBE324D
0b 0011001|01100110|11111100010101110|1001 0x32CDF8AE9
BX = 001 Event : 2
00 1101001|00011110|11011101000110100|0010 0xD23DBA342
01 1100100|00111101|11110110010000010|1010 0xC87BEC82A
02 1100011|00111101|11100001111010111|0011 0xC67BC3D73
03 0011110|00011000|11111011111010011|0101 0x3C31F7D35
04 0011101|01001000|11111111111000101|0010 0x3A91FFC52
BX = 010 Event : 3
00 1101001|00011000|11011101011011001|0010 0xD231BAD92
01 1101000|00110011|11110011101011111|0010 0xD067E75F2
02 1100011|00111000|11110011100111111|0010 0xC671E73F2
03 1100011|01100001|11101110010010011|0011 0xC6C3DC933
04 0011110|00000011|11111011110010000|0010 0x3C07F7902
05 0011001|00001101|11111110111111000|0101 0x321BFDF85
06 0011001|00100011|11111110101011110|1001 0x3247FD5E9
07 0011001|00100011|11111100010101110|1010 0x3247F8AEA
08 0011001|00111101|11111111110000001|1010 0x327BFF81A
BX = 011 Event : 4
00 1101001|01000010|11110110000111110|1010 0xD285EC3EA
01 1100111|01010111|11101010111001000|1000 0xCEAFD5C88
02 1100111|01010111|11101100000100111|0101 0xCEAFD8275
03 1100111|01010111|11101100011101000|0101 0xCEAFD8E85
04 1100111|01010111|11101100101101100|1100 0xCEAFD96CC
05 1100111|01011101|11101100101011110|0000 0xCEBBD95E0
06 1100010|01100001|11101000110010010|1000 0xC4C3D1928
07 1100010|01100110|11101010110100000|1010 0xC4CDD5A0A
08 1100010|01100110|11101010100011100|1000 0xC4CDD51C8
09 1100010|01100110|11101010010010010|1100 0xC4CDD492C
0a 1100010|01100110|11101001000000111|0101 0xC4CDD2075
0b 1100010|01100110|11101000110110100|1000 0xC4CDD1B48
0c 1100010|01100110|11101000100101010|0011 0xC4CDD12A3
BX = 100 Event : 5
00 1100011|01010010|11100110110101101|1000 0xC6A5CDAD8
01 1100011|01010010|11100110101111100|1011 0xC6A5CD7CB
02 1100011|01010010|11100101010000011|1000 0xC6A5CA838
03 1100100|01100001|11110110100111101|0010 0xC8C3ED3D2
04 1101000|01110001|11110100111010010|1011 0xD0E3E9D2B
05 1100100|01110101|11110101100001101|0100 0xC8EBEB0D4
06 1100100|01110101|11110101010000011|1101 0xC8EBEA83D
07 1100100|01111011|11110101010000011|1100 0xC8F7EA83C
BX = 101 Event : 6
00 1100111|00000011|11101011100100001|0001 0xCE07D7211
01 1100111|00011000|11101011011011100|0010 0xCE31D6DC2
02 1100100|00101000|11011110100010111|1011 0xC851BD17B
03 1100111|00101101|11101010110110011|0010 0xCE5BD5B32
04 1100100|00111000|11100000001010100|1101 0xC871C054D
05 1100111|01000010|11101010010100110|1010 0xCE85D4A6A
06 1100100|01001100|11100000000111111|1001 0xC899C03F9
07 1100111|01010111|11101000010110000|0011 0xCEAFD0B03
08 1100111|01010111|11101010001101111|1000 0xCEAFD46F8
09 1101001|01011101|11011100100101000|0100 0xD2BBB9284
0a 1101001|01011101|11011101100110011|0011 0xD2BBBB333
0b 1101000|01011101|11100000100100101|0101 0xD0BBC1255
0c 1101000|01011101|11100011010001110|0010 0xD0BBC68E2
0d 1100011|01100001|11100001100011100|1010 0xC6C3C31CA
0e 1100011|01100001|11100001011111001|1100 0xC6C3C2F9C
0f 1100011|01100001|11100000110100000|1101 0xC6C3C1A0D
10 1100011|01100110|11101100011011110|0011 0xC6CDD8DE3
11 1100011|01100110|11100110111111001|0011 0xC6CDCDF93
12 1100111|01101100|11101000111101101|0011 0xCED9D1ED3
13 1100111|01101100|11101010000111000|1100 0xCED9D438C
14 1101000|01110001|11110000100010010|0010 0xD0E3E1122
15 1100011|01110101|11110000011100110|0010 0xC6EBE0E62
16 0011001|00111101|11111011000101000|0001 0x327BF6281
17 0011001|01001100|11111110001001101|0000 0x3299FC4D0
18 0011101|01010111|11111110000111101|0100 0x3AAFFC3D4
19 0011101|01011101|11111111010101101|0000 0x3ABBFEAD0
1a 0011101|01101100|11111111011110000|0000 0x3AD9FEF00
1b 0011001|01110101|11111111110110111|1000 0x32EBFFB78
BX = 110 Event : 7
00 1101001|00000011|11011100111001101|0101 0xD207B9CD5
01 1101000|00001000|11100011100110100|1101 0xD011C734D
02 1100111|00011000|11101001111111010|1101 0xCE31D3FAD
03 1101000|01000010|11110010011110011|0001 0xD085E4F31
04 1101000|01000010|11110010100011101|1001 0xD085E51D9
05 1101000|01101100|11100011110111110|0001 0xD0D9C7BE1
06 1100100|01111011|11110111000000101|0100 0xC8F7EE054
07 1100011|01111011|11100011010011111|0000 0xC6F7C69F0
BX = 111 Event : 8
00 1101000|00011000|11110010101101000|1011 0xD031E568B
01 1100100|00111101|11011111000110010|0101 0xC87BBE325
02 1100111|01011101|11101000010110000|1100 0xCEBBD0B0C
03 1100111|01011101|11101101010110111|0100 0xCEBBDAB74
04 1100100|01100110|11110011101101111|0101 0xC8CDE76F5
05 1100011|01100110|11110011100001110|1001 0xC6CDE70E9
06 0011010|00001101|11111000110101110|1001 0x341BF1AE9
07 0011110|00101101|11111001101111110|1100 0x3C5BF37EC
08 0011110|01010111|11111010101100010|1101 0x3CAFF562D
09 0011010|01100001|11111010101100111|1001 0x34C3F5679
BX = 000 Event : 9
00 1100111|00000011|11100110100101000|1001 0xCE07CD289
01 1101000|01000010|11110010010000101|1100 0xD085E485C
02 1101000|01001000|11100010011110001|0100 0xD091C4F14
03 1101000|01011101|11110000110001000|1010 0xD0BBE188A
04 1100011|01100110|11101111100000001|1001 0xC6CDDF019
05 1101000|01110001|11110000010110010|0101 0xD0E3E0B25
06 1101000|01110001|11110000100111100|1000 0xD0E3E13C8
07 1100011|01110101|11110000001101001|0101 0xC6EBE0695
08 0011001|00010011|11111110100101001|1011 0x3227FD29B
09 0011010|00010011|11111001101011111|0000 0x3427F35F0
0a 0011111|01011101|11111000011100110|0010 0x3EBBF0E62
0b 0011010|01100110|11111001111001010|1101 0x34CDF3CAD
BX = 001 Event : 10
00 1100011|00111000|11110010011101100|1011 0xC671E4ECB
01 1100011|00111000|11110000011011111|1101 0xC671E0DFD
02 1100111|01000010|11101101110101111|1100 0xCE85DBAFC
03 0011010|01111011|11111001000000101|1100 0x34F7F205C
BX = 010 Event : 11
00 1101000|00011000|11011111000001101|0000 0xD031BE0D0
BX = 011 Event : 12
00 1101001|01101100|11000001110000100|0000 0xD2D983840
01 1101001|00011110|11011101000101101|0000 0xD23DBA2D0
02 1101001|00011110|11011101001010000|1001 0xD23DBA509
03 1101000|00011110|11110001100110011|1101 0xD03DE333D
04 1101000|00110011|11100000011011001|1100 0xD067C0D9C
05 1100011|00111000|11100010101110101|0011 0xC671C5753
06 1100100|01001100|11110111000011010|1010 0xC899EE1AA
07 0011111|01000010|11110111100001111|1000 0x3E85EF0F8
BX = 100 Event : 13
00 1100111|00001000|11101011111111110|1000 0xCE11D7FE8
01 1100111|00001000|11101100000101110|1100 0xCE11D82EC
02 1100011|00001101|11101111100111001|1011 0xC61BDF39B
03 1100111|00110011|11101000100011110|1011 0xCE67D11EB
04 1100111|01001000|11101100011101111|1011 0xCE91D8EFB
05 1100011|01100001|11100001110000100|1000 0xC6C3C3848
06 1100010|01111011|11101001101011010|1001 0xC4F7D35A9
07 0011110|00000011|11111100011100011|1011 0x3C07F8E3B
BX = 101 Event : 14
00 1101000|00000011|11100010000001101|1011 0xD007C40DB
01 0011101|01000010|11111111011001111|0011 0x3A85FECF3
BX = 110 Event : 15
00 1100111|01010111|11101100101011110|1101 0xCEAFD95ED
BX = 111 Event : 16
00 1100100|00101000|11000000100110010|0100 0xC85181324
01 1101000|00001000|11100000111011111|1010 0xD011C1DFA
02 1101000|00011110|11011111001000100|1001 0xD03DBE449
03 1101001|01001000|11011100110010110|1010 0xD291B996A
04 1101000|01001000|11110100010100011|0011 0xD091E8A33
05 1100100|01001100|11110110011100011|0101 0xC899ECE35
06 1100111|01110001|11100111011011011|0010 0xCEE3CEDB2
07 0011010|00100011|11111001100100011|0011 0x3447F3233
08 0011110|00110011|11111011001101100|1000 0x3C67F66C8
09 0011110|00110011|11111011101111100|0001 0x3C67F77C1
0a 0011001|00111000|11111100001101100|0010 0x3271F86C2
0b 0011101|01001000|11111110001001010|0101 0x3A91FC4A5
0c 0011010|01001100|11111000111010110|0101 0x3499F1D65
BX = 000 Event : 17
00 1100011|00001101|11110000001110000|1010 0xC61BE070A
01 1100100|00001101|11011111001000000|0010 0xC81BBE402
02 1100100|00010011|11011100110000111|0001 0xC827B9871
03 1100101|00010011|11011100011011011|1011 0xCA27B8DBB
04 1101001|00011110|11011100110111111|0000 0xD23DB9BF0
05 1101001|00011110|11011100111011011|1001 0xD23DB9DB9
06 1101000|00011110|11110100011101000|0100 0xD03DE8E84
07 1100011|00111101|11100000111000010|1011 0xC67BC1C2B
08 1100111|01011101|11101110011001010|1011 0xCEBBDCCAB
09 0011111|00011000|11111000001000000|0101 0x3E31F0405
0a 0011111|00011000|11111000010110111|1011 0x3E31F0B7B
0b 0011111|00101101|11111000111100010|1100 0x3E5BF1E2C
0c 0011101|01001000|11111110101010100|1001 0x3A91FD549
0d 0011001|01001100|11111110101110010|1001 0x3299FD729
0e 0011111|01010111|11110111011011010|0100 0x3EAFEEDA4
0f 0011001|01100001|11111011001101011|0100 0x32C3F66B4
10 0011001|01111011|11111100000100010|1011 0x32F7F822B
BX = 001 Event : 18
00 1101001|00000011|11110111011010011|0011 0xD207EED33
01 1101001|00000011|11110111101101010|1000 0xD207EF6A8
02 1100100|00001101|11110110111100010|0100 0xC81BEDE24
03 1101001|00011000|11011100110111000|1001 0xD231B9B89
04 1101000|00011110|11100001110011111|1000 0xD03DC39F8
05 1100100|00111000|11011111001000000|0011 0xC871BE403
06 1100011|01111011|11110001100100100|1001 0xC6F7E3249
07 0011110|00001000|11111001111000111|1010 0x3C11F3C7A
BX = 010 Event : 19
00 1100100|01100001|11000010001000101|0010 0xC8C384452
01 1100010|01100001|11101011000001000|1100 0xC4C3D608C
02 1100011|01100110|11101110011011000|0011 0xC6CDDCD83
03 0011110|00001000|11111001101100011|1001 0x3C11F3639
04 0011010|00001101|11111001110001110|1001 0x341BF38E9
05 0011010|00111101|11111010110100011|0100 0x347BF5A34
06 0011010|00111101|11111010101100000|1000 0x347BF5608
07 0011010|00111101|11111010100011110|1001 0x347BF51E9
08 0011110|01001000|11111010101110000|0100 0x3C91F5704
BX = 011 Event : 20
00 1101000|01010111|11110011000011100|1100 0xD0AFE61CC
01 0011110|01011101|11111011001101100|0000 0x3CBBF66C0
BX = 100 Event : 21
00 1100011|00001101|11100010001101000|1101 0xC61BC468D
01 1100011|00001101|11100001111100100|0000 0xC61BC3E40
02 1100011|00010011|11100110010011111|0011 0xC627CC9F3
03 1100111|00011110|11101001111001001|0001 0xCE3DD3C91
04 1100011|00101000|11101000000110111|0001 0xC651D0371
05 1100111|00101101|11100110001101110|1001 0xCE5BCC6E9
06 1101000|00110011|11100010101010001|1011 0xD067C551B
07 1100111|00110011|11100101110111011|1011 0xCE67CBBBB
08 1100011|00111000|11100101110011000|0001 0xC671CB981
09 1100011|00111000|11100100101001100|0101 0xC671C94C5
0a 1100011|00111000|11100011010111011|0001 0xC671C6BB1
0b 1100011|00111000|11100010100111110|0011 0xC671C53E3
0c 1100101|00111000|11011100011111101|0101 0xCA71B8FD5
0d 1100011|00111101|11110010000110010|0101 0xC67BE4325
0e 1100111|01000010|11101001110011001|0101 0xCE85D3995
0f 1100100|01001100|11011110010100001|1101 0xC899BCA1D
10 1100100|01001100|11011110001101010|0001 0xC899BC6A1
11 1100100|01001100|11011101101000001|0001 0xC899BB411
12 1100100|01001100|11011101100010001|1001 0xC899BB119
13 1100100|01001100|11011101010100010|0000 0xC899BAA20
14 1100111|01010111|11101110001000111|0000 0xCEAFDC470
15 1100111|01101100|11101000010011011|1010 0xCED9D09BA
16 1101001|01110001|11011110001010100|0000 0xD2E3BC540
17 1100100|01110101|11011110001011100|1000 0xC8EBBC5C8
18 0011010|00001101|11111010010111010|1010 0x341BF4BAA
19 0011010|00001101|11111001101110011|1011 0x341BF373B
1a 0011010|00001101|11111001001001110|0001 0x341BF24E1
1b 0011010|00001101|11111001000001100|1011 0x341BF20CB
1c 0011010|00001101|11110111100101111|1100 0x341BEF2FC
1d 0011010|00010011|11111010101011001|1001 0x3427F5599
1e 0011010|00010011|11111000010010111|1011 0x3427F097B
1f 0011010|00010011|11110111110010011|1010 0x3427EF93A
20 0011111|01011101|11111000001101000|1011 0x3EBBF068B
21 0011110|01011101|11111001100001101|0010 0x3CBBF30D2
BX = 101 Event : 22
00 1101000|00000011|10111111110110010|0010 0xD0077FB22
01 1101001|00001000|11000001000001001|1001 0xD21182099
02 1100100|00001101|11000010100000000|0001 0xC81B85001
03 1100100|00001101|11000001100011101|0011 0xC81B831D3
04 1100100|00001101|11000000111011000|1001 0xC81B81D89
05 1101000|00011000|10111111000110111|0101 0xD0317E375
06 1101001|00011000|11000000110011011|0010 0xD231819B2
07 1100010|00001101|11101011110110101|0100 0xC41BD7B54
08 1100111|00011110|11101011111000111|1001 0xCE3DD7C79
09 1100011|00100011|11101101001110111|0100 0xC647DA774
0a 1100111|00101101|11101011101100110|1001 0xCE5BD7669
0b 1100010|00111101|11101010110111100|1010 0xC47BD5BCA
0c 0011101|00000011|11111110000110110|1101 0x3A07FC36D
0d 0011101|00001000|11111110001100100|1011 0x3A11FC64B
0e 0011111|00110011|11110111100011100|1011 0x3E67EF1CB
BX = 110 Event : 23
00 1101000|00001000|11000000010001000|0000 0xD01180880
01 1100100|00001101|11000010011010110|0000 0xC81B84D60
02 1100100|00001101|11000001110101110|0000 0xC81B83AE0
03 1100100|00001101|11100000010101110|1000 0xC81BC0AE8
04 1100100|00001101|11011111111010001|0000 0xC81BBFD10
05 1100100|00010011|11011111001101001|0001 0xC827BE691
06 1100100|00010011|11011101110101111|0001 0xC827BBAF1
07 1101001|00011000|11011101001110010|0010 0xD231BA722
08 1101000|00011110|11100001001110000|1100 0xD03DC270C
09 1101000|00011110|11100010101001010|1101 0xD03DC54AD
0a 1101000|00011110|11100010111000110|0000 0xD03DC5C60
0b 1100011|00100011|11101110001110111|0001 0xC647DC771
0c 1100011|00100011|11101110000010110|0000 0xC647DC160
0d 1100011|00100011|11101101010110101|1010 0xC647DAB5A
0e 1100100|00100011|11100000011100101|0010 0xC847C0E52
0f 1100100|00100011|11100000001101001|1001 0xC847C0699
10 1100100|00100011|11011111111110011|1001 0xC847BFF39
11 1100011|00101000|11101110101100010|0010 0xC651DD622
12 1100011|00101000|11101110010100001|0000 0xC651DCA10
13 1100100|00101000|11011111111010001|1000 0xC851BFD18
14 1100100|00101000|11011111101111110|1000 0xC851BF7E8
15 1100100|00101000|11011111100101011|1000 0xC851BF2B8
16 1100100|00101000|11011110101010101|0010 0xC851BD552
17 1100100|00101000|11011110100000010|1011 0xC851BD02B
18 1100100|00101000|11011101000000011|0011 0xC851BA033
19 1100101|00101000|11011100100101101|0001 0xCA51B92D1
1a 1101001|00101101|11011110011011110|0101 0xD25BBCDE5
1b 1100100|01010010|11110111010011101|0001 0xC8A5EE9D1
1c 1101000|01010111|11110010110000100|1101 0xD0AFE584D
1d 0011110|00101101|11111011110010111|0100 0x3C5BF7974
1e 0011001|01010010|11111010111010001|1000 0x32A5F5D18
1f 0011110|01010111|11111101100101100|1010 0x3CAFFB2CA
20 0011101|01011101|11111110101010100|1000 0x3ABBFD548
21 0011001|01100001|11111111001010101|0101 0x32C3FE555
22 0011001|01100001|11111110110101110|1000 0x32C3FDAE8
23 0011001|01100001|11111110110000000|1011 0x32C3FD80B
24 0011001|01100110|11111111100010111|1000 0x32CDFF178
25 0011101|01101100|11111111111000101|1010 0x3AD9FFC5A
BX = 111 Event : 24
00 1101001|01110001|11000010001100111|0100 0xD2E384674
01 1101000|00011110|11100000110101111|0101 0xD03DC1AF5
02 1100101|00101000|11110111101100101|1001 0xCA51EF659
03 1100011|00101000|11101011111101100|1100 0xC651D7ECC
04 1101000|01001000|11110100110001101|1000 0xD091E98D8
05 1100111|01010111|11101110001110000|1000 0xCEAFDC708
06 1100010|01100110|11101001111100101|1011 0xC4CDD3E5B
07 1101000|01101100|11110011011001000|1000 0xD0D9E6C88
08 0011101|00011000|11111111000100010|1000 0x3A31FE228
09 0011101|00011000|11111111001010000|1011 0x3A31FE50B
0a 0011110|00011110|11111100011000010|1000 0x3C3DF8C28
0b 0011110|00011110|11111101001000011|0010 0x3C3DFA432
0c 0011110|00011110|11111101001011110|0000 0x3C3DFA5E0
0d 0011010|00100011|11111000101110011|0101 0x3447F1735
0e 0011010|00111101|11111010011000000|0100 0x347BF4C04
0f 0011001|01010010|11111111010100101|0100 0x32A5FEA54
BX = 000 Event : 25
00 1100011|00001101|11101101010101110|1011 0xC61BDAAEB
01 1100011|01100110|11100010001011010|0101 0xC6CDC45A5
02 0011010|00001101|11111001011000110|1101 0x341BF2C6D
03 0011010|01010010|11111000000011000|0100 0x34A5F0184
BX = 001 Event : 26
00 1100101|00100011|11000010101011010|1001 0xCA47855A9
01 1100011|00001101|11110000110110101|0101 0xC61BE1B55
02 1100111|00011000|11100100001001000|0001 0xCE31C8481
03 1100011|00111101|11100011000111110|0100 0xC67BC63E4
04 1100011|00111101|11100010010000011|0100 0xC67BC4834
BX = 010 Event : 27
00 1101001|00110011|11000001010100001|1010 0xD26782A1A
01 1100100|00101000|11110101001100111|0010 0xC851EA672
02 1101000|01001000|11110000111000110|1100 0xD091E1C6C
03 1100011|01001100|11101110110010011|1100 0xC699DD93C
04 1100111|01010111|11100111011110110|1011 0xCEAFCEF6B
05 1100011|01100001|11100111011001001|0001 0xC6C3CEC91
06 1100111|01101100|11100110011100011|1011 0xCED9CCE3B
07 1100111|01101100|11101110000011101|0010 0xCED9DC1D2
08 1100111|01101100|11101110010000101|0011 0xCED9DC853
09 1100111|01101100|11101111000101010|0000 0xCED9DE2A0
0a 1100111|01110001|11100110011101010|1011 0xCEE3CCEAB
0b 1100011|01110101|11100110100001110|0001 0xC6EBCD0E1
0c 1100011|01111011|11100101100001110|1000 0xC6F7CB0E8
0d 0011001|00010011|11111110010101010|1101 0x3227FCAAD
BX = 011 Event : 28
00 1100011|00001101|11100001000000000|1010 0xC61BC200A
01 1100111|00011110|11100111010111111|1001 0xCE3DCEBF9
02 1100100|00100011|11110110110000010|0001 0xC847ED821
03 1100100|00100011|11110110101011111|1000 0xC847ED5F8
04 1100011|00100011|11101100000100100|0001 0xC647D8241
05 1100011|00100011|11100111110110100|0010 0xC647CFB42
06 1100100|00101000|11110110100101111|1000 0xC851ED2F8
07 1100011|00101000|11101101100111001|0011 0xC651DB393
08 1100011|00101000|11101000000100011|1000 0xC651D0238
09 1101000|00101101|11110000111010100|1000 0xD05BE1D48
0a 1101000|00110011|11100011101100100|0000 0xD067C7640
0b 1100111|00110011|11100110110010111|1001 0xCE67CD979
0c 1100111|00110011|11100111110100011|0000 0xCE67CFA30
0d 1100111|00110011|11101000011101110|0101 0xCE67D0EE5
0e 1101001|00110011|11110101111010000|1101 0xD267EBD0D
0f 1100100|00111000|11110101011010110|1011 0xC871EAD6B
10 1100100|00111000|11110100100111110|0000 0xC871E93E0
11 1100010|00111000|11101001000010101|0100 0xC471D2154
12 1100010|00111000|11101000110111011|1000 0xC471D1BB8
13 1100100|00111101|11110101101000100|1001 0xC87BEB449
14 1100100|00111101|11110100001101000|0011 0xC87BE8683
15 1100100|00111101|11110011111101100|1101 0xC87BE7ECD
16 1100011|00111101|11110011100001110|1101 0xC67BE70ED
17 1100010|00111101|11101001100000000|0101 0xC47BD3005
18 1100010|00111101|11101001010111011|0000 0xC47BD2BB0
19 1100010|00111101|11101001001110110|0000 0xC47BD2760
1a 1100111|01000010|11101010000110001|0011 0xCE85D4313
1b 1101000|01000010|11110010101000110|1100 0xD085E546C
1c 1101000|01001000|11110010000111001|0001 0xD091E4391
1d 1101000|01001000|11110010110010010|1100 0xD091E592C
1e 1100011|01001100|11110010111000011|0001 0xC699E5C31
1f 1100011|01001100|11110010100000001|0001 0xC699E5011
20 1100011|01001100|11110010000101011|0010 0xC699E42B2
21 1100010|01001100|11101011000001000|1001 0xC499D6089
22 1100010|01001100|11101010110110101|1001 0xC499D5B59
23 1100011|01010010|11110001110001100|0100 0xC6A5E38C4
24 1100011|01010010|11110001101010100|0000 0xC6A5E3540
25 1100010|01010010|11101011101010100|1010 0xC4A5D754A
26 1100010|01010010|11101011100111000|1100 0xC4A5D738C
27 1100010|01010010|11101011010001011|0010 0xC4A5D68B2
28 1100010|01010010|11101011000111000|1011 0xC4A5D638B
29 1100011|01010010|11100001011100101|0000 0xC6A5C2E50
2a 1100111|01010111|11101100110111110|0001 0xCEAFD9BE1
2b 1100111|01010111|11101101000001010|1000 0xCEAFDA0A8
2c 1100111|01010111|11101110010100111|0001 0xCEAFDCA71
2d 1100111|01010111|11101110110010010|1011 0xCEAFDD92B
2e 1100111|01010111|11101110110101101|1101 0xCEAFDDADD
2f 1101000|01110001|11100000001000010|0000 0xD0E3C0420
30 1100100|01111011|11110110100111101|1000 0xC8F7ED3D8
31 0011010|00001101|11111001101010010|0001 0x341BF3521
32 0011010|00001101|11111001100010110|1011 0x341BF316B
33 0011101|00110011|11111111101110101|1001 0x3A67FF759
34 0011101|01001000|11111111111011001|1101 0x3A91FFD9D
BX = 100 Event : 29
00 1101001|01011101|11000000011110110|0011 0xD2BB80F63
01 1101000|00000011|11100001101010011|0100 0xD007C3534
02 1101000|00000011|11100001101101111|0010 0xD007C36F2
03 1100010|00001101|11101001101111101|0101 0xC41BD37D5
04 1100011|00111101|11100001101010011|0000 0xC67BC3530
05 1100100|01111011|11100000000000001|1100 0xC8F7C001C
06 0011010|00010011|11111000010101011|1011 0x3427F0ABB
BX = 101 Event : 30
00 1100011|00100011|11101100000110001|0100 0xC647D8314
01 1100100|01100110|11110011110001011|1100 0xC8CDE78BC
02 1100011|01100110|11110011000111000|0100 0xC6CDE6384
03 1100011|01100110|11101110110010011|1001 0xC6CDDD939
04 1100011|01100110|11101110011101101|0001 0xC6CDDCED1
05 1100011|01100110|11101110010110101|1010 0xC6CDDCB5A
06 1100111|01101100|11101001110111100|1100 0xCED9D3BCC
07 1100111|01101100|11101101000011111|1001 0xCED9DA1F9
08 1100111|01101100|11101110010011010|1000 0xCED9DC9A8
09 1100111|01101100|11101111000110111|1011 0xCED9DE37B
0a 1100111|01101100|11101111101001011|0001 0xCED9DF4B1
0b 1101000|01101100|11110010010100000|0001 0xD0D9E4A01
0c 1101000|01101100|11110010010111100|1000 0xD0D9E4BC8
0d 1101000|01101100|11110010100011101|0011 0xD0D9E51D3
0e 1101000|01101100|11110011011001000|0100 0xD0D9E6C84
0f 1101000|01101100|11110101000010000|0010 0xD0D9EA102
10 1101000|01101100|11110101000110011|0000 0xD0D9EA330
11 1101001|01101100|11110101010111100|0100 0xD2D9EABC4
12 1101001|01101100|11110101011111010|1000 0xD2D9EAFA8
13 1100111|01110001|11101001110001011|1010 0xCEE3D38BA
14 1100111|01110001|11101111110111010|1010 0xCEE3DFBAA
15 1100111|01110001|11101111111101010|0000 0xCEE3DFEA0
16 1100111|01110001|11110000001111011|0101 0xCEE3E07B5
17 1101000|01110001|11110010010101110|0101 0xD0E3E4AE5
18 1101000|01110001|11110010011011111|0001 0xD0E3E4DF1
19 1101000|01110001|11110010100001111|0001 0xD0E3E50F1
1a 1101000|01110001|11110100110100010|0011 0xD0E3E9A23
1b 1100011|01110101|11100010111011101|0101 0xC6EBC5DD5
1c 1100011|01110101|11100010110110100|0010 0xC6EBC5B42
1d 0011111|00011110|11111000010010000|0010 0x3E3DF0902
BX = 110 Event : 31
00 1100111|00000011|11100110110010000|1010 0xCE07CD90A
01 1100111|00000011|11100111011001101|1010 0xCE07CECDA
02 1100111|00000011|11101000010100010|1011 0xCE07D0A2B
03 1100111|00001000|11101001111101100|1010 0xCE11D3ECA
04 1100010|00001101|11101010111101100|0010 0xC41BD5EC2
05 1100010|00001101|11101010110000100|1100 0xC41BD584C
06 1100010|00010011|11101011101001101|1011 0xC427D74DB
07 1100010|00010011|11101010111010111|1100 0xC427D5D7C
08 1101001|00011000|11011110001011011|0001 0xD231BC5B1
09 1100111|00011000|11101011111000000|0011 0xCE31D7C03
0a 1101001|00011000|11110111100001010|1011 0xD231EF0AB
0b 1100111|00011110|11101100000000101|0001 0xCE3DD8051
0c 1101001|00011110|11110111010110000|1000 0xD23DEEB08
0d 1100100|00100011|11110111000111100|0101 0xC847EE3C5
0e 1100011|00100011|11101100101011011|1001 0xC647D95B9
0f 1100100|00101000|11110110110010110|0011 0xC851ED963
10 1100111|00101101|11101101001110010|1001 0xCE5BDA729
11 1100111|00101101|11101101100010000|0100 0xCE5BDB104
12 1100111|00101101|11101101101101010|1001 0xCE5BDB6A9
13 1100111|00101101|11101101111011000|0001 0xCE5BDBD81
14 1101001|00101101|11110110111111101|0000 0xD25BEDFD0
15 1101001|00101101|11110111010010101|0001 0xD25BEE951
16 1100111|00110011|11101110000000010|0010 0xCE67DC022
17 1100111|00110011|11101110011100101|0000 0xCE67DCE50
18 1100111|00110011|11101110110000100|0011 0xCE67DD843
19 1101001|00110011|11110110011000001|1101 0xD267ECC1D
1a 1101001|00110011|11110111000100000|1011 0xD267EE20B
1b 1100100|00111000|11110110010101100|0100 0xC871ECAC4
1c 1100100|00111000|11110100010011111|0010 0xC871E89F2
1d 1100100|00111000|11110100000110001|1000 0xC871E8318
1e 1100011|00111000|11110011100011100|1001 0xC671E71C9
1f 1100011|00111000|11110011001001101|0011 0xC671E64D3
20 1100011|00111000|11110010000001111|0101 0xC671E40F5
21 1100011|00111000|11110000001010100|1001 0xC671E0549
22 1100011|00111000|11110000000110010|0000 0xC671E0320
23 1100011|00111000|11101111110110101|1100 0xC671DFB5C
24 1100011|00111000|11101111011100110|0001 0xC671DEE61
25 1100011|00111000|11101111000001111|0100 0xC671DE0F4
26 1100011|00111000|11101110110110101|1010 0xC671DDB5A
27 1100011|00111000|11101110011000011|1101 0xC671DCC3D
28 1100011|00111000|11101101101110111|0000 0xC671DB770
29 0011110|00001000|11111011001111001|0101 0x3C11F6795
2a 0011001|00001101|11111011001010000|0100 0x321BF6504
2b 0011110|00011000|11111101110001001|0100 0x3C31FB894
2c 0011110|00011110|11111101111100110|0100 0x3C3DFBE64
BX = 111 Event : 32
00 1101001|00001000|11000001110011001|1000 0xD21183998
01 1100100|01111011|11000010011111001|1001 0xC8F784F99
02 1101000|00011110|11011111011001110|0101 0xD03DBECE5
03 1100111|00011110|11100100011011111|0101 0xCE3DC8DF5
04 1100010|00111000|11101010011011110|1010 0xC471D4DEA
05 1100111|01000010|11100100011101101|0100 0xCE85C8ED4
06 0011111|00000011|11111001000011110|0010 0x3E07F21E2
07 0011111|00000011|11111001001101110|0011 0x3E07F26E3
08 0011110|00000011|11111001111000000|1001 0x3C07F3C09
09 0011110|00000011|11111011101010101|1000 0x3C07F7558
0a 0011001|00001101|11111100100100000|0100 0x321BF9204
0b 0011010|00001101|11111001101111010|0101 0x341BF37A5
0c 0011111|00011000|11111000010000010|1000 0x3E31F0828
0d 0011111|00011110|11111000101111000|0000 0x3E3DF1780
0e 0011110|00101101|11111110000000001|1000 0x3C5BFC018
0f 0011001|00111000|11111111011011011|1001 0x3271FEDB9
BX = 000 Event : 33
00 1100011|00101000|11100001110011111|1100 0xC651C39FC
01 1101000|01000010|11110001100100101|0010 0xD085E3252
02 1100011|01100001|11101100111101100|1101 0xC6C3D9ECD
03 0011110|00011110|11111100111010010|1101 0x3C3DF9D2D
04 0011010|01111011|11111001000110100|0000 0x34F7F2340
BX = 001 Event : 34
00 1101000|00001000|11110001010011011|1100 0xD011E29BC
01 1100010|00101000|11101001111000010|0010 0xC451D3C22
02 1100111|01101100|11101111110111010|0101 0xCED9DFBA5
03 1101001|01101100|11110101101110110|0000 0xD2D9EB760
04 1100011|01111011|11101111100100100|1100 0xC6F7DF24C
05 0011010|00001101|11111010110001000|0100 0x341BF5884
06 0011110|01010111|11111010000100100|1011 0x3CAFF424B
07 0011110|01101100|11111010111100001|1101 0x3CD9F5E1D
BX = 010 Event : 35
00 1101001|00011110|11000010100101111|0000 0xD23D852F0
01 1100011|01010010|11100001011111001|1000 0xC6A5C2F98
02 1100011|01111011|11101111101101001|0100 0xC6F7DF694
03 1100011|01111011|11101100011000011|0001 0xC6F7D8C31
04 0011101|00001000|11111111001010111|1000 0x3A11FE578
05 0011001|00010011|11111110011000101|1000 0x3227FCC58
06 0011001|00010011|11111101000111000|0100 0x3227FA384
07 0011110|00011110|11111110000001110|0000 0x3C3DFC0E0
BX = 011 Event : 36
00 1101000|00110011|11110100110111110|0101 0xD067E9BE5
01 1100111|01101100|11100110011011100|1001 0xCED9CCDC9
02 1100111|01110001|11100100100011101|1010 0xCEE3C91DA
03 1100011|01111011|11100111101100001|0101 0xC6F7CF615
04 0011111|01101100|11111000000000100|1101 0x3ED9F004D
BX = 100 Event : 37
00 1100101|00100011|11000010110000011|1000 0xCA4785838
01 1101000|00001000|11100010011111110|1001 0xD011C4FE9
02 1101000|00001000|11100011010000111|0100 0xD011C6874
03 1101001|00011000|11011101111111011|0100 0xD231BBFB4
04 1101001|00011000|11011110000011101|0010 0xD231BC1D2
05 1100100|00101000|11110011111010000|1100 0xC851E7D0C
06 1100100|00101000|11011111101101001|0010 0xC851BF692
07 1101001|00110011|11011110000011101|0011 0xD267BC1D3
08 1101000|01010111|11100000011100000|0011 0xD0AFC0E03
09 1100111|01101100|11101111000000111|1011 0xCED9DE07B
0a 0011111|00000011|11110111111001111|1011 0x3E07EFCFB
0b 0011001|00111101|11111110011100000|0101 0x327BFCE05
0c 0011001|00111101|11111110010010000|1000 0x327BFC908
BX = 101 Event : 38
00 1100111|00000011|11101000001001000|0001 0xCE07D0481
01 1100011|00010011|11100101001110101|1011 0xC627CA75B
02 1100011|01001100|11101101011000011|0000 0xC699DAC30
03 1100011|01001100|11101101001110000|1101 0xC699DA70D
04 0011010|00100011|11110111100110110|0010 0x3447EF362
05 0011110|01011101|11111101110010000|0001 0x3CBBFB901
BX = 110 Event : 39
00 1101000|00011000|11110000011000111|0101 0xD031E0C75
01 1100011|00101000|11100101011001111|1011 0xC651CACFB
02 1100011|00111000|11101110001000111|1101 0xC671DC47D
03 1100111|01000010|11101100011100010|0100 0xCE85D8E24
04 1101000|01000010|11110000010100100|1000 0xD085E0A48
05 1100100|01001100|11110100111010110|1001 0xC899E9D69
06 1100100|01001100|11110011111101100|1011 0xC899E7ECB
BX = 111 Event : 40
00 1101000|00011110|11110100010000001|0011 0xD03DE8813
01 1100011|00100011|11101111111000011|0100 0xC647DFC34
02 1100011|00100011|11101101001111110|1011 0xC647DA7EB
03 1100011|00100011|11101101000100100|0100 0xC647DA244
04 1100011|00101000|11110001001100010|1011 0xC651E262B
05 1100011|00101000|11101110101000000|1010 0xC651DD40A
06 1100111|00101101|11101111010010001|0101 0xCE5BDE915
07 1100111|00101101|11101111011111001|1010 0xCE5BDEF9A
08 1100111|00101101|11101111110000010|1101 0xCE5BDF82D
09 1100111|00101101|11110000000000110|1001 0xCE5BE0069
0a 1100111|00101101|11110000001101101|1000 0xCE5BE06D8
0b 1101000|00101101|11110000010010110|1011 0xD05BE096B
0c 1101000|00101101|11110001101111000|1010 0xD05BE378A
0d 1101000|00101101|11110001110101000|0000 0xD05BE3A80
0e 1100111|01001000|11101111111101010|1000 0xCE91DFEA8
0f 1100100|01110101|11110100010011000|1000 0xC8EBE8988
10 0011110|00101101|11111100000001000|0101 0x3C5BF8085
11 0011110|00101101|11111100111100110|0100 0x3C5BF9E64
12 0011111|01000010|11111001000110010|1010 0x3E85F232A
13 0011110|01000010|11111011110010000|0010 0x3C85F7902
14 0011110|01001000|11111011011110001|0000 0x3C91F6F10
15 0011001|01110101|11111111111111001|1001 0x32EBFFF99
BX = 000 Event : 41
00 1100011|00101000|11101101010101110|0101 0xC651DAAE5
01 1101000|01010111|11110000111011010|1000 0xD0AFE1DA8
02 0011111|00101101|11111000000111001|1100 0x3E5BF039C
BX = 001 Event : 42
00 1100111|01001000|11101011111010100|0100 0xCE91D7D44
01 1100111|01001000|11101100110011100|0011 0xCE91D99C3
02 1100010|01001100|11101001000111111|0010 0xC499D23F2
03 1100011|01100110|11100111010000011|0001 0xC6CDCE831
04 1101001|01101100|11110110001111100|0101 0xD2D9EC7C5
05 1100011|01111011|11100101100011011|0001 0xC6F7CB1B1
06 0011101|00110011|11111110011001000|1010 0x3A67FCC8A
07 0011111|01101100|11111000101110001|0101 0x3ED9F1715
08 0011010|01111011|11110111101010111|0001 0x34F7EF571
BX = 010 Event : 43
00 1100011|00001101|11110000111111010|1101 0xC61BE1FAD
01 1100111|00011110|11100101000101010|1000 0xCE3DCA2A8
02 1100011|00100011|11101100011001010|0010 0xC647D8CA2
03 1100010|00100011|11101001011011110|0000 0xC447D2DE0
04 1100010|00100011|11101000110011111|0011 0xC447D19F3
05 1100011|00101000|11110010001110111|0100 0xC651E4774
06 1100111|00101101|11100100101000000|1001 0xCE5BC9409
07 1101000|01101100|11100010101000011|0001 0xD0D9C5431
08 1101000|01110001|11100000001110010|0000 0xD0E3C0720
09 1101000|01110001|11100000110101000|0010 0xD0E3C1A82
0a 1101000|01110001|11100010101010001|0010 0xD0E3C5512
0b 1101000|01110001|11100010111000110|1010 0xD0E3C5C6A
0c 1101000|01110001|11100011001010111|0101 0xD0E3C6575
0d 0011110|00000011|11111001011100101|0000 0x3C07F2E50
0e 0011110|00000011|11111001100000000|1001 0x3C07F3009
0f 0011110|00000011|11111001111010100|0000 0x3C07F3D40
10 0011111|00001000|11111000000011111|0001 0x3E11F01F1
11 0011111|00001000|11111000010000010|1100 0x3E11F082C
12 0011111|00001000|11111000011101101|0001 0x3E11F0ED1
13 0011111|00001000|11111000100111100|1100 0x3E11F13CC
14 0011111|00001000|11111001000011110|1000 0x3E11F21E8
15 0011110|00001000|11111001010111101|1010 0x3C11F2BDA
16 0011110|00001000|11111001101011101|1001 0x3C11F35D9
17 0011110|00001000|11111001111010100|0000 0x3C11F3D40
18 0011110|00001000|11111010000001001|0001 0x3C11F4091
19 0011010|00001101|11111000101011111|0100 0x341BF15F4
1a 0011110|00110011|11111101000110110|1101 0x3C67FA36D
1b 0011001|01100001|11111101000000010|1000 0x32C3FA028
1c 0011110|01101100|11111010110011000|0011 0x3CD9F5983
BX = 011 Event : 44
00 1100111|00011000|11101101011100000|1010 0xCE31DAE0A
01 1100011|00100011|11110011001111101|0001 0xC647E67D1
02 0011110|00011110|11111011000001111|0011 0x3C3DF60F3
03 0011010|01100110|11111010110000001|0010 0x34CDF5812
BX = 100 Event : 45
00 1101001|01011101|11000000100100110|0101 0xD2BB81265
01 1100011|00101000|11110010011100101|0000 0xC651E4E50
02 1101001|00101101|11011110010111011|1100 0xD25BBCBBC
03 1100111|00101101|11101001101100010|1010 0xCE5BD362A
04 1100100|00111000|11110110010001001|1100 0xC871EC89C
05 1100100|00111000|11011110110101000|0101 0xC871BDA85
06 1100011|01100001|11101111101100010|1000 0xC6C3DF628
07 1100011|01100001|11101110111011000|0000 0xC6C3DDD80
08 1100011|01100001|11101110100100100|1010 0xC6C3DD24A
09 1100100|01100110|11110111000101110|0000 0xC8CDEE2E0
0a 1100100|01100110|11110111000001100|1010 0xC8CDEE0CA
0b 1100011|01100110|11110001000001000|1011 0xC6CDE208B
0c 1100011|01100110|11101111110110101|0000 0xC6CDDFB50
0d 1100011|01100110|11101111101110000|1000 0xC6CDDF708
0e 1100011|01100110|11101110011011000|1010 0xC6CDDCD8A
0f 1100011|01100110|11101101010100000|1011 0xC6CDDAA0B
10 1100011|01100110|11101101000110010|1001 0xC6CDDA329
11 1101000|01110001|11110010111000010|1011 0xD0E3E5C2B
12 1100010|01110101|11101010100110001|1100 0xC4EBD531C
13 1100011|01111011|11101111000110010|0010 0xC6F7DE322
14 0011010|01010010|11111000010100100|0100 0x34A5F0A44
15 0011010|01100001|11111001011010011|0100 0x34C3F2D34
16 0011010|01100110|11111001011010011|0011 0x34CDF2D33
17 0011111|01101100|11110111110011010|0010 0x3ED9EF9A2
18 0011110|01101100|11111010000010110|0011 0x3CD9F4163
19 0011110|01110001|11111010011011110|0001 0x3CE3F4DE1
1a 0011110|01110001|11111011000110111|1000 0x3CE3F6378
BX = 101 Event : 46
00 1101001|01010111|11000001011111010|1100 0xD2AF82FAC
01 1101000|00001000|11110001111100110|0100 0xD011E3E64
02 1100011|00010011|11100111110100110|1001 0xC627CFA69
03 1100111|00011000|11100101110101101|1010 0xCE31CBADA
04 1101001|00011000|11110101100111111|0011 0xD231EB3F3
05 1101001|00011000|11110110011111000|0011 0xD231ECF83
06 1101001|00011000|11110111000011001|0100 0xD231EE194
07 1101000|00011110|11110011000010101|0010 0xD03DE6152
08 1101000|00110011|11100011110110111|1011 0xD067C7B7B
09 1100111|00110011|11101001011100110|0010 0xCE67D2E62
0a 1101000|00110011|11110011011101010|0000 0xD067E6EA0
0b 1100011|00111101|11110000000110010|1011 0xC67BE032B
0c 1101001|01001000|11110101100111111|0001 0xD291EB3F1
0d 1100100|01001100|11110101100111101|0001 0xC899EB3D1
0e 1100011|01010010|11100011001010011|1010 0xC6A5C653A
0f 1100100|01010010|11100000011010111|1000 0xC8A5C0D78
10 1100100|01010010|11011111100000001|1000 0xC8A5BF018
11 1101001|01010111|11011110011111001|1001 0xD2AFBCF99
12 1101000|01101100|11100000110101000|1101 0xD0D9C1A8D
13 1100111|01110001|11101101011011001|1011 0xCEE3DAD9B
14 1100011|01110101|11101101100111001|1011 0xC6EBDB39B
15 0011010|00010011|11111000011001100|1001 0x3427F0CC9
16 0011111|00011110|11111000110100000|0001 0x3E3DF1A01
17 0011001|00100011|11111111001100010|1010 0x3247FE62A
18 0011001|00100011|11111101011011110|1010 0x3247FADEA
19 0011001|00101000|11111011001111000|0010 0x3251F6782
1a 0011101|01010111|11111111111011111|0011 0x3AAFFFDF3
BX = 110 Event : 47
00 1100111|00011110|11101011111111110|1101 0xCE3DD7FED
01 1100011|01001100|11101000010010001|0001 0xC699D0911
02 1100011|01010010|11101100001001101|1001 0xC6A5D84D9
03 1100010|01010010|11101011101000110|0101 0xC4A5D7465
04 1100111|01011101|11100111111000101|0101 0xCEBBCFC55
05 1100010|01100110|11101000101101000|0000 0xC4CDD1680
06 1101001|01101100|11011101010110111|0100 0xD2D9BAB74
07 1100011|01110101|11101100011110011|1000 0xC6EBD8F38
08 1100011|01110101|11101100001101001|0010 0xC6EBD8692
09 1100010|01110101|11101011011000011|1011 0xC4EBD6C3B
0a 1100010|01110101|11101010001110110|1010 0xC4EBD476A
0b 1100010|01110101|11101001110100111|1001 0xC4EBD3A79
0c 0011101|01000010|11111110111011001|0011 0x3A85FDD93
0d 0011101|01001000|11111111001111000|0101 0x3A91FE785
0e 0011101|01001000|11111111011001000|1000 0x3A91FEC88
0f 0011101|01001000|11111111101010100|0011 0x3A91FF543
10 0011111|01110001|11110111101010001|0010 0x3EE3EF512
11 0011001|01110101|11111111010100101|0101 0x32EBFEA55
BX = 111 Event : 48
00 1101001|00101101|11000010000110000|0010 0xD25B84302
01 1101001|00110011|11000000110011011|1000 0xD267819B8
02 1101001|00110011|11000000111010010|0011 0xD26781D23
03 1100100|00111101|11000000111001010|1000 0xC87B81CA8
04 1101000|01001000|11000000000001100|0101 0xD091800C5
05 1101001|01001000|11000000111010010|0011 0xD29181D23
06 1100100|01010010|11000001001101001|1001 0xC8A582699
07 1101001|01010111|11000001000110011|0001 0xD2AF82331
08 1101000|01011101|10111111001000101|0100 0xD0BB7E454
09 1100100|01100001|11000001001101001|1010 0xC8C38269A
0a 1101001|01101100|11000001001001110|0011 0xD2D9824E3
0b 1101001|01110001|11000000111100000|0100 0xD2E381E04
0c 1100100|01110101|11000000111011000|1000 0xC8EB81D88
0d 1100100|01111011|11000000110100001|1000 0xC8F781A18
0e 1101001|00011110|11110111010000111|0011 0xD23DEE873
0f 1100100|01110101|11110110001111011|1011 0xC8EBEC7BB
10 0011111|00000011|11110111111011101|1000 0x3E07EFDD8
11 0011111|00000011|11111000010110111|1000 0x3E07F0B78
12 0011111|00001000|11111000000011111|1000 0x3E11F01F8
13 0011111|00001000|11111000001011011|1101 0x3E11F05BD
14 0011111|00011110|11111000100010100|0010 0x3E3DF1142
15 0011010|01010010|11111001110100010|1100 0x34A5F3A2C
16 0011010|01010010|11111001100000010|0000 0x34A5F3020
17 0011010|01010010|11111001010111111|1100 0x34A5F2BFC
18 0011010|01010010|11111000111111000|0011 0x34A5F1F83
BX = 000 Event : 49
00 1101000|01011101|10111111011011101|0011 0xD0BB7EDD3
01 1100100|01100001|10111111101111000|0010 0xC8C37F782
02 1101000|00110011|11110011100000110|0000 0xD067E7060
03 1101000|00110011|11110100000000101|0001 0xD067E8051
04 1100011|00111101|11100110011111001|1000 0xC67BCCF98
05 1100111|01011101|11101010111001000|1010 0xCEBBD5C8A
06 0011001|01001100|11111101001111010|1011 0x3299FA7AB
BX = 001 Event : 50
00 1100100|01001100|10111111110101111|0010 0xC8997FAF2
01 1100100|01100110|11000001010000101|1101 0xC8CD8285D
02 1101000|00001000|11110100110001101|0001 0xD011E98D1
03 1101001|00001000|11110110011001000|0010 0xD211ECC82
04 1100010|00010011|11101000101110110|1100 0xC427D176C
05 1101000|01101100|11011110111110001|0101 0xD0D9BDF15
06 0011010|01100001|11110111011101101|0010 0x34C3EEED2
BX = 010 Event : 51
00 1100111|00001000|11101011100101000|1000 0xCE11D7288
01 1100111|00001000|11101101110011010|1011 0xCE11DB9AB
02 1100111|00001000|11101111101000100|1100 0xCE11DF44C
03 1100011|00001101|11110000110111100|1100 0xC61BE1BCC
04 1100011|00001101|11110000011100110|0011 0xC61BE0E63
05 1100011|00001101|11110000001011011|0100 0xC61BE05B4
06 1100100|00101000|11110100101111100|0010 0xC851E97C2
07 1100011|00101000|11101111100110010|1000 0xC651DF328
08 1101000|00101101|11110100001010111|0001 0xD05BE8571
09 1101001|00110011|11011110100001110|0000 0xD267BD0E0
0a 1101000|00110011|11110011110100100|0001 0xD067E7A41
0b 1100011|00111101|11110010001110111|0100 0xC67BE4774
0c 1101000|01000010|11110001001101011|0010 0xD085E26B2
0d 1101000|01001000|11110000110000001|0010 0xD091E1812
0e 1100011|01001100|11101100111011111|0100 0xC699D9DF4
0f 0011110|00011000|11111100110100100|0010 0x3C31F9A42
10 0011001|00100011|11111101111101001|1101 0x3247FBE9D
11 0011110|01010111|11111001100100111|1001 0x3CAFF3279
12 0011001|01110101|11111110010010110|1010 0x32EBFC96A
BX = 011 Event : 52
00 1100111|00001000|11101110000010111|1010 0xCE11DC17A
01 1100011|00001101|11101101101000110|1001 0xC61BDB469
BX = 100 Event : 53
00 1100101|01001100|11000010100000111|1001 0xCA9985079
01 1100010|01001100|11101000011011110|1100 0xC499D0DEC
02 1100100|01100001|11110101010011000|0001 0xC8C3EA981
03 1100100|01100001|11110101000110111|1101 0xC8C3EA37D
04 0011110|01011101|11111011000001000|1100 0x3CBBF608C
BX = 101 Event : 54
00 1101000|01011101|11000000001010001|0101 0xD0BB80515
01 1100111|00001000|11101111010111010|1001 0xCE11DEBA9
02 1100111|00001000|11101111011101011|1100 0xCE11DEEBC
03 1101000|00101101|11100001000000001|0011 0xD05BC2013
04 1101000|00110011|11100001011100101|0010 0xD067C2E52
05 1100011|00111101|11100010100000000|0001 0xC67BC5001
06 1100011|00111101|11100010011000010|1010 0xC67BC4C2A
07 1101000|01001000|11100011110000000|0011 0xD091C7803
08 1101000|01011101|11110011001011010|0001 0xD0BBE65A1
09 1100011|01100001|11110011100101010|1000 0xC6C3E72A8
0a 1101001|01101100|11110110000110000|1101 0xD2D9EC30D
0b 0011001|00111000|11111101111001000|0101 0x3271FBC85
0c 0011001|00111000|11111100111101000|1001 0x3271F9E89
BX = 110 Event : 55
00 1101001|00001000|11000001100101011|0101 0xD211832B5
01 1100100|01010010|11000000111100110|0000 0xC8A581E60
02 1100111|00110011|11101110101001101|0001 0xCE67DD4D1
03 1100100|01100001|11011101111010010|1000 0xC8C3BBD28
04 1100100|01100001|11011101101100100|1001 0xC8C3BB649
05 1100100|01100001|11011101100101100|1101 0xC8C3BB2CD
06 1100100|01100001|11011100101100101|0100 0xC8C3B9654
07 1100101|01100001|11011100100111011|0001 0xCAC3B93B1
08 0011110|01110001|11111100101000111|1000 0x3CE3F9478
BX = 111 Event : 56
00 1101001|00001000|11000001000001001|0101 0xD21182095
01 1100011|00111101|11100100011100100|0101 0xC67BC8E45
02 0011110|00011000|11111001100000000|0011 0x3C31F3003
03 0011101|01101100|11111111111001011|0010 0x3AD9FFCB2
BX = 000 Event : 57
00 1101001|01001000|11000001111101011|1000 0xD29183EB8
01 1100011|00001101|11100101000111110|0001 0xC61BCA3E1
02 1100011|00001101|11100101000010100|1001 0xC61BCA149
03 1100100|00010011|11100000010001011|1100 0xC827C08BC
04 1100100|00101000|11011110011011000|1101 0xC851BCD8D
05 1101000|00101101|11100010001010010|0000 0xD05BC4520
06 1100100|00111101|11110101000110000|1001 0xC87BEA309
07 1100011|00111101|11101101001000110|1000 0xC67BDA468
08 1100011|00111101|11101100101100010|1101 0xC67BD962D
09 1100100|00111101|11011110000011110|0100 0xC87BBC1E4
0a 1101000|01011101|11100010101010001|0000 0xD0BBC5510
0b 1101000|01011101|11110010011100101|0100 0xD0BBE4E54
0c 1100100|01100001|11110110100100001|1100 0xC8C3ED21C
0d 1100011|01100001|11101101110001100|1100 0xC6C3DB8CC
0e 0011110|00000011|11111100110100100|0000 0x3C07F9A40
0f 0011110|00001000|11111101010010011|0000 0x3C11FA930
10 0011001|00001101|11111110001101000|1010 0x321BFC68A
11 0011001|00010011|11111111001001110|1100 0x3227FE4EC
12 0011110|01110001|11111011110101011|0100 0x3CE3F7AB4
13 0011010|01110101|11111001101011111|1100 0x34EBF35FC
BX = 001 Event : 58
00 1101001|01110001|11000010000000111|1011 0xD2E38407B
01 1100100|01111011|10111111000011000|0101 0xC8F77E185
02 1101001|01000010|11011101000100000|0010 0xD285BA202
03 1100011|01100001|11100010000110111|1000 0xC6C3C4378
04 1100100|01100001|11011110011011111|0101 0xC8C3BCDF5
05 1100011|01100110|11100010101010011|0000 0xC6CDC5530
06 1100100|01100110|11011101111010010|0010 0xC8CDBBD22
BX = 010 Event : 59
00 1100100|00100011|10111111101111000|0010 0xC8477F782
01 1100111|00101101|11100110001100111|1100 0xCE5BCC67C
02 1100011|00111101|11101110100110010|1001 0xC67BDD329
03 1100011|00111101|11101100110011001|1100 0xC67BD999C
04 1100011|00111101|11100111101011010|1010 0xC67BCF5AA
05 1100111|01110001|11100100010000110|1100 0xCEE3C886C
06 0011010|01100001|11110111100001000|0010 0x34C3EF082
07 0011010|01100110|11111010000111011|0011 0x34CDF43B3
08 0011010|01100110|11111000010001010|0000 0x34CDF08A0
09 0011111|01101100|11111001001101110|0000 0x3ED9F26E0
0a 0011110|01101100|11111001111111100|0010 0x3CD9F3FC2
0b 0011110|01110001|11111001010010101|0000 0x3CE3F2950
0c 0011110|01110001|11111010000010110|0010 0x3CE3F4162
0d 0011010|01110101|11111010110100011|1100 0x34EBF5A3C
0e 0011001|01111011|11111100111011010|0011 0x32F7F9DA3
BX = 011 Event : 60
00 1100111|00000011|11101100111110101|0001 0xCE07D9F51
01 1100111|00000011|11101101100101100|1011 0xCE07DB2CB
02 1101000|00000011|11110010101100001|0101 0xD007E5615
03 1101000|00000011|11110011000111110|0010 0xD007E63E2
04 1101000|00000011|11110011100011011|0011 0xD007E71B3
05 1100111|00001000|11101001101110000|0000 0xCE11D3700
06 1100111|00001000|11101010010111011|0000 0xCE11D4BB0
07 1100111|00001000|11101011010101100|1001 0xCE11D6AC9
08 1100111|00001000|11101100110111110|0001 0xCE11D9BE1
09 1100111|00001000|11101101000111010|0101 0xCE11DA3A5
0a 1101000|00001000|11110100000010011|1001 0xD011E8139
0b 1100100|00001101|11110101111101010|0101 0xC81BEBEA5
0c 1100100|00001101|11110101100110111|0011 0xC81BEB373
0d 1100100|00001101|11110101011110010|1001 0xC81BEAF29
0e 1100100|00001101|11110100110001010|1010 0xC81BE98AA
0f 1100100|00001101|11110100010001011|0000 0xC81BE88B0
10 1100011|00001101|11101101000010110|1000 0xC61BDA168
11 1100011|00001101|11101100110001100|1000 0xC61BD98C8
12 1100011|00001101|11101100011010001|0101 0xC61BD8D15
13 1100011|00001101|11101100001000110|0000 0xC61BD8460
14 1100010|00001101|11101011110110101|0100 0xC41BD7B54
15 1100010|00001101|11101011100111111|1000 0xC41BD73F8
16 1100010|00001101|11101011100001000|1100 0xC41BD708C
17 1100100|00010011|11110101011010110|1000 0xC827EAD68
18 1100100|00010011|11110101010101100|1000 0xC827EAAC8
19 1100100|00010011|11110101001110101|1000 0xC827EA758
1a 1100100|00010011|11110101001011010|1010 0xC827EA5AA
1b 1100100|00010011|11110101000010100|1001 0xC827EA149
1c 1100011|00010011|11101100110000101|0010 0xC627D9852
1d 1100011|00010011|11101100101010100|1001 0xC627D9549
1e 1100011|00010011|11101100011100101|0010 0xC627D8E52
1f 1100011|00010011|11101100010010010|0000 0xC627D8920
20 1100011|00111101|11110001100101011|0001 0xC67BE32B1
21 1100111|01001000|11101110001000111|0010 0xCE91DC472
22 1100111|01001000|11101110011011000|0101 0xCE91DCD85
23 1100111|01011101|11101101000111010|0101 0xCEBBDA3A5
24 1100111|01011101|11101111011010110|1100 0xCEBBDED6C
25 1101001|01101100|11011100100001100|0101 0xD2D9B90C5
26 1100111|01101100|11101101101000001|1011 0xCED9DB41B
27 0011001|00001101|11111110000101100|1100 0x321BFC2CC
28 0011010|01100001|11111000110111100|1101 0x34C3F1BCD
29 0011111|01110001|11111000111101001|0100 0x3EE3F1E94
BX = 100 Event : 61
00 1100100|00100011|11000001000010110|0000 0xC84782160
01 1100100|00111101|11000010010100110|1100 0xC87B84A6C
02 1100100|00111101|11000010001101111|0010 0xC87B846F2
03 1100111|00000011|11101110101011011|0010 0xCE07DD5B2
04 1100100|00101000|11011111111010001|1100 0xC851BFD1C
05 1100011|00111000|11101101000100100|1010 0xC671DA24A
06 1100111|01011101|11100110011010101|0011 0xCEBBCCD53
07 1100011|01110101|11100001110001010|1010 0xC6EBC38AA
08 1100010|01111011|11101011110000100|1010 0xC4F7D784A
BX = 101 Event : 62
00 1100111|00110011|11101100001011000|1011 0xCE67D858B
01 1101000|01000010|11100001101101111|0100 0xD085C36F4
02 1101000|01110001|11100001001001101|1001 0xD0E3C24D9
03 1101000|01110001|11100010111010100|1100 0xD0E3C5D4C
04 1100111|01110001|11101110011011111|0000 0xCEE3DCDF0
05 1100011|01110101|11110010010111100|1000 0xC6EBE4BC8
06 1100011|01110101|11100110001111100|1000 0xC6EBCC7C8
07 1100011|01110101|11100001001110110|1001 0xC6EBC2769
08 1100100|01110101|11011111100110010|1101 0xC8EBBF32D
09 1100100|01111011|11110101110010000|1011 0xC8F7EB90B
0a 0011001|00001101|11111100010101000|1000 0x321BF8A88
0b 0011010|00100011|11111001110101001|0101 0x3447F3A95
0c 0011010|01110101|11110111110101110|1100 0x34EBEFAEC
BX = 110 Event : 63
00 1101001|00101101|11000010100111100|1100 0xD25B853CC
01 1100100|00001101|11100000010110101|1010 0xC81BC0B5A
02 1101001|00011000|11011110101011010|0011 0xD231BD5A3
03 1100100|00101000|11110110110101011|0010 0xC851EDAB2
04 1100111|00110011|11100100010110110|1010 0xCE67C8B6A
05 1101000|00110011|11110001010110000|1010 0xD067E2B0A
06 1100100|00111000|11110101011000001|1000 0xC871EAC18
07 0011010|00101000|11110111111110111|0010 0x3451EFF72
BX = 111 Event : 64
00 1100101|00010011|11011100100010010|1010 0xCA27B912A
01 1101000|00011110|11110100010101010|0100 0xD03DE8AA4
02 1100111|01001000|11101011110001001|0000 0xCE91D7890
03 1100010|01001100|11101011110010010|0000 0xC499D7920
04 1100011|01100110|11110001111111010|1001 0xC6CDE3FA9
05 0011110|01000010|11111101000000001|1000 0x3C85FA018
06 0011101|01011101|11111110100110011|1100 0x3ABBFD33C
BX = 000 Event : 65
00 1101001|01001000|11110111100011110|0010 0xD291EF1E2
01 1100111|01101100|11100101101011010|1011 0xCED9CB5AB
02 0011111|01000010|11111000010110111|0001 0x3E85F0B71
BX = 001 Event : 66
00 1100101|00100011|11000010100010101|0011 0xCA4785153
01 1100100|00100011|11000010011110010|0000 0xC84784F20
02 1100101|00101000|11000010101000101|1100 0xCA518545C
03 1101001|00101101|11000010001100000|0001 0xD25B84601
04 1101001|00101101|11000010010011110|1010 0xD25B849EA
05 1101001|00110011|11000010010101100|1011 0xD26784ACB
06 1101001|01000010|11000010010111010|1000 0xD28584BA8
07 1101001|01010111|11000010011100011|0000 0xD2AF84E30
08 1101000|00000011|11110011010001010|0001 0xD007E68A1
09 1100100|00101000|11110101000110111|0000 0xC851EA370
0a 1100111|01011101|11100110111101001|1100 0xCEBBCDE9C
0b 0011110|00000011|11111100010000000|0100 0x3C07F8804
0c 0011010|01110101|11111001000001100|1011 0x34EBF20CB
0d 0011010|01110101|11110111101100101|0101 0x34EBEF655
0e 0011010|01110101|11110111100101001|0000 0x34EBEF290
BX = 010 Event : 67
00 1101001|00001000|11000001110011001|1000 0xD21183998
01 1100111|00011110|11100100011011111|0101 0xCE3DC8DF5
02 1100010|00111101|11101010111111010|0011 0xC47BD5FA3
03 1100111|01000010|11100100011101101|0100 0xCE85C8ED4
04 0011111|00000011|11111001000011110|0010 0x3E07F21E2
05 0011111|00000011|11111001001101110|0011 0x3E07F26E3
06 0011110|00000011|11111011101010101|1000 0x3C07F7558
07 0011001|00001101|11111100100100000|0101 0x321BF9205
08 0011010|00001101|11111001110001110|0101 0x341BF38E5
09 0011111|00011000|11111000010000010|1000 0x3E31F0828
0a 0011111|00011110|11111000101111000|0000 0x3E3DF1780
0b 0011111|00011110|11111000110100110|1011 0x3E3DF1A6B
0c 0011001|00100011|11111110011000101|0011 0x3247FCC53
0d 0011111|00110011|11111000010111110|0000 0x3E67F0BE0
0e 0011010|00111000|11111000011101101|1001 0x3471F0ED9
0f 0011010|00111101|11111000100101001|0000 0x347BF1290
10 0011111|01000010|11110111111001001|1100 0x3E85EFC9C
11 0011111|01000010|11111000010110001|1100 0x3E85F0B1C
12 0011010|01001100|11111001101100110|0010 0x3499F3662
13 0011001|01010010|11111010111000100|1000 0x32A5F5C48
14 0011110|01010111|11111101011000010|0001 0x3CAFFAC21
BX = 011 Event : 68
00 1100111|00001000|11101101100110011|0101 0xCE11DB335
01 1100111|00011000|11101001100011101|0101 0xCE31D31D5
02 1100111|00011000|11101001101010100|0001 0xCE31D3541
03 1101001|00011110|11011100100110110|1000 0xD23DB9368
04 1100100|00100011|11011101111010010|1001 0xC847BBD29
05 1100100|00101000|11011100111000101|0100 0xC851B9C54
06 1100111|01010111|11100101111100100|1011 0xCEAFCBE4B
07 1100111|01010111|11101110011110011|1000 0xCEAFDCF38
08 1100011|01111011|11101000010010001|1001 0xC6F7D0919
09 0011001|00101000|11111101110101101|0101 0x3251FBAD5
0a 0011010|00101000|11111001011101110|0000 0x3451F2EE0
0b 0011001|01110101|11111111110000001|1011 0x32EBFF81B
BX = 100 Event : 69
00 1101000|00001000|11100000010011011|0000 0xD011C09B0
01 1101000|00001000|11100001111001000|0010 0xD011C3C82
02 1101001|00011000|11011110100010101|1010 0xD231BD15A
03 1101000|00011000|11100010100000101|1100 0xD031C505C
04 1101000|00011110|11100000010111110|1000 0xD03DC0BE8
05 1101000|00011110|11100010010100101|0011 0xD03DC4A53
06 1101000|00011110|11100011000000100|0010 0xD03DC6042
07 1101000|00011110|11100011100011000|0000 0xD03DC7180
08 1100011|00100011|11100001110000100|0001 0xC647C3841
09 1100100|00100011|11100000000111111|1000 0xC847C03F8
0a 1100100|00100011|11011111110101110|1001 0xC847BFAE9
0b 1100100|01001100|11110100111100100|1001 0xC899E9E49
0c 1100011|01001100|11101101101001101|0001 0xC699DB4D1
0d 1100011|01010010|11110000001101001|0010 0xC6A5E0692
0e 1100010|01010010|11101001100111000|0011 0xC4A5D3383
0f 1100011|01010010|11100111101011010|0010 0xC6A5CF5A2
10 1100100|01100110|11110101101111100|1100 0xC8CDEB7CC
11 1100011|01111011|11100011000110000|0010 0xC6F7C6302
12 0011001|00100011|11111110001011010|0101 0x3247FC5A5
BX = 101 Event : 70
00 1101000|00000011|11100001111111001|1011 0xD007C3F9B
01 1100100|00101000|11110110011111110|1100 0xC851ECFEC
02 1100100|00101000|11110110010001001|1001 0xC851EC899
03 1100100|00111000|11110110100000101|1011 0xC871ED05B
04 1100011|00111101|11110001010110101|1100 0xC67BE2B5C
05 1100010|01010010|11101001101110110|1011 0xC4A5D376B
06 1100111|01110001|11100111111111101|0010 0xCEE3CFFD2
07 1100111|01110001|11101011110000010|1011 0xCEE3D782B
08 1100011|01110101|11110000101000000|1000 0xC6EBE1408
09 0011111|00011000|11110111111101010|1000 0x3E31EFEA8
0a 0011110|00011110|11111010111110101|1010 0x3C3DF5F5A
0b 0011110|00101101|11111100110110001|0101 0x3C5BF9B15
0c 0011111|00110011|11111000110001100|1100 0x3E67F18CC
0d 0011110|00110011|11111100000100011|0011 0x3C67F8233
0e 0011101|01001000|11111111011100011|0011 0x3A91FEE33
BX = 110 Event : 71
00 1101001|01010111|11000001110101101|0101 0xD2AF83AD5
01 1100100|01100001|11000010001000101|0010 0xC8C384452
02 1100100|00111000|11110110001100110|1100 0xC871EC66C
03 1100100|01001100|11110101000010100|1101 0xC899EA14D
04 1100011|01010010|11100011110111011|1101 0xC6A5C7BBD
05 1100111|01110001|11101010011101011|1101 0xCEE3D4EBD
06 0011110|00001000|11111001101100011|1001 0x3C11F3639
07 0011010|00001101|11111001110001110|1001 0x341BF38E9
08 0011010|00111101|11111010110100011|0100 0x347BF5A34
09 0011010|00111101|11111010101100000|1000 0x347BF5608
0a 0011010|00111101|11111010100011110|1101 0x347BF51ED
BX = 111 Event : 72
00 1101001|01000010|11000001101101000|0100 0xD28583684
01 1101001|01000010|11000001110011001|0000 0xD28583990
02 1100111|00000011|11101010100011100|1000 0xCE07D51C8
03 1101000|00001000|11110001001101011|0000 0xD011E26B0
04 1101000|00001000|11110001101001000|0011 0xD011E3483
05 1100100|00001101|11110111000110101|0000 0xC81BEE350
06 1100100|00001101|11110110011010101|0010 0xC81BECD52
07 1100011|00001101|11110011010100000|0010 0xC61BE6A02
08 1100011|00001101|11110010110001011|1010 0xC61BE58BA
09 1100011|00001101|11110010100101010|1001 0xC61BE52A9
0a 1100011|00001101|11110010010000101|1011 0xC61BE485B
0b 1100011|00001101|11110010000010110|1001 0xC61BE4169
0c 1100010|00001101|11101000101111101|1001 0xC41BD17D9
0d 1100100|00010011|11110101110101100|1010 0xC827EBACA
0e 1100100|00010011|11110011111001001|1010 0xC827E7C9A
0f 1100111|00011000|11100111110011100|1011 0xCE31CF9CB
10 1100011|00101000|11100110000101001|1011 0xC651CC29B
11 1101001|00110011|11110110101011000|1001 0xD267ED589
12 1101001|00110011|11110111000010010|1011 0xD267EE12B
13 1100100|00111000|11011110101000000|0000 0xC871BD400
14 1101000|01000010|11100001111101011|1000 0xD085C3EB8
15 1100111|01000010|11100100001001000|1000 0xCE85C8488
16 1100100|01001100|11011111000001111|1101 0xC899BE0FD
17 1101001|01011101|11011101100011110|1001 0xD2BBBB1E9
18 1100100|01100001|11011111010010011|1010 0xC8C3BE93A
19 1100100|01100001|11011101110101001|0011 0xC8C3BBA93
1a 1100100|01100001|11011101101001000|1011 0xC8C3BB48B
1b 0011110|00001000|11111001010110000|1000 0x3C11F2B08
1c 0011001|00111000|11111101100011010|1100 0x3271FB1AC
1d 0011001|01111011|11111011011001000|0010 0x32F7F6C82
BX = 000 Event : 73
00 1100100|01100110|11000001000000001|0100 0xC8CD82014
01 1100100|01111011|11000000001100011|0100 0xC8F780634
02 1101001|00000011|11011110010100111|0011 0xD207BCA73
03 1100111|01001000|11101010100110000|0000 0xCE91D5300
04 1100100|01010010|11110100111000010|0101 0xC8A5E9C25
05 1100010|01111011|11101010100101010|1000 0xC4F7D52A8
06 0011101|00000011|11111111010100000|0000 0x3A07FEA00
07 0011101|00000011|11111111110000010|0000 0x3A07FF820
08 0011111|00001000|11111001001100000|0000 0x3E11F2600
09 0011101|00001000|11111110110100100|1010 0x3A11FDA4A
0a 0011101|00001000|11111111010000110|1001 0x3A11FE869
0b 0011001|00001101|11111101100000000|1001 0x321BFB009
0c 0011001|00001101|11111101011011000|1000 0x321BFAD88
0d 0011001|00010011|11111100101111101|1001 0x3227F97D9
0e 0011001|00010011|11111011001001001|1001 0x3227F6499
0f 0011001|01110101|11111011001111000|0100 0x32EBF6784
BX = 001 Event : 74
00 1101000|00000011|11110100101101011|1000 0xD007E96B8
01 0011110|00011000|11111011011100100|0001 0x3C31F6E41
BX = 010 Event : 75
00 1100100|00001101|11110111001110011|1100 0xC81BEE73C
01 1100100|00001101|11110110101100110|1010 0xC81BED66A
02 1100111|00011000|11101101101011100|1000 0xCE31DB5C8
03 1100111|00011000|11101110100010110|1100 0xCE31DD16C
04 1100111|00101101|11100100101001110|0001 0xCE5BC94E1
05 1100111|00101101|11100100111001010|0000 0xCE5BC9CA0
06 1100111|00101101|11100101000101010|0000 0xCE5BCA2A0
07 1100111|00101101|11100111101101100|1011 0xCE5BCF6CB
08 1100111|00101101|11101011100110110|0000 0xCE5BD7360
09 1100111|00101101|11101100001011110|0010 0xCE5BD85E2
0a 1100111|00101101|11101100010001000|1000 0xCE5BD8888
0b 1101000|00110011|11100010010011110|0100 0xD067C49E4
0c 1101000|00110011|11100010010111010|0010 0xD067C4BA2
0d 1101000|00110011|11100010100011010|0010 0xD067C51A2
0e 1101000|00110011|11100010111011011|1100 0xD067C5DBC
0f 1100111|00110011|11100100001001000|0011 0xCE67C8483
10 1100111|00110011|11100101000010110|0100 0xCE67CA164
11 1100111|00110011|11100101011000010|0101 0xCE67CAC25
12 1100111|00110011|11100101101001100|1001 0xCE67CB4C9
13 1100111|00110011|11100101101110110|1100 0xCE67CB76C
14 1100111|00110011|11100110000000110|1001 0xCE67CC069
15 1100111|00110011|11100110011110001|0001 0xCE67CCF11
16 1100111|00110011|11101001100001000|1000 0xCE67D3088
17 1100111|00110011|11101010011001001|0100 0xCE67D4C94
18 1100111|00110011|11101010100111110|1100 0xCE67D53EC
19 1100111|00110011|11101011100011010|1010 0xCE67D71AA
1a 1100111|00110011|11101011100110110|1100 0xCE67D736C
1b 1100111|00110011|11101100111010011|1011 0xCE67D9D3B
1c 1100111|00110011|11101101001000001|0011 0xCE67DA413
1d 1100111|00110011|11101101100000011|0000 0xCE67DB030
1e 1100111|00110011|11101101100111010|1011 0xCE67DB3AB
1f 1100011|00111101|11110001011010001|0000 0xC67BE2D10
20 1100011|00111101|11110000101010100|0001 0xC67BE1541
21 1101000|01000010|11011110111010110|1000 0xD085BDD68
22 1101000|01000010|11011111000101000|0001 0xD085BE281
23 1101000|01000010|11011111001100110|1011 0xD085BE66B
24 1101001|01110001|11110101010111100|1000 0xD2E3EABC8
25 1101001|01110001|11110101100100100|0010 0xD2E3EB242
26 1101001|01110001|11110110111110111|0001 0xD2E3EDF71
27 1100100|01111011|11100000000111000|0101 0xC8F7C0385
28 0011010|00010011|11110111111110000|0001 0x3427EFF01
29 0011010|00010011|11110111101100101|0010 0x3427EF652
2a 0011110|00011000|11111010010001110|0010 0x3C31F48E2
2b 0011110|00011110|11111010110111111|0010 0x3C3DF5BF2
2c 0011010|00111000|11111010001111110|1010 0x3471F47EA
2d 0011101|01001000|11111110110111110|1100 0x3A91FDBEC
2e 0011001|01001100|11111111000100000|1100 0x3299FE20C
2f 0011001|01110101|11111011110111110|0100 0x32EBF7BE4
30 0011001|01110101|11111011101011011|1011 0x32EBF75BB
BX = 011 Event : 76
00 1100111|00101101|11101011100010011|0000 0xCE5BD7130
01 1100111|00101101|11101011100110110|1001 0xCE5BD7369
02 1100111|00101101|11101101011011001|0011 0xCE5BDAD93
03 1100011|00111000|11100101101010011|1100 0xC671CB53C
04 1100111|01010111|11101000101110001|0101 0xCEAFD1715
05 0011001|00111101|11111010111110011|0011 0x327BF5F33
06 0011111|01001000|11111001001111011|0101 0x3E91F27B5
07 0011110|01101100|11111011100011001|0101 0x3CD9F7195
BX = 100 Event : 77
00 1101001|00011000|11000001101011011|0000 0xD231835B0
01 1100100|00101000|11000010100000000|1001 0xC85185009
02 1101001|01000010|11011110001110110|0000 0xD285BC760
03 1100011|01001100|11101111111010001|1010 0xC699DFD1A
04 1100011|01001100|11100110001110101|1100 0xC699CC75C
05 1100010|01010010|11101010001111101|1010 0xC4A5D47DA
06 1100111|01010111|11101011011111111|1010 0xCEAFD6FFA
07 0011010|00001101|11111000100101001|0101 0x341BF1295
08 0011010|00111101|11111001101101101|1100 0x347BF36DC
BX = 101 Event : 78
00 1101001|00110011|11011101010000111|1011 0xD267BA87B
01 1100111|01110001|11100110001011001|1100 0xCEE3CC59C
02 1100100|01110101|11011101101111000|1000 0xC8EBBB788
BX = 110 Event : 79
00 1101001|01000010|11000010011111000|1011 0xD28584F8B
01 1100011|00010011|11100111111011101|0100 0xC627CFDD4
02 1100100|00111000|11011111101011011|1100 0xC871BF5BC
03 1101000|01000010|11110010011100101|0010 0xD085E4E52
04 1100011|01001100|11101111111001010|1011 0xC699DFCAB
05 1100100|01001100|11100000000101010|1101 0xC899C02AD
06 1101000|01010111|11110000111010100|0011 0xD0AFE1D43
07 1101001|01011101|11011101101100011|1010 0xD2BBBB63A
BX = 111 Event : 80
00 1100011|00111101|11101101000010110|0101 0xC67BDA165
01 1100010|01110101|11101011100011101|0100 0xC4EBD71D4
02 0011110|01011101|11111010100011001|1001 0x3CBBF5199
03 0011110|01011101|11111010110011000|1011 0x3CBBF598B
04 0011110|01011101|11111011010001101|0100 0x3CBBF68D4
05 0011110|01011101|11111011011100100|1001 0x3CBBF6E49
BX = 000 Event : 81
00 1101000|00011000|11011111111010011|1101 0xD031BFD3D
01 1100111|00011000|11101101001001000|1010 0xCE31DA48A
02 1100111|00011110|11101100110011100|1010 0xCE3DD99CA
03 1100011|00101000|11101110001001101|1010 0xC651DC4DA
04 1101001|00101101|11011110110011000|0100 0xD25BBD984
05 1100011|00111000|11101101001110111|1001 0xC671DA779
06 1100011|00111101|11101100010100000|1000 0xC67BD8A08
07 1100111|01001000|11101001001001110|1000 0xCE91D24E8
08 1100010|01001100|11101000111011110|0010 0xC499D1DE2
09 1100011|01001100|11100011101001100|0000 0xC699C74C0
0a 1100111|01010111|11101000000110100|0001 0xCEAFD0341
0b 1100011|01100001|11100111110001010|0011 0xC6C3CF8A3
0c 1100011|01100110|11100111010000011|0100 0xC6CDCE834
0d 1101001|01101100|11011101011001100|1011 0xD2D9BACCB
0e 1100111|01101100|11100100000000011|0001 0xCED9C8031
0f 1101000|01101100|11110101001111000|1100 0xD0D9EA78C
10 1100111|01110001|11100110100101111|0011 0xCEE3CD2F3
11 1100011|01111011|11100101100110111|0100 0xC6F7CB374
12 0011010|01001100|11111010001011100|0100 0x3499F45C4
13 0011110|01110001|11111010010000111|1100 0x3CE3F487C
BX = 001 Event : 82
00 1100100|00001101|11110101011001000|0000 0xC81BEAC80
01 1100011|00010011|11100111001011010|0100 0xC627CE5A4
02 1100111|01010111|11100111100001011|1001 0xCEAFCF0B9
03 1100100|01100001|11011111000110010|0010 0xC8C3BE322
BX = 010 Event : 83
00 1101001|00011110|11011101011011001|0010 0xD23DBAD92
01 1101000|00011110|11100011001010000|0100 0xD03DC6504
02 1100011|00100011|11110000011001010|0010 0xC647E0CA2
03 1100010|00100011|11101010011101100|1010 0xC447D4ECA
04 1101001|00110011|11011101111011111|0100 0xD267BBDF4
05 1101000|00110011|11100000010011011|0101 0xD067C09B5
06 1100111|00110011|11101100101000010|1011 0xCE67D942B
07 1101001|01000010|11011110110000011|1001 0xD285BD839
08 1100011|01110101|11100011011000001|1100 0xC6EBC6C1C
09 0011010|00010011|11111010011011011|0001 0x3427F4DB1
0a 0011111|00101101|11110111110101110|0010 0x3E5BEFAE2
0b 0011101|00101101|11111110010101110|0000 0x3A5BFCAE0
0c 0011111|00110011|11110111101111001|1000 0x3E67EF798
0d 0011111|00110011|11110111111011101|1101 0x3E67EFDDD
0e 0011110|00110011|11111010101010101|0100 0x3C67F5554
0f 0011110|00110011|11111011101101001|0001 0x3C67F7691
10 0011110|00110011|11111101100001011|0000 0x3C67FB0B0
11 0011010|01010010|11110111111010110|0000 0x34A5EFD60
12 0011111|01010111|11110111111010110|0011 0x3EAFEFD63
13 0011111|01010111|11111001001100000|0011 0x3EAFF2603
14 0011110|01010111|11111001100100001|0100 0x3CAFF3214
15 0011110|01011101|11111001111000111|0011 0x3CBBF3C73
16 0011110|01011101|11111010100010011|0000 0x3CBBF5130
17 0011001|01100001|11111011011101001|1100 0x32C3F6E9C
BX = 011 Event : 84
00 1101001|01110001|11000000110011011|1001 0xD2E3819B9
01 1101000|00000011|11100000011011001|0010 0xD007C0D92
02 1100011|00100011|11110000010100001|1100 0xC647E0A1C
03 1100111|00101101|11101001110010010|1101 0xCE5BD392D
04 0011001|00001101|11111110111100100|0101 0x321BFDE45
05 0011110|01101100|11111100000011100|1010 0x3CD9F81CA
06 0011111|01110001|11111000011111010|1011 0x3EE3F0FAB
BX = 100 Event : 85
00 1101000|00001000|11100000000100110|0000 0xD011C0260
01 1100111|00011000|11100100101101001|1000 0xCE31C9698
02 1100111|00011110|11101010000100011|0000 0xCE3DD4230
03 1100100|00100011|11110100001001100|0101 0xC847E84C5
04 1100011|00100011|11110001000110010|0101 0xC647E2325
05 1100011|00101000|11101101000000001|0001 0xC651DA011
06 1101000|00110011|11110001011110101|0100 0xD067E2F54
07 1101000|01000010|11110000011110000|0100 0xD085E0F04
08 1100011|01010010|11101111101000111|0101 0xC6A5DF475
09 1100111|01110001|11101110101110110|0101 0xCEE3DD765
0a 1100011|01111011|11100110100001110|1000 0xC6F7CD0E8
0b 1100011|01111011|11100110011011101|1011 0xC6F7CCDDB
0c 0011110|00001000|11111101100011000|1100 0x3C11FB18C
0d 0011110|00011110|11111100100000100|1000 0x3C3DF9048
0e 0011111|01000010|11110111011110100|0000 0x3E85EEF40
0f 0011111|01001000|11111000010101010|0010 0x3E91F0AA2
10 0011111|01010111|11111000011000101|0011 0x3EAFF0C53
11 0011111|01101100|11111000101110001|0100 0x3ED9F1714
12 0011010|01111011|11111001010111001|0100 0x34F7F2B94
BX = 101 Event : 86
00 1101000|01101100|11110100100110100|0100 0xD0D9E9344
01 1101000|01101100|11110100101011101|0001 0xD0D9E95D1
02 0011110|00011000|11111010100100000|0101 0x3C31F5205
03 0011110|00011000|11111010110100101|1100 0x3C31F5A5C
04 0011111|00011110|11110111111001111|1010 0x3E3DEFCFA
05 0011110|00011110|11111001100001101|1010 0x3C3DF30DA
06 0011010|00100011|11111001111000011|1001 0x3447F3C39
07 0011101|01110001|11111110100011111|0100 0x3AE3FD1F4
08 0011101|01110001|11111110101000110|0001 0x3AE3FD461
BX = 110 Event : 87
00 1100011|00100011|11101111010100001|1000 0xC647DEA18
01 1100111|00101101|11101111011111111|1011 0xCE5BDEFFB
02 1101000|00110011|11110010000111001|1011 0xD067E439B
03 1100011|00111101|11110011001011011|0011 0xC67BE65B3
04 1101000|01011101|11110001011110101|0101 0xD0BBE2F55
05 1100011|01100110|11101100001101001|0100 0xC6CDD8694
06 1101000|01101100|11110001001000010|0000 0xD0D9E2420
07 0011010|01001100|11111000000010010|0101 0x3499F0125
08 0011010|01001100|11110111110111011|1000 0x3499EFBB8
09 0011001|01100110|11111011100001011|1000 0x32CDF70B8
0a 0011001|01100110|11111011011101001|1011 0x32CDF6E9B
0b 0011110|01101100|11111010000110001|1001 0x3CD9F4319
0c 0011110|01101100|11111101011000010|0010 0x3CD9FAC22
0d 0011001|01110101|11111101100000110|0000 0x32EBFB060
0e 0011001|01110101|11111101000000010|1011 0x32EBFA02B
0f 0011001|01110101|11111100011011101|1001 0x32EBF8DD9
10 0011001|01110101|11111100011000010|1011 0x32EBF8C2B
11 0011010|01110101|11111001011010011|0100 0x34EBF2D34
12 0011001|01111011|11111111100000011|0101 0x32F7FF035
13 0011001|01111011|11111110111111000|1101 0x32F7FDF8D
14 0011001|01111011|11111101110110100|1101 0x32F7FBB4D
15 0011001|01111011|11111101110010010|0100 0x32F7FB924
16 0011001|01111011|11111011111100110|0001 0x32F7F7E61
BX = 111 Event : 88
00 1100011|00010011|11100101000000111|0100 0xC627CA074
01 1100111|00011000|11101101110001101|1011 0xCE31DB8DB
02 1100011|00111000|11100110011001000|0011 0xC671CCC83
03 1100100|01001100|11110100011100100|1010 0xC899E8E4A
04 1101001|01110001|11011100111110110|0011 0xD2E3B9F63
05 1101001|01110001|11011101111001010|0001 0xD2E3BBCA1
06 1101001|01110001|11011110000000001|0010 0xD2E3BC012
07 1101001|01110001|11011110010010010|1001 0xD2E3BC929
08 0011111|00011110|11111000001101000|1100 0x3E3DF068C
09 0011110|01110001|11111011010010100|0000 0x3CE3F6940
BX = 000 Event : 89
00 1101000|00000011|11100010110110010|1001 0xD007C5B29
01 1100111|00000011|11101101101111111|0001 0xCE07DB7F1
02 1101000|00001000|11100010110110010|0000 0xD011C5B20
03 1101000|00001000|11100011000010010|0100 0xD011C6124
04 1101000|00001000|11100011001010111|1000 0xD011C6578
05 1100111|00001000|11101101000101101|1100 0xCE11DA2DC
06 1100111|00001000|11101101100100101|0010 0xCE11DB252
07 1100111|00001000|11101101101101010|1010 0xCE11DB6AA
08 1100011|00001101|11101100101100010|0001 0xC61BD9621
09 1100011|00001101|11100100100101001|1001 0xC61BC9299
0a 1100011|00001101|11100100010000011|1000 0xC61BC8838
0b 1100011|00010011|11101100110010010|0001 0xC627D9921
0c 1100011|00010011|11100100101010011|1001 0xC627C9539
0d 1100111|00011000|11101100011110110|0100 0xCE31D8F64
0e 1100111|00011000|11101100110000000|1101 0xCE31D980D
0f 1100111|00011110|11100101101111100|0011 0xCE3DCB7C3
10 1100111|00011110|11101100000101110|0010 0xCE3DD82E2
11 1100111|00011110|11101100010001111|1100 0xCE3DD88FC
12 1100010|00100011|11101011010110101|0011 0xC447D6B53
13 1100010|00100011|11101011010000100|0000 0xC447D6840
14 1100010|00100011|11101010111010000|0000 0xC447D5D00
15 1100010|00100011|11101010110001011|1100 0xC447D58BC
16 1100010|00100011|11101010101101111|0100 0xC447D56F4
17 1100010|00100011|11101010100110001|0000 0xC447D5310
18 1100010|00100011|11101010011101100|1000 0xC447D4EC8
19 1100010|00100011|11101010011001001|1010 0xC447D4C9A
1a 1100010|00100011|11101001000111111|0000 0xC447D23F0
1b 1100010|00100011|11101000111101100|0011 0xC447D1EC3
1c 1100010|00100011|11101000100101010|0101 0xC447D12A5
1d 1100011|00100011|11101000000100011|0100 0xC647D0234
1e 1100011|00100011|11100111111110010|0001 0xC647CFF21
1f 1100011|00100011|11100111110110100|1011 0xC647CFB4B
20 1100011|00100011|11100111000100011|0010 0xC647CE232
21 1100011|00100011|11100110111011101|0010 0xC647CDDD2
22 1100011|00100011|11100110111000010|0000 0xC647CDC20
23 1100011|00100011|11100110101111100|0000 0xC647CD7C0
24 1100011|00100011|11100110001101110|1100 0xC647CC6EC
25 1100011|00100011|11100101110100110|1010 0xC647CBA6A
26 1101000|00110011|11110100100100110|1100 0xD067E926C
27 1100111|01010111|11101101101011100|0100 0xCEAFDB5C4
28 0011110|00000011|11111011110010000|0010 0x3C07F7902
29 0011001|00100011|11111110101011110|1001 0x3247FD5E9
2a 0011001|00111101|11111111110000001|1010 0x327BFF81A
BX = 001 Event : 90
00 1100011|01100001|11101111110010011|0100 0xC6C3DF934
01 1100010|01111011|11101011001100010|0001 0xC4F7D6621
02 0011110|00001000|11111101110000010|0001 0x3C11FB821
03 0011101|00001000|11111110111000101|0000 0x3A11FDC50
BX = 010 Event : 91
00 1101001|00001000|11000001000110011|0011 0xD21182333
01 1100100|00001101|11000010001001100|0010 0xC81B844C2
02 1100100|01100001|11000001000111001|1000 0xC8C382398
03 1101001|01000010|11011100100101000|0001 0xD285B9281
04 1100011|01100110|11110000110000101|1101 0xC6CDE185D
05 1100111|01110001|11101011010011110|0001 0xCEE3D69E1
06 1101000|01110001|11110100111010010|1011 0xD0E3E9D2B
07 1100100|01110101|11110101100001101|0100 0xC8EBEB0D4
08 1100100|01110101|11110101010000011|1101 0xC8EBEA83D
09 1100011|01110101|11101101000110010|1001 0xC6EBDA329
0a 1100100|01110101|11011110011011000|0010 0xC8EBBCD82
0b 1100100|01111011|11110110110101011|1010 0xC8F7EDABA
0c 1100100|01111011|11110101010001010|1011 0xC8F7EA8AB
0d 0011001|01111011|11111011111011001|0100 0x32F7F7D94
0e 0011001|01111011|11111011011110111|1100 0x32F7F6F7C
BX = 011 Event : 92
00 1100011|00010011|11100101000000111|1011 0xC627CA07B
01 1100111|00011000|11101101110001101|1011 0xCE31DB8DB
02 1100011|00111000|11100110011001000|0011 0xC671CCC83
03 1100100|01001100|11110100011100100|1010 0xC899E8E4A
04 0011111|00011110|11111000001101000|1100 0x3E3DF068C
05 0011110|01110001|11111011010010100|0000 0x3CE3F6940
06 0011001|01111011|11111110101110010|0011 0x32F7FD723
BX = 100 Event : 93
00 1100100|00101000|11000001100011101|0000 0xC851831D0
01 1100100|00111000|11000000111111011|0010 0xC87181FB2
02 1101001|01000010|11000001010100001|1001 0xD28582A19
03 1100100|01001100|11000000011101101|0001 0xC89980ED1
04 1101000|01010111|11000000010001000|1000 0xD0AF80888
05 1100100|01100001|10111111111011001|0011 0xC8C37FD93
06 1100111|00001000|11101011110111001|0011 0xCE11D7B93
07 1100010|00001101|11101011101110000|0010 0xC41BD7702
08 1100111|00011000|11101010100111110|1010 0xCE31D53EA
09 1100011|00100011|11101110100001000|1010 0xC647DD08A
0a 1101000|01010111|11110001000110100|0101 0xD0AFE2345
BX = 101 Event : 94
00 1100101|00010011|11110111101111010|0101 0xCA27EF7A5
01 1100111|00110011|11101110011101100|1101 0xCE67DCECD
02 1100011|01100001|11101111110011010|0101 0xC6C3DF9A5
03 1100010|01111011|11101011001100010|0001 0xC4F7D6621
04 0011110|00001000|11111101110000010|0001 0x3C11FB821
05 0011101|00001000|11111110111000101|0000 0x3A11FDC50
06 0011101|00001000|11111111100011000|1010 0x3A11FF18A
BX = 110 Event : 95
00 1101001|00000011|11000010011100011|1000 0xD20784E38
01 1100111|00000011|11101111100010100|0101 0xCE07DF145
02 1100111|00000011|11101111100110000|0011 0xCE07DF303
03 1101000|00000011|11110010100111000|0010 0xD007E5382
04 1101001|00000011|11110110101110100|0011 0xD207ED743
05 1100111|00001000|11101110011000011|0011 0xCE11DCC33
06 1100010|00001101|11101011101010100|0010 0xC41BD7542
07 1100010|00010011|11101011011001010|0101 0xC427D6CA5
08 1100111|00011000|11101010100011100|0100 0xCE31D51C4
09 1101000|00011000|11110100101000010|0100 0xD031E9424
0a 1100111|00101101|11100111001010001|0100 0xCE5BCE514
0b 1100111|00101101|11101011100010011|0000 0xCE5BD7130
0c 1100111|00101101|11101011100110110|1001 0xCE5BD7369
0d 1100111|00101101|11101101011010010|0100 0xCE5BDAD24
0e 1100111|00110011|11101100011110110|0011 0xCE67D8F63
0f 1101000|01000010|11100010011111110|0101 0xD085C4FE5
10 1100111|01010111|11101000101110001|0101 0xCEAFD1715
11 0011001|00111101|11111010111110011|0011 0x327BF5F33
12 0011111|01001000|11111001001111011|0101 0x3E91F27B5
13 0011110|01101100|11111011100011001|0101 0x3CD9F7195
BX = 111 Event : 96
00 1101001|00011110|11011100100011010|0010 0xD23DB91A2
01 1100100|00100011|11011111101000110|0001 0xC847BF461
02 1100111|01000010|11100110011001110|0000 0xCE85CCCE0
03 1100010|01010010|11101010100111111|0000 0xC4A5D53F0
04 1100011|01100110|11110010110100000|0010 0xC6CDE5A02
05 0011001|01001100|11111011101110101|1001 0x3299F7759
06 0011001|01001100|11111010111111001|0011 0x3299F5F93
07 0011010|01001100|11111000010010000|1011 0x3499F090B
08 0011010|01001100|11110111101011110|1001 0x3499EF5E9
09 0011001|01010010|11111100000111101|1011 0x32A5F83DB
BX = 000 Event : 97
00 1101001|00110011|11011101010000111|1011 0xD267BA87B
01 1100111|01110001|11100110001011001|1100 0xCEE3CC59C
02 1100100|01110101|11011101101111111|0000 0xC8EBBB7F0
BX = 001 Event : 98
00 1101001|00011110|11110101111000010|0101 0xD23DEBC25
01 1100010|00111101|11101010110111100|1101 0xC47BD5BCD
02 1101000|01010111|11100001100101010|1010 0xD0AFC32AA
03 0011111|00011110|11110111110101110|0011 0x3E3DEFAE3
BX = 010 Event : 99
00 1101001|01011101|11000000110110111|0010 0xD2BB81B72
01 1101000|00001000|11100011101101011|0001 0xD011C76B1
02 1100100|00010011|11011111000011101|0100 0xC827BE1D4
03 1100011|00100011|11100101011101011|1000 0xC647CAEB8
04 1100010|00111000|11101001001011010|1001 0xC471D25A9
05 1101000|01001000|11100010101000011|0011 0xD091C5433
06 1100111|01001000|11100110100010011|1100 0xCE91CD13C
07 1100010|01001100|11101010110001011|0011 0xC499D58B3
08 1100010|01010010|11101010001010100|1001 0xC4A5D4549
09 1100011|01010010|11100011010110100|1011 0xC6A5C6B4B
0a 1100111|01010111|11101011000110000|1000 0xCEAFD6308
0b 1101000|01011101|11100011101111001|0010 0xD0BBC7792
0c 1100010|01100001|11101010100011100|0010 0xC4C3D51C2
0d 1100010|01100110|11101011010110101|1010 0xC4CDD6B5A
0e 1100011|01100110|11100100001111100|1001 0xC6CDC87C9
0f 1100100|01110101|11110100101110110|1001 0xC8EBE9769
10 1100010|01110101|11101011100011101|0100 0xC4EBD71D4
11 1100010|01110101|11101001001110110|0011 0xC4EBD2763
12 1100011|01111011|11101110000001000|1001 0xC6F7DC089
13 1100011|01111011|11100101111010110|0011 0xC6F7CBD63
14 0011110|01011101|11111011010001101|0100 0x3CBBF68D4
15 0011110|01011101|11111011011100100|1001 0x3CBBF6E49
BX = 011 Event : 100
00 1100100|01001100|11011111111111010|1001 0xC899BFFA9
01 1101000|01101100|11100010001011001|1001 0xD0D9C4599
02 1100011|01111011|11110001000001111|1010 0xC6F7E20FA
03 0011101|01110001|11111110100011111|0100 0x3AE3FD1F4
04 0011101|01110001|11111110101000110|0001 0x3AE3FD461
