BX = 000 Event : 1
0x00 0100011|0000000|01101011101111|111011001111|1111100110|1111010110  0x4601AEFECFF9BD6
0x01 0100011|0000011|01111010010000|110111100100|1101110011|1111000111  0x460DE90DE4DCFC7
0x02 0100011|0000100|01111010110011|110111100100|1101100011|1111000111  0x4611EB3DE4D8FC7
BX = 001 Event : 2
0x00 0100011|0000000|01100100010000|000110010000|0000000100|0000100111  0x460191019001027
0x01 0100011|0000001|01100010111000|000100101101|0000101111|0001000000  0x46058B812D0BC40
0x02 0100011|0000010|01101000010111|001001001011|1111111001|0000100110  0x4609A1724BFE426
0x03 0100011|0000011|01101101010111|110101000110|1101111111|1110101010  0x460DB57D46DFFAA
0x04 0100011|0000100|01101111100101|111010100010|1110101010|1111010001  0x4611BE5EA2EABD1
0x05 0100011|0000101|01100010000001|111011001101|0100011001|1111010001  0x4615881ECD467D1
0x06 0100011|0000110|01100000000111|111001010100|0101011011|1111110011  0x4619807E5456FF3
0x07 0100011|0000111|01100110110110|111100010000|0011010100|1111001001  0x461D9B6F10353C9
0x08 0100011|0001000|01100100111010|111010010110|0100011000|1111101011  0x462193AE96463EB
0x09 0100011|0001001|01101001001001|111011100111|0001101100|1111101011  0x4625A49EE71B3EB
0x0a 0100011|0001011|01111100001101|111111011001|0001101001|0000000000  0x462DF0DFD91A400
BX = 010 Event : 3
0x00 0100011|0000000|01101000111111|111101111001|0010011000|1111110111  0x4601A3FF79263F7
0x01 0100011|0000001|01101000101000|111101111010|0010100101|1111110111  0x4605A28F7A297F7
0x02 0100011|0000010|01100110011010|111101111010|0011110100|1111110111  0x460999AF7A3D3F7
0x03 0100011|0000011|01110010110000|001010001011|1111110100|0000111000  0x460DCB028BFD038
0x04 0100011|0000100|01110011011100|001101111011|1111111101|0001011110  0x4611CDC37BFF45E
0x05 0100011|0000110|01111111110010|111110101011|1101001011|1111101001  0x4619FF2FABD2FE9
0x06 0100011|0000111|01111111001011|111101110110|1101100001|1111111000  0x461DFCBF76D87F8
0x07 0100011|0001000|01101011000101|000011101101|0011000011|1111111100  0x4621AC50ED30FFC
0x08 0100011|0001001|01111001101101|110001100110|1110100010|1110010101  0x4625E6DC66E8B95
BX = 011 Event : 4
0x00 0100011|0000000|01110111001111|001000101001|1100000110|0000101010  0x4601DCF229C182A
0x01 0100011|0000010|01110001010110|000111000011|0100110011|0000101000  0x4609C561C34CC28
0x02 0100011|0000011|01111000010110|001111010101|0010011011|0001101111  0x460DE163D526C6F
BX = 100 Event : 5
0x00 0100011|0000000|01011001000001|000000010001|0011110000|1111111001  0x46016410113C3F9
0x01 0100011|0000001|01110000001011|000011100000|1110110110|0000011111  0x4605C0B0E0ED81F
0x02 0100011|0000010|01011011011010|101110110011|0100011001|1110010101  0x46096DABB346795
0x03 0100011|0000011|01101001010101|000001011111|0101001110|0000100000  0x460DA5505F53820
0x04 0100011|0000100|01111010011001|001100000111|0010001011|0001000101  0x4611E9930722C45
BX = 101 Event : 6
0x00 0100011|0000000|01111000101001|000101000101|1011000001|0000110000  0x4601E29145B0430
BX = 110 Event : 7
0x00 0100011|0000000|01110001010000|001011100001|0010011110|0001010100  0x4601C502E127854
0x01 0100011|0000001|01101110111111|001011100010|0011101100|0001010100  0x4605BBF2E23B054
0x02 0100011|0000010|01110010001010|001011011000|0010010001|0001010101  0x4609C8A2D824455
0x03 0100011|0000011|01101110111010|001011011001|0011101101|0001010101  0x460DBBA2D93B455
0x04 0100011|0000100|01101010100101|001101010111|0011100111|0001101010  0x4611AA535739C6A
0x05 0100011|0000101|01101111100010|101111111110|0101001011|1110010111  0x4615BE2BFE52F97
0x06 0100011|0000110|01101111100001|110000000011|0101001011|1110010110  0x4619BE1C0352F96
BX = 111 Event : 8
0x00 0100011|0000000|01101100001110|000111000101|1101000110|0000110111  0x4601B0E1C5D1837
0x01 0100011|0000001|01100111100111|000111110011|1110010000|0000110001  0x46059E71F3E4031
0x02 0100011|0000010|01100011100101|000110001110|0000000100|0001001000  0x46098E518E01048
0x03 0100011|0000011|01101111111001|001000110011|1100001100|0000101001  0x460DBF9233C3029
0x04 0100011|0000100|01101000111111|001000111011|1101111010|0000101000  0x4611A3F23BDE828
0x05 0100011|0000101|01100101100001|000111100101|1111100101|0000111101  0x46159611E5F943D
0x06 0100011|0000110|01101111011111|111101110110|1101110100|1111110111  0x4619BDFF76DD3F7
0x07 0100011|0000111|01110111001010|111101111111|1011111011|1111110110  0x461DDCAF7FBEFF6
0x08 0100011|0001000|01110110011101|111101111111|1100010011|1111110110  0x4621D9DF7FC4FF6
0x09 0100011|0001001|01110110111101|111111011001|1011111110|1111101011  0x4625DBDFD9BFBEB
0x0a 0100011|0001010|01110110010100|111111011001|1100010110|1111101011  0x4629D94FD9C5BEB
0x0b 0100011|0001011|01110110110101|111111111111|1100000000|1111100110  0x462DDB5FFFC03E6
0x0c 0100011|0001100|01110110001011|111111111111|1100011000|1111100110  0x4631D8BFFFC63E6
0x0d 0100011|0001101|01101001111100|101110100001|1111001011|1110101011  0x4635A7CBA1F2FAB
0x0e 0100011|0001110|01100101111110|001101001001|0100011011|0001100011  0x463997E34946C63
0x0f 0100011|0001111|01110010110001|000111001111|0001010000|0000111010  0x463DCB11CF1403A
0x10 0100011|0010000|01110100110000|000110001100|0000010011|0001001010  0x4641D3018C04C4A
0x11 0100011|0010001|01110000100101|000111011100|0001101111|0000111000  0x4645C251DC1BC38
0x12 0100011|0010010|01110010100011|000110011010|0000110011|0001001000  0x4649CA319A0CC48
0x13 0100011|0010100|01111111000101|111010111110|1110011010|1111100111  0x4651FC5EBEE6BE7
0x14 0100011|0010101|01111111000101|111011000001|1110011010|1111100110  0x4655FC5EC1E6BE6
0x15 0100011|0010110|01101100111110|111100010001|0010011111|1111011101  0x4659B3EF1127FDD
0x16 0100011|0010111|01101100111110|111100010101|0010011111|1111011101  0x465DB3EF1527FDD
0x17 0100011|0011000|01101011111111|000111010001|0100011110|0000111001  0x4661AFF1D147839
0x18 0100011|0011001|01101001111101|000111011110|0100111011|0000111000  0x4665A7D1DE4EC38
BX = 000 Event : 9
0x00 0100011|0000000|01110011110000|000111011100|1100000011|0000011110  0x4601CF01DCC0C1E
0x01 0100011|0000001|01110101100001|000101101010|1011010000|0000111000  0x4605D6116AB4038
0x02 0100011|0000010|01110100111011|000101101010|1011100001|0000111000  0x4609D3B16AB8438
0x03 0100011|0000011|01111001101011|000110010001|1010100111|0000100111  0x460DE6B191A9C27
0x04 0100011|0000100|01011100010111|000011100100|0100001001|1111111101  0x46117170E4427FD
0x05 0100011|0000101|01100100011011|000010111010|0010111100|0000010110  0x461591B0BA2F016
0x06 0100011|0000110|01100010000000|101111110111|0011011001|1110010111  0x4619880BF736797
0x07 0100011|0000111|01011100111100|101111110110|0101100111|1110011000  0x461D73CBF659F98
0x08 0100011|0001000|01111010111101|111111111111|1101100011|1111011111  0x4621EBDFFFD8FDF
BX = 001 Event : 10
0x00 0100011|0000000|01011100001100|000101000011|0010000101|0000000111  0x460170C14321407
0x01 0100011|0000001|01111010000110|111011111001|1100011110|1111011101  0x4605E86EF9C7BDD
0x02 0100011|0000010|01110000011111|111100111010|0100010100|1111100010  0x4609C1FF3A453E2
BX = 010 Event : 11
0x00 0100011|0000000|01111001100011|001000001010|1100011000|0001010110  0x4601E6320AC6056
0x01 0100011|0000001|01111111100010|111100110110|1010100001|1111101001  0x4605FE2F36A87E9
0x02 0100011|0000011|01110101011101|000011001100|0001110001|0000101000  0x460DD5D0CC1C428
0x03 0100011|0000100|01110100110011|000011010100|0001111010|0000100111  0x4611D330D41E827
0x04 0100011|0000101|01111010110111|111001000010|1111101110|1111010111  0x4615EB7E42FBBD7
0x05 0100011|0000110|01111010101011|111001000010|1111110001|1111010111  0x4619EABE42FC7D7
0x06 0100011|0000111|01110101100011|111111100010|0100100001|0000001000  0x461DD63FE248408
BX = 011 Event : 12
0x00 0100011|0000000|01011110011111|111101100100|0010000001|0000000011  0x460179FF6420403
0x01 0100011|0000001|01110011010111|001111000010|1011011100|0001000001  0x4605CD73C2B7041
0x02 0100011|0000010|01101110111100|101110101000|1111001011|1110010101  0x4609BBCBA8F2F95
0x03 0100011|0000011|01100110010000|001111000100|0010011001|0001011110  0x460D9903C42645E
0x04 0100011|0000100|01111111011010|000100111010|1010101001|0000001000  0x4611FDA13AAA408
BX = 100 Event : 13
0x00 0100011|0000000|01011110001101|001001111111|0010111110|0000111111  0x460178D27F2F83F
BX = 101 Event : 14
0x00 0100011|0000000|01011010100001|001111011010|0101101001|0001011011  0x46016A13DA5A45B
0x01 0100011|0000001|01110000000101|000101111100|0001101001|0001000011  0x4605C0517C1A443
0x02 0100011|0000010|01101010100011|001001011001|0010111001|0000101010  0x4609AA32592E42A
BX = 110 Event : 15
0x00 0100011|0000000|01100001010010|111010110011|0000010110|1111001111  0x4601852EB305BCF
0x01 0100011|0000001|01100001101111|111010110100|0000000111|1111001111  0x460586FEB401FCF
0x02 0100011|0000010|01100010000111|111010110100|1111111011|1111001111  0x4609887EB4FEFCF
0x03 0100011|0000011|01101100110011|111011101010|1101011101|1111001000  0x460DB33EEAD77C8
0x04 0100011|0000100|01101101010000|111011101010|1101001110|1111001000  0x4611B50EEAD3BC8
0x05 0100011|0000101|01101101101000|111011101010|1101000011|1111001000  0x4615B68EEAD0FC8
0x06 0100011|0000110|01101100011111|111010100000|1101100010|1111010001  0x4619B1FEA0D8BD1
0x07 0100011|0000111|01101100110101|111010100000|1101010101|1111010001  0x461DB35EA0D57D1
0x08 0100011|0001000|01101101000110|111010100000|1101001011|1111010001  0x4621B46EA0D2FD1
0x09 0100011|0001001|01101101101100|000001111000|1101100111|1111110111  0x4625B6C078D9FF7
0x0a 0100011|0001010|01100001010000|000010101111|0010101110|1111110000  0x46298500AF2BBF0
0x0b 0100011|0001011|01100100010100|110110001011|0101010001|1111000111  0x462D914D8B547C7
0x0c 0100011|0001100|01100100010001|110110010101|0101010001|1111000101  0x4631911D95547C5
BX = 111 Event : 16
0x00 0100011|0000000|01111001101110|111111110100|1011000010|1111111101  0x4601E6EFF4B0BFD
0x01 0100011|0000001|01111001110000|111111110111|1011000001|1111111101  0x4605E70FF7B07FD
0x02 0100011|0000010|01100101011011|000010010001|0001010110|1111111101  0x460995B09115BFD
0x03 0100011|0000011|01100010010011|000010010001|0010110101|1111111101  0x460D8930912D7FD
0x04 0100011|0000100|01100110100111|000010001011|0001000011|1111111110  0x46119A708B10FFE
0x05 0100011|0000101|01100100010100|000010001011|0010010101|1111111110  0x461591408B257FE
0x06 0100011|0000110|01101101000101|000101110011|0000010011|0000101011  0x4619B4517304C2B
0x07 0100011|0000111|01011011100001|000001001110|0101000110|0000011100  0x461D6E104E5181C
0x08 0100011|0001000|01011011100001|000001100010|0101000110|0000010111  0x46216E106251817
0x09 0100011|0001001|01101100101110|111011101111|0100010010|1111100001  0x4625B2EEEF44BE1
BX = 000 Event : 17
0x00 0100011|0000000|01011000000101|110111010111|0011111001|1110110111  0x4601605DD73E7B7
0x01 0100011|0000001|01101010100100|111100011110|0010111001|0000001011  0x4605AA4F1E2E40B
0x02 0100011|0000011|01101100100111|001000101000|0010110000|0000110000  0x460DB272282C030
0x03 0100011|0000100|01101100100101|001000101101|0010110000|0000101111  0x4611B2522D2C02F
0x04 0100011|0000101|01110100011000|111100010010|0001011100|1111001001  0x4615D18F12173C9
0x05 0100011|0000110|01110011011110|000000101100|0001101011|0000011101  0x4619CDE02C1AC1D
0x06 0100011|0000111|01101001101101|110110001010|0100010010|1111000110  0x461DA6DD8A44BC6
0x07 0100011|0001000|01101110110001|000010100011|0100010011|1111111100  0x4621BB10A344FFC
BX = 001 Event : 18
0x00 0100011|0000000|01101011011101|000011011100|1101010110|0000100000  0x4601ADD0DCD5820
0x01 0100011|0000001|01111010000100|000010100001|1010110001|0000011011  0x4605E840A1AC41B
0x02 0100011|0000010|01111001101000|000010100001|1011000001|0000011011  0x4609E680A1B041B
0x03 0100011|0000011|01111001101010|000100000100|1010110111|0000001111  0x460DE6A104ADC0F
0x04 0100011|0000100|01111001001101|000100000100|1011001000|0000001111  0x4611E4D104B200F
0x05 0100011|0000101|01011001110111|110111001001|0101010111|1110110000  0x4615677DC955FB0
0x06 0100011|0000110|01011001001010|110111100010|0101100010|1110101101  0x461964ADE258BAD
0x07 0100011|0000111|01110100100000|111001010010|0101011100|1111010110  0x461DD20E52573D6
0x08 0100011|0001000|01110100010110|111001010110|0101011110|1111010110  0x4621D16E5657BD6
BX = 010 Event : 19
0x00 0100011|0000000|01100101111011|001001001011|0000001100|0000111010  0x460197B24B0303A
0x01 0100011|0000001|01110100010100|111010101001|1100010010|1111011011  0x4605D14EA9C4BDB
0x02 0100011|0000010|01100000011011|001001001100|0010110011|0000111001  0x460981B24C2CC39
0x03 0100011|0000011|01100001000001|000111100100|0010100001|0001010010  0x460D8411E428452
0x04 0100011|0000100|01110010000000|111010101010|1101100100|1111011011  0x4611C80EAAD93DB
0x05 0100011|0000101|01101110100101|111010101001|1111011110|1111011011  0x4615BA5EA9F7BDB
0x06 0100011|0000110|01100101111000|111011101110|0010011001|1111001000  0x4619978EEE267C8
0x07 0100011|0000111|01100101001111|000011110101|0101010001|0000011010  0x461D94F0F55441A
BX = 011 Event : 20
0x00 0100011|0000000|01011111001010|000111011110|0011000011|0000101001  0x46017CA1DE30C29
0x01 0100011|0000001|01011111010101|000111100101|0011000000|0000101001  0x46057D51E530029
0x02 0100011|0000010|01011010100111|000110001000|0101001111|0000111110  0x46096A718853C3E
0x03 0100011|0000011|01011010101000|000110110110|0101001110|0000110011  0x460D6A81B653833
0x04 0100011|0000100|01011010110101|000110010000|0101001011|0000111101  0x46116B519052C3D
0x05 0100011|0000101|01011010110101|000110111100|0101001011|0000110010  0x46156B51BC52C32
0x06 0100011|0000110|01100000000111|001000101111|0100001100|0001000010  0x461980722F43042
0x07 0100011|0000111|01100011111001|001101000101|0010111000|0001010000  0x461D8F93452E050
0x08 0100011|0001000|01100011110111|001101000011|0010111001|0001010000  0x46218F73432E450
0x09 0100011|0001001|01100011111111|001101000011|0010110111|0001010000  0x46258FF3432DC50
0x0a 0100011|0001010|01100011111101|001101000010|0010111000|0001010001  0x46298FD3422E051
BX = 100 Event : 21
0x00 0100011|0000000|01111110011001|111000011100|1101110100|1111100101  0x4601F99E1CDD3E5
0x01 0100011|0000001|01101110011011|111011100100|0010001110|1111000101  0x4605B9BEE423BC5
0x02 0100011|0000010|01110000110011|111010101110|0000111001|1111010100  0x4609C33EAE0E7D4
0x03 0100011|0001010|01110111000000|000100111111|0011100001|0000011011  0x4629DC013F3841B
0x04 0100011|0001011|01110111101101|000011011101|0011000111|0000111000  0x462DDED0DD31C38
BX = 101 Event : 22
0x00 0100011|0000000|01111110101100|000111101101|1011001000|0000100111  0x4601FAC1EDB2027
0x01 0100011|0000011|01111001011101|001100101110|0001000110|0001000001  0x460DE5D32E11841
0x02 0100011|0000100|01110100100011|001100101110|0011010000|0001000000  0x4611D2332E34040
BX = 110 Event : 23
BX = 111 Event : 24
0x00 0100011|0000000|01101001010100|000100101001|0010101000|0000101111  0x4601A541292A02F
0x01 0100011|0000001|01111010110000|111011100011|0001111101|1111000101  0x4605EB0EE31F7C5
BX = 000 Event : 25
0x00 0100011|0000000|01100100011000|111110011110|0001110101|0000001000  0x4601918F9E1D408
0x01 0100011|0000001|01100101101010|111110011110|0001001100|0000001000  0x460596AF9E13008
0x02 0100011|0000010|01100011011100|110010100000|0010011101|1111001000  0x46098DCCA0277C8
BX = 001 Event : 26
0x00 0100011|0000000|01011011000000|000000010001|0011001011|1111111001  0x46016C001132FF9
0x01 0100011|0000001|01010111010010|000011001000|0100110010|0000001100  0x46055D20C84C80C
0x02 0100011|0000010|01100110101111|110001110100|0001101001|1110100110  0x46099AFC741A7A6
0x03 0100011|0000011|01100110101010|110001110100|0001101100|1110100110  0x460D9AAC741B3A6
0x04 0100011|0000100|01100110100010|110001110100|0001110000|1110100110  0x46119A2C741C3A6
0x05 0100011|0000101|01100010101010|110010111001|0011110000|1110010100  0x46158AACB93C394
0x06 0100011|0000110|01100010001111|110101001000|0101000111|1110101010  0x461988FD4851FAA
BX = 010 Event : 27
0x00 0100011|0000000|01011011001011|000011111001|0010100100|0000000110  0x46016CB0F929006
0x01 0100011|0000001|01011011100010|111101001011|0100100100|1111100110  0x46056E2F4B493E6
0x02 0100011|0000010|01011011010001|111100110111|0100101100|1111101011  0x46096D1F374B3EB
0x03 0100011|0000011|01101110110000|101110001001|1110011100|1110101110  0x460DBB0B89E73AE
0x04 0100011|0000100|01110000000001|101110001111|1111010001|1110101110  0x4611C01B8FF47AE
0x05 0100011|0000101|01110000110101|110001000100|1111000100|1110010111  0x4615C35C44F1397
0x06 0100011|0000110|01101111000011|101111100011|1111111101|1110101111  0x4619BC3BE3FF7AF
0x07 0100011|0000111|01101111100010|101111100011|1111101110|1110101111  0x461DBE2BE3FBBAF
0x08 0100011|0001000|01101001000000|111010001111|0000000010|1111000000  0x4621A40E8F00BC0
0x09 0100011|0001001|01101001100100|000000100111|0010011010|1111101101  0x4625A6402726BED
0x0a 0100011|0001010|01100111111010|000001000011|0010111100|0000000110  0x46299FA0432F006
0x0b 0100011|0001011|01101101000011|101111111010|0000111100|1110101001  0x462DB43BFA0F3A9
0x0c 0100011|0001100|01100110010000|111001011000|0100010101|1111010101  0x4631990E58457D5
0x0d 0100011|0001101|01100011101011|110000110111|0101100100|1110011011  0x46358EBC375939B
0x0e 0100011|0001110|01100110010010|111001011111|0100010101|1111010100  0x4639992E5F457D4
0x0f 0100011|0001111|01110111000010|000101011111|1101111110|0000101101  0x463DDC215FDF82D
0x10 0100011|0010000|01101110010000|001100101000|0011101110|0001010100  0x4641B903283B854
BX = 011 Event : 28
0x00 0100011|0000000|01100101011010|111010001001|0011011110|1111101101  0x460195AE8937BED
0x01 0100011|0000001|01111100101110|111011011110|1110001001|1111011000  0x4605F2EEDEE27D8
0x02 0100011|0000010|01111101011111|111010011110|1101101101|1111101010  0x4609F5FE9EDB7EA
BX = 100 Event : 29
0x00 0100011|0000000|01110101010011|001001011110|1101001001|0000101110  0x4601D5325ED242E
0x01 0100011|0000001|01110101011001|001001011110|1101000110|0000101110  0x4605D5925ED182E
BX = 101 Event : 30
0x00 0100011|0000000|01011001000111|101111101110|0011011110|1110110110  0x4601647BEE37BB6
0x01 0100011|0000001|01110101111011|111011000101|1101100110|1111101101  0x4605D7BEC5D9BED
0x02 0100011|0000011|01110101000101|111101110111|0000011111|1111100100  0x460DD45F7707FE4
0x03 0100011|0000100|01111100001011|111111111010|1111001001|1111100000  0x4611F0BFFAF27E0
0x04 0100011|0000101|01111011111100|111111000100|1111010010|1111101111  0x4615EFCFC4F4BEF
0x05 0100011|0000110|01110110000000|111111111010|0010100111|1111100000  0x4619D80FFA29FE0
0x06 0100011|0000111|01110100110010|000100111111|0100100100|0000011011  0x461DD3213F4901B
BX = 110 Event : 31
0x00 0100011|0000000|01111000111110|111011000111|1011000111|1111010111  0x4601E3EEC7B1FD7
0x01 0100011|0000001|01110011000111|001010101011|1101100101|0000100100  0x4605CC72ABD9424
0x02 0100011|0000010|01011101110001|001010101001|0010110110|0000101110  0x46097712A92D82E
0x03 0100011|0000011|01011110010000|001000100001|0010101001|0001001011  0x460D7902212A44B
0x04 0100011|0000100|01100111010011|110010000111|0101100100|1110011010  0x46119D3C875939A
0x05 0100011|0000101|01110001100010|000100011101|0100100100|0000101000  0x4615C6211D49028
BX = 111 Event : 32
0x00 0100011|0000000|01110000100100|000011001010|1110111001|0000001100  0x4601C240CAEE40C
0x01 0100011|0000001|01101110110111|000010001111|1111111000|0000011101  0x4605BB708FFE01D
0x02 0100011|0000010|01100010011101|111000001001|0101100110|1111000011  0x460989DE0959BC3
0x03 0100011|0000011|01100100001011|110111000001|0100110110|1111010011  0x460D90BDC14DBD3
0x04 0100011|0000100|01100010011111|111000000111|0101100101|1111000011  0x461189FE07597C3
0x05 0100011|0000101|01100011101100|110111010101|0100111101|1111010001  0x46158ECDD54F7D1
0x06 0100011|0000110|01111000110000|000001101110|1100110110|0000011000  0x4619E3006ECD818
0x07 0100011|0000111|01111010001010|001000001101|1111001100|0000110011  0x461DE8A20DF3033
0x08 0100011|0001000|01111001000011|001001110111|1111011100|0000100111  0x4621E43277F7027
0x09 0100011|0001001|01101011101111|001011110110|0100111000|0000110011  0x4625AEF2F64E033
BX = 000 Event : 33
0x00 0100011|0000000|01011111110101|110001110011|0001000100|1110011101  0x46017F5C731139D
0x01 0100011|0000001|01011111001111|110000110110|0001011001|1110101101  0x46057CFC36167AD
0x02 0100011|0000010|01011110110100|110000110110|0001100111|1110101101  0x46097B4C3619FAD
0x03 0100011|0000100|01111111101111|000110101100|1101110111|0000011000  0x4611FEF1ACDDC18
0x04 0100011|0000101|01101101110111|111100010100|0100100100|1111011101  0x4615B77F14493DD
BX = 001 Event : 34
0x00 0100011|0000000|01100110110111|000100010101|0011001100|0000000011  0x46019B711533003
0x01 0100011|0000001|01100110110111|000100111111|0011001100|1111111110  0x46059B713F333FE
0x02 0100011|0000010|01101101001000|111011001111|0010111010|1111010000  0x4609B48ECF2EBD0
BX = 010 Event : 35
0x00 0100011|0000000|01110000000001|111010011111|1100010100|1111111100  0x4601C01E9FC53FC
0x01 0100011|0000001|01101111000011|111111010001|1101010101|0000000001  0x4605BC3FD1D5401
0x02 0100011|0000010|01101111000011|111111011100|1101010101|0000000000  0x4609BC3FDCD5400
0x03 0100011|0000011|01111001010011|000001100101|1010110000|0000001101  0x460DE53065AC00D
0x04 0100011|0000100|01101001010101|000010000111|1111101111|0000101010  0x4611A55087FBC2A
0x05 0100011|0000101|01101100001000|000110001011|1111000011|0000001010  0x4615B0818BF0C0A
0x06 0100011|0000110|01101010100100|111110011011|1111110100|0000010010  0x4619AA4F9BFD012
0x07 0100011|0000111|01101110010101|000001100100|0000010010|1111110001  0x461DB9506404BF1
0x08 0100011|0001000|01110010100001|000000110010|1101110101|1111111111  0x4621CA1032DD7FF
0x09 0100011|0001001|01110000000110|000001101101|1111111000|0000001011  0x4625C0606DFE00B
0x0a 0100011|0001010|01101010000010|000100001110|0001010000|1111111001  0x4629A8210E143F9
0x0b 0100011|0001011|01101010101010|111100110111|0001100100|1111101011  0x462DAAAF37193EB
0x0c 0100011|0001100|01101101111010|111111111111|0000100010|0000001110  0x4631B7AFFF0880E
0x0d 0100011|0001101|01101111101000|000010100011|0000001001|1111111100  0x4635BE80A3027FC
BX = 011 Event : 36
0x00 0100011|0000000|01011100000001|000011101010|0100111001|0000010000  0x46017010EA4E410
0x01 0100011|0000001|01100111110100|110011110101|0011101000|1110110011  0x46059F4CF53A3B3
0x02 0100011|0000011|01111111101000|000000001000|1101010001|0000000100  0x460DFE8008D4404
0x03 0100011|0000101|01110011100010|000111000011|0001011010|0000001100  0x4615CE21C31680C
0x04 0100011|0000110|01101010101101|110111111000|0011010111|1111010111  0x4619AADDF835FD7
BX = 100 Event : 37
0x00 0100011|0000000|01110010110001|000100000001|1011011101|0000101111  0x4601CB1101B742F
0x01 0100011|0000001|01011110110010|001000010100|0010010110|0000101101  0x46057B22142582D
0x02 0100011|0000010|01011110111011|001000011011|0010010100|0000101100  0x46097BB21B2502C
0x03 0100011|0000011|01111111111100|010000011101|1011101110|0001110001  0x460DFFC41DBB871
0x04 0100011|0000100|01111011000011|111010110011|1011111111|1111101111  0x4611EC3EB3BFFEF
0x05 0100011|0000101|01110001101000|000000111101|0010000101|1111111110  0x4615C6803D217FE
BX = 101 Event : 38
0x00 0100011|0000000|01011101010000|000001110001|0010101111|0000000001  0x46017500712BC01
0x01 0100011|0000001|01011011100000|000000011000|0011100100|0000010111  0x46056E001839017
0x02 0100011|0000010|01010111111011|000010110110|0100000011|1111111001  0x46095FB0B640FF9
0x03 0100011|0000011|01010110001001|000001011110|0100111000|0000001110  0x460D58905E4E00E
0x04 0100011|0000100|01101001111001|111010000111|0010100110|1111100010  0x4611A79E8729BE2
0x05 0100011|0000101|01101101010000|111001110010|0001110110|1111100100  0x4615B50E721DBE4
0x06 0100011|0000110|01101100000001|111001110010|0010100010|1111100100  0x4619B01E7228BE4
0x07 0100011|0000111|01101011111011|111001110010|0010100101|1111100100  0x461DAFBE72297E4
0x08 0100011|0001000|01111010010111|111100011000|1111001000|1111010010  0x4621E97F18F23D2
0x09 0100011|0001001|01111001001011|111011011100|1111110101|1111100011  0x4625E4BEDCFD7E3
0x0a 0100011|0001010|01111000111010|111011011100|1111111110|1111100011  0x4629E3AEDCFFBE3
0x0b 0100011|0001011|01110110110000|111010101010|0001010000|1111110010  0x462DDB0EAA143F2
0x0c 0100011|0001100|01110111101101|111011011111|0000001010|1111100011  0x4631DEDEDF02BE3
0x0d 0100011|0001101|01110111011100|111011011111|0000010100|1111100011  0x4635DDCEDF053E3
0x0e 0100011|0001110|01110101010001|111010101110|0001100101|1111110001  0x4639D51EAE197F1
BX = 110 Event : 39
0x00 0100011|0000000|01010111111111|111110111111|0100100100|0000001101  0x46015FFFBF4900D
0x01 0100011|0000001|01101111101101|001111101100|0101100101|0001100001  0x4605BED3EC59461
BX = 111 Event : 40
0x00 0100011|0000000|01100010100010|001010100111|0011001010|0001011010  0x46018A22A73285A
0x01 0100011|0000001|01101001111101|111000101000|0010010001|1111101101  0x4605A7DE28247ED
0x02 0100011|0000010|01100101000000|111000101000|0101001000|1111101101  0x4609940E28523ED
0x03 0100011|0000011|01100011000101|111100000000|0101010111|1111101000  0x460D8C5F0055FE8
0x04 0100011|0000100|01101000110100|001001011101|0101010111|0000111101  0x4611A3425D55C3D
0x05 0100011|0000101|01101000110010|001001011010|0101011000|0000111101  0x4615A3225A5603D
0x06 0100011|0000110|01101001110011|111010010111|0100000100|1111100000  0x4619A73E97413E0
0x07 0100011|0000111|01110110000010|111110000000|0001010001|1111010001  0x461DD82F80147D1
0x08 0100011|0001000|01110101110111|111101001011|0001010111|1111011111  0x4621D77F4B15FDF
0x09 0100011|0001001|01110111011110|111100010101|0000011101|1111101111  0x4625DDEF15077EF
0x0a 0100011|0001010|01110101111110|111101010111|0001010110|1111011110  0x4629D7EF5715BDE
0x0b 0100011|0001011|01110111100101|111100100001|0000011011|1111101101  0x462DDE5F2106FED
0x0c 0100011|0001100|01111100110100|000010100011|1111000110|1111111100  0x4631F340A3F1BFC
0x0d 0100011|0001101|01111100110100|000010100110|1111000110|1111111011  0x4635F340A6F1BFB
0x0e 0100011|0001110|01110101011000|000011001101|0000110001|1111110111  0x4639D580CD0C7F7
0x0f 0100011|0001111|01110101001000|000011010000|0000110101|1111110111  0x463DD480D00D7F7
0x10 0100011|0010000|01110010001011|110011000101|0011000010|1110111000  0x4641C8BCC530BB8
0x11 0100011|0010001|01110101001111|000001101101|0011010110|0000001011  0x4645D4F06D3580B
0x12 0100011|0010010|01110011000100|000000101100|0100100100|0000011101  0x4649CC402C4901D
0x13 0100011|0010011|01110101001111|000001110000|0011010110|0000001010  0x464DD4F0703580A
0x14 0100011|0010100|01110011000100|000000110000|0100100100|0000011100  0x4651CC40304901C
0x15 0100011|0010101|01101101100011|000010011010|0101000100|0000000110  0x4655B6309A51006
BX = 000 Event : 41
0x00 0100011|0000000|01100000110111|111110010000|0001000101|1111101010  0x4601837F90117EA
0x01 0100011|0000001|01010111111101|110100001001|0100101010|1110011110  0x46055FDD094AB9E
0x02 0100011|0000010|01111101010001|001001000111|1101000110|0001010010  0x4609F51247D1852
0x03 0100011|0000011|01111110101100|001001001111|1100110001|0001010001  0x460DFAC24FCC451
0x04 0100011|0000100|01111101100100|001001110100|1101000001|0001001101  0x4611F64274D044D
0x05 0100011|0000101|01101111111110|001100100001|0000000110|0000111001  0x4615BFE32101839
0x06 0100011|0000110|01110110100110|001011011110|0000011110|0001001010  0x4619DA62DE0784A
BX = 001 Event : 42
0x00 0100011|0000000|01011010110001|111010100101|0100111001|1111101010  0x46016B1EA54E7EA
0x01 0100011|0000001|01101010111010|111000100101|0101001101|1111010010  0x4605ABAE25537D2
BX = 010 Event : 43
0x00 0100011|0000000|01110001100011|000110011101|0010000001|0000000111  0x4601C6319D20407
0x01 0100011|0000001|01110001100011|000101100110|0010000001|0000010110  0x4605C6316620416
0x02 0100011|0000010|01101000111001|000110011110|0011111110|0000010000  0x4609A3919E3F810
BX = 011 Event : 44
0x00 0100011|0000000|01101001100101|000110001111|1110010101|0000101000  0x4601A6518FE5428
0x01 0100011|0000001|01100010100000|000100101101|0001110100|0001000000  0x46058A012D1D040
0x02 0100011|0000010|01101001011010|001010110011|0001010000|0000101101  0x4609A5A2B31402D
0x03 0100011|0000011|01101110101001|110110000110|1111101001|1111010101  0x460DBA9D86FA7D5
0x04 0100011|0000100|01110111101000|001111010001|1110010110|0001011101  0x4611DE83D1E585D
BX = 100 Event : 45
0x00 0100011|0000000|01100000011101|111110011101|0100001101|1111101010  0x460181DF9D437EA
0x01 0100011|0000001|01100000100000|111110011011|0100001100|1111101011  0x4605820F9B433EB
0x02 0100011|0000010|01100101101100|001011110101|0100100101|0001100010  0x460996C2F549462
0x03 0100011|0000011|01111100000111|111001100100|1101111011|1111010100  0x460DF07E64DEFD4
0x04 0100011|0000100|01111011111010|111001100100|1101111111|1111010100  0x4611EFAE64DFFD4
BX = 101 Event : 46
0x00 0100011|0000000|01101011010100|111000100101|0001010110|1110110101  0x4601AD4E2515BB5
0x01 0100011|0000001|01101010010110|111001000011|0001100100|1110110001  0x4605A96E43193B1
0x02 0100011|0000010|01100011101011|110111001010|0100110111|1111001010  0x46098EBDCA4DFCA
0x03 0100011|0000011|01111000001010|111001000010|1100001010|1111010011  0x460DE0AE42C2BD3
BX = 110 Event : 47
0x00 0100011|0000000|01110011101000|001011101001|1011110001|0000110010  0x4601CE82E9BC432
0x01 0100011|0000001|01110001110101|001011101001|1100101110|0000110010  0x4605C752E9CB832
0x02 0100011|0000010|01100001100111|000011000010|0011011001|0000100000  0x46098670C236420
0x03 0100011|0000011|01101010101111|111111110110|0101010010|0000011000  0x460DAAFFF654818
BX = 111 Event : 48
0x00 0100011|0000000|01101111000100|000001000000|0000001010|0000010010  0x4601BC404002812
0x01 0100011|0000001|01101110001000|000001001011|0000101011|0000001111  0x4605B8804B0AC0F
0x02 0100011|0000010|01101111011101|001011111111|0000011011|0000101011  0x4609BDD2FF06C2B
0x03 0100011|0000011|01110000011011|001011001101|1111111010|0000111000  0x460DC1B2CDFE838
0x04 0100011|0000100|01101111110000|000011011011|0000011110|0000010010  0x4611BF00DB07812
0x05 0100011|0000101|01101110000101|111001110100|0100100001|1111010010  0x4615B85E74487D2
0x06 0100011|0000110|01101110000101|111010000010|0100100001|1111010000  0x4619B85E82487D0
BX = 000 Event : 49
0x00 0100011|0000000|01110011010110|000010101001|1101001101|0000011010  0x4601CD60A9D341A
0x01 0100011|0000001|01100100111101|111010101001|0001111010|1111111010  0x460593DEA91EBFA
0x02 0100011|0000010|01100110010000|111011010100|0001100101|1111110101  0x4609990ED4197F5
0x03 0100011|0000011|01100110110001|111011010100|0001011101|1111110101  0x460D9B1ED4177F5
0x04 0100011|0000100|01100110111010|110000001100|0010101010|1110011111  0x46119BAC0C2AB9F
0x05 0100011|0000101|01111001110110|111011001110|1110011101|1111010001  0x4615E76ECEE77D1
0x06 0100011|0000111|01101111100010|111011011100|0010100011|1111100011  0x461DBE2EDC28FE3
BX = 001 Event : 50
0x00 0100011|0000000|01111000011000|111001111001|1010100000|1111110110  0x4601E18E79A83F6
0x01 0100011|0000001|01100010110111|110010011001|0000011100|1110100001  0x46058B7C99073A1
0x02 0100011|0000010|01100110001001|111010101101|0011011100|1111011110  0x4609989EAD373DE
0x03 0100011|0000100|01111111100011|000001110101|1101000000|0000101000  0x4611FE3075D0028
0x04 0100011|0000101|01100110111010|111000010011|0100111000|1111011101  0x46159BAE134E3DD
0x05 0100011|0000110|01110010101101|111000000101|0101000110|1111000100  0x4619CADE0551BC4
0x06 0100011|0000111|01110010110100|110111111001|0101000101|1111000101  0x461DCB4DF9517C5
BX = 010 Event : 51
0x00 0100011|0000000|01110011011011|000011101100|1011101011|0000101000  0x4601CDB0ECBAC28
0x01 0100011|0000010|01111101001000|000101010001|1101001011|0000101010  0x4609F48151D2C2A
0x02 0100011|0000011|01111101010111|000100010010|1101000010|0000111100  0x460DF57112D083C
0x03 0100011|0000101|01100111001100|111101001100|0101000100|1111001100  0x46159CCF4C513CC
BX = 011 Event : 52
0x00 0100011|0000000|01110110100010|001100110100|1011010100|0000110001  0x4601DA2334B5031
0x01 0100011|0000001|01110110101101|001011001111|1011001111|0001001001  0x4605DAD2CFB3C49
0x02 0100011|0000010|01100100111111|111101100001|0010101000|1111100110  0x460993FF612A3E6
0x03 0100011|0000011|01100101011011|111110000110|0010100010|1111100010  0x460D95BF8628BE2
0x04 0100011|0000101|01110010110110|111100000011|0010111011|1111101000  0x4615CB6F032EFE8
0x05 0100011|0000110|01110101111101|111011001101|0001001011|1111110111  0x4619D7DECD12FF7
BX = 100 Event : 53
0x00 0100011|0000000|01011111110100|000000111100|0011010111|1111111110  0x46017F403C35FFE
0x01 0100011|0000001|01101110110000|000010001100|0000101110|0000100110  0x4605BB008C0B826
0x02 0100011|0000011|01111011110000|110001010000|1110001111|1110011111  0x460DEF0C50E3F9F
BX = 101 Event : 54
0x00 0100011|0000000|01100010000101|111110110000|0011100110|1111101000  0x4601885FB039BE8
0x01 0100011|0000001|01100010101001|111110010011|0011011110|1111101011  0x46058A9F9337BEB
BX = 110 Event : 55
0x00 0100011|0000000|01110100011010|110000100000|1100111111|1110111010  0x4601D1AC20CFFBA
0x01 0100011|0000001|01101110110000|111100100111|1111001000|1111100001  0x4605BB0F27F23E1
0x02 0100011|0000010|01110000110000|110001100110|1110111010|1110100111  0x4609C30C66EEBA7
BX = 111 Event : 56
0x00 0100011|0000000|01100111000111|001001000011|1110111010|0000110001  0x46019C7243EE831
0x01 0100011|0000001|01100010110101|000111011110|0000110010|0001000111  0x46058B51DE0C847
0x02 0100011|0000010|01101111110010|001000010101|1101011111|0001000001  0x4609BF2215D7C41
0x03 0100011|0000011|01100010001000|000100100010|0010111111|0000101011  0x460D8881222FC2B
0x04 0100011|0000100|01100011000110|000100100010|0010100010|0000101011  0x46118C61222882B
0x05 0100011|0000101|01100110011000|000100100001|0000111111|0000101100  0x46159981210FC2C
0x06 0100011|0000110|01101101000110|001010110110|1110110100|0000111001  0x4619B462B6ED039
0x07 0100011|0000111|01100110110110|001010110111|0001110001|0000111000  0x461D9B62B71C438
0x08 0100011|0001000|01100110000100|001010111000|0010001001|0000111000  0x46219842B822438
0x09 0100011|0001001|01101000011100|001001101010|0001000001|0001001011  0x4625A1C26A1044B
0x0a 0100011|0001010|01011111011110|001100011001|0011010111|0001000000  0x46297DE31935C40
0x0b 0100011|0001011|01100001011011|001011001110|0010011010|0001010011  0x462D85B2CE26853
0x0c 0100011|0001111|01110011011011|001010101111|0010100000|0000111100  0x463DCDB2AF2803C
BX = 000 Event : 57
0x00 0100011|0000000|01100111101010|111100100110|1110111110|0000000001  0x46019EAF26EF801
0x01 0100011|0000001|01100101001010|111100100110|0000001101|0000000001  0x460594AF2603401
0x02 0100011|0000010|01101111100111|111101101101|1101100110|1111111000  0x4609BE7F6DD9BF8
0x03 0100011|0000011|01101100010000|111110110011|1110011100|1111101111  0x460DB10FB3E73EF
0x04 0100011|0000100|01101110110001|111101110011|1101110100|1111110111  0x4611BB1F73DD3F7
0x05 0100011|0000101|01101100001110|111110101001|1110011100|1111110000  0x4615B0EFA9E73F0
0x06 0100011|0000110|01100000011101|111001110011|0011100110|1111100010  0x461981DE7339BE2
0x07 0100011|0000111|01011011001000|111011001101|0011011110|1111001100  0x461D6C8ECD37BCC
0x08 0100011|0001000|01011011001001|111001111000|0011011110|1111100001  0x46216C9E7837BE1
0x09 0100011|0001001|01011000010100|111100101100|0100011100|1111010110  0x4625614F2C473D6
0x0a 0100011|0001010|01010111100111|111011011100|0100110010|1111101010  0x46295E7EDC4CBEA
0x0b 0100011|0001011|01101100001001|111101101101|1111001110|1111111000  0x462DB09F6DF3BF8
0x0c 0100011|0001100|01101000110100|111110110011|0000000100|1111101111  0x4631A34FB3013EF
0x0d 0100011|0001101|01101100001111|111101110011|1111001101|1111110111  0x4635B0FF73F37F7
0x0e 0100011|0001110|01101001101100|111110101001|1111110110|1111110000  0x4639A6CFA9FDBF0
0x0f 0100011|0001111|01011100010101|111001011101|0101100101|1111100111  0x463D715E5D597E7
0x10 0100011|0010000|01011111111001|001010010000|0100000110|0001010010  0x46417F929041852
0x11 0100011|0010001|01011010010011|110000100111|0101001001|1110010010  0x4645693C2752792
0x12 0100011|0010010|01100011111000|101111011100|0011000010|1110011010  0x46498F8BDC30B9A
0x13 0100011|0010011|01101101011101|111100100001|0001101011|1111010001  0x464DB5DF211AFD1
0x14 0100011|0010100|01101000010010|001000010010|0100100000|0000101001  0x4651A1221248029
0x15 0100011|0010101|01110011100000|111001100101|0010101001|1111010011  0x4655CE0E652A7D3
0x16 0100011|0010110|01100111001100|111011100100|0101010011|1111100011  0x46599CCEE454FE3
0x17 0100011|0010111|01101011110001|111100010100|0100010011|1111011101  0x465DAF1F1444FDD
0x18 0100011|0011000|01101011010100|111101010110|0011010000|1111100111  0x4661AD4F56343E7
0x19 0100011|0011001|01101011010101|111100011001|0011001111|1111111001  0x4665AD5F1933FF9
0x1a 0100011|0011010|01101011001110|111100011001|0011010100|1111111001  0x4669ACEF19353F9
0x1b 0100011|0011011|01111101111100|111101100001|1111000110|1111110001  0x466DF7CF61F1BF1
0x1c 0100011|0011100|01111101110110|111100110000|1111001010|0000000000  0x4671F76F30F2800
0x1d 0100011|0011101|01111000011100|111111010101|0000010110|1111100100  0x4675E1CFD505BE4
0x1e 0100011|0011110|01111000010101|111110100000|0000011010|1111110011  0x4679E15FA006BF3
0x1f 0100011|0011111|01111000000110|111110100000|0000100010|1111110011  0x467DE06FA008BF3
0x20 0100011|0100000|01110111010101|111110100000|0000111110|1111110011  0x4681DD5FA00FBF3
0x21 0100011|0100001|01110110111000|111110100000|0001001110|1111110011  0x4685DB8FA013BF3
0x22 0100011|0100010|01110110001010|111110111100|0001101110|0000000100  0x4689D8AFBC1B804
0x23 0100011|0100011|01111000101110|111110111100|0000001101|0000000100  0x468DE2EFBC03404
0x24 0100011|0100100|01110100001010|111110111100|0010111001|0000000100  0x4691D0AFBC2E404
BX = 001 Event : 58
0x00 0100011|0000000|01111000001011|110101100101|1111011011|1110011100  0x4601E0BD65F6F9C
0x01 0100011|0000001|01110001010100|110111011101|0000101011|1110110100  0x4605C54DDD0AFB4
0x02 0100011|0000010|01110000100000|111001010000|0010011000|1111101000  0x4609C20E50263E8
0x03 0100011|0000011|01110100010001|110001101110|0010111101|1111000010  0x460DD11C6E2F7C2
0x04 0100011|0000100|01101111011010|110100100010|0100000011|1110101110  0x4611BDAD2240FAE
BX = 010 Event : 59
0x00 0100011|0000000|01101110110111|000000111110|1111010001|0000011110  0x4601BB703EF441E
0x01 0100011|0000001|01101111011001|000001010110|1111001000|0000011011  0x4605BD9056F201B
0x02 0100011|0000010|01101001001100|111001100010|0010110011|1111100110  0x4609A4CE622CFE6
0x03 0100011|0000011|01110100101111|111011111011|0000001100|1111010101  0x460DD2FEFB033D5
0x04 0100011|0000100|01110011111000|111011110111|0011011110|1111101001  0x4611CF8EF737BE9
0x05 0100011|0000101|01110010100010|111101001011|0011110001|1111100000  0x4615CA2F4B3C7E0
BX = 011 Event : 60
0x00 0100011|0000000|01110010011001|000001101010|1101111100|1111111000  0x4601C9906ADF3F8
0x01 0100011|0000001|01010110101100|110011101000|0100100100|1111001011  0x46055ACCE8493CB
0x02 0100011|0000010|01100000110100|111011010001|0100000100|1111010000  0x4609834ED1413D0
0x03 0100011|0000011|01011111101100|111011110010|0100010100|1111001101  0x460D7ECEF2453CD
0x04 0100011|0000100|01100101100011|111100001101|0101000100|1111110000  0x4611963F0D513F0
0x05 0100011|0000111|01110101010111|111010010001|0000100100|1111001110  0x461DD57E91093CE
0x06 0100011|0001000|01110111001011|111010010001|1111011111|1111001110  0x4621DCBE91F7FCE
0x07 0100011|0001001|01111001110000|111010010000|1101111111|1111001111  0x4625E70E90DFFCF
0x08 0100011|0001010|01111001010011|111000101010|1110010000|1111101100  0x4629E53E2AE43EC
0x09 0100011|0001011|01110111011111|111001000010|0000000101|1111010111  0x462DDDFE42017D7
0x0a 0100011|0001100|01111010000101|111001000001|1110110101|1111011000  0x4631E85E41ED7D8
0x0b 0100011|0001101|01111101110010|111001000000|1101000101|1111011000  0x4635F72E40D17D8
BX = 100 Event : 61
0x00 0100011|0000000|01101110101010|111101001101|1100110010|1111111100  0x4601BAAF4DCCBFC
0x01 0100011|0000001|01110000001011|111110010111|1100011010|1111110011  0x4605C0BF97C6BF3
0x02 0100011|0000010|01100000010101|000010111000|0000010101|0000000011  0x46098150B805403
0x03 0100011|0000011|01011110111110|000001010100|0000111111|0000011011  0x460D7BE0540FC1B
0x04 0100011|0000100|01100011010000|000100000000|0000001111|0000010000  0x46118D010003C10
0x05 0100011|0000101|01100010101100|000100011001|0000011000|0000001100  0x46158AC1190600C
0x06 0100011|0000110|01110111101011|000010111111|1010111100|0000100011  0x4619DEB0BFAF023
0x07 0100011|0000111|01100111010000|111111110000|0000101000|1111011110  0x461D9D0FF00A3DE
0x08 0100011|0001000|01100101111001|111111110000|0001010001|1111011110  0x4621979FF0147DE
0x09 0100011|0001001|01110011010111|000100001100|1101010101|0000001110  0x4625CD710CD540E
0x0a 0100011|0001010|01011101011111|111001100101|0010111011|1111000101  0x462975FE652EFC5
0x0b 0100011|0001011|01011011011110|111000010100|0011111001|1111011001  0x462D6DEE143E7D9
0x0c 0100011|0001100|01011101100100|111000010100|0010111001|1111011001  0x4631764E142E7D9
0x0d 0100011|0001101|01011101010100|111001110011|0010111110|1111000100  0x4635754E732FBC4
0x0e 0100011|0001110|01011101011001|111000100000|0010111100|1111011000  0x4639759E202F3D8
0x0f 0100011|0001111|01111111110010|000000110000|1100110100|1111110110  0x463DFF2030CD3F6
0x10 0100011|0010000|01110001011110|111110000110|0010011010|1111111111  0x4641C5EF8626BFF
0x11 0100011|0010001|01110111011111|000000010001|0001000011|1111101111  0x4645DDF01110FEF
0x12 0100011|0010011|01101011111110|111001001000|0011101011|1111010111  0x464DAFEE483AFD7
0x13 0100011|0010100|01111011111010|000001010000|0001110100|1111101000  0x4651EFA0501D3E8
BX = 101 Event : 62
0x00 0100011|0000000|01101110011010|000111100001|1101011110|0000010011  0x4601B9A1E1D7813
BX = 110 Event : 63
0x00 0100011|0000001|01110101011110|000011001100|0001110000|0000101000  0x4605D5E0CC1C028
0x01 0100011|0000010|01110100110100|000011010100|0001111010|0000100111  0x4609D340D41E827
BX = 111 Event : 64
0x00 0100011|0000000|01101011011100|000011110011|1111010000|0000110001  0x4601ADC0F3F4031
0x01 0100011|0000001|01100111000011|111011111010|0010111000|1111001100  0x46059C3EFA2E3CC
0x02 0100011|0000010|01100010110010|111011000001|0101001110|1111011100  0x46098B2EC153BDC
0x03 0100011|0000100|01101011100010|110001010110|0101100000|1110111011  0x4611AE2C56583BB
BX = 000 Event : 65
0x00 0100011|0000000|01011101000100|001110000100|0010111110|0001010001  0x46017443842F851
0x01 0100011|0000001|01100001110000|000111111010|0101000010|0000110100  0x46058701FA50834
0x02 0100011|0000010|01110010111101|001100101101|0010101001|0001011100  0x4609CBD32D2A45C
0x03 0100011|0000011|01101010001101|111101011010|0011011100|1111010101  0x460DA8DF5A373D5
0x04 0100011|0000100|01101010000100|111101011001|0011100010|1111010101  0x4611A84F5938BD5
0x05 0100011|0000101|01101001101100|111101011001|0011101111|1111010101  0x4615A6CF593BFD5
0x06 0100011|0000110|01100111111000|111011101111|0100101111|1111110011  0x46199F8EEF4BFF3
0x07 0100011|0000111|01101111001001|000100100010|0101011100|0000011110  0x461DBC91225701E
BX = 001 Event : 66
0x00 0100011|0000000|01101111111100|111101100011|1101010011|1111101111  0x4601BFCF63D4FEF
0x01 0100011|0000001|01111001010100|111101101111|1011000000|1111101110  0x4605E54F6FB03EE
0x02 0100011|0000010|01011110010100|111111011111|0101011001|0000010001  0x4609794FDF56411
0x03 0100011|0000011|01100000001100|000010011110|0100111111|1111111100  0x460D80C09E4FFFC
0x04 0100011|0000100|01011111000010|000010011110|0101100111|1111111100  0x46117C209E59FFC
0x05 0100011|0000101|01101100111001|111000001100|0000110100|1111100111  0x4615B39E0C0D3E7
0x06 0100011|0000110|01101100111010|111000010001|0000110100|1111100110  0x4619B3AE110D3E6
0x07 0100011|0001000|01101010111111|000010101011|0011111111|0000000100  0x4621ABF0AB3FC04
0x08 0100011|0001001|01101011110000|000010101011|0011100100|0000000100  0x4625AF00AB39004
0x09 0100011|0001010|01110010101001|000111010111|0011100101|0000100110  0x4629CA91D739426
BX = 010 Event : 67
0x00 0100011|0000000|01101101101101|111101111001|1110100101|1111100000  0x4601B6DF79E97E0
0x01 0100011|0000001|01101000001100|111101111001|1111111110|1111100000  0x4605A0CF79FFBE0
0x02 0100011|0000010|01110011111000|000000100010|1101010111|1111100001  0x4609CF8022D5FE1
0x03 0100011|0000011|01101001111111|101110011010|0010111101|1110100001  0x460DA7FB9A2F7A1
0x04 0100011|0000100|01100000010000|110000011100|0101000110|1110010011  0x4611810C1C51B93
0x05 0100011|0000110|01111011000101|111100101011|1111100000|0000000000  0x4619EC5F2BF8000
0x06 0100011|0000111|01111001000110|111101010101|1111111101|1111111011  0x461DE46F55FF7FB
0x07 0100011|0001000|01101101011001|111101011000|0010100101|1111111011  0x4621B59F58297FB
0x08 0100011|0001001|01111011001110|111110101011|1111011110|1111110010  0x4625ECEFABF7BF2
0x09 0100011|0001010|01101000110011|000010111100|0100001010|0000000010  0x4629A330BC42802
0x0a 0100011|0001011|01101000110100|000010111100|0100001010|0000000010  0x462DA340BC42802
0x0b 0100011|0001100|01101011101111|001011110110|0100111000|0000110011  0x4631AEF2F64E033
BX = 011 Event : 68
0x00 0100011|0000000|01011101110000|000000100111|0101101000|0000011101  0x46017700275A01D
0x01 0100011|0000001|01100000101010|001101000111|0100011101|0000110101  0x460582A34747435
0x02 0100011|0000010|01100000111101|001101001110|0100011001|0000110100  0x460983D34E46434
BX = 100 Event : 69
0x00 0100011|0000000|01101111011001|001111000000|1101000100|0001111110  0x4601BD93C0D107E
0x01 0100011|0000001|01101111000100|110110111110|1100110010|1111000110  0x4605BC4DBECCBC6
0x02 0100011|0000010|01011111000010|111000100110|0000101001|1111100001  0x46097C2E260A7E1
0x03 0100011|0000011|01110100110110|000110101101|1110010011|0000111010  0x460DD361ADE4C3A
0x04 0100011|0000100|01110101000001|000110100010|1110010000|0000111011  0x4611D411A2E403B
0x05 0100011|0000101|01110010011010|001011010011|1111111011|0000111000  0x4615C9A2D3FEC38
BX = 101 Event : 70
0x00 0100011|0000000|01011000001011|010011010010|0011010110|0001011011  0x460160B4D23585B
0x01 0100011|0000001|01100110011101|000000011000|0100110100|0000000010  0x460599D0184D002
0x02 0100011|0000011|01101100000100|000111000111|0011110100|0000110001  0x460DB041C73D031
BX = 110 Event : 71
0x00 0100011|0000000|01101011001110|000100000011|1111011100|1111111001  0x4601ACE103F73F9
0x01 0100011|0000001|01100011010101|000111100100|0010111001|0000101001  0x46058D51E42E429
0x02 0100011|0000010|01100111101000|111010011111|0000110101|1111000111  0x46099E8E9F0D7C7
0x03 0100011|0000011|01011010000111|110100101000|0100001101|1111001101  0x460D687D28437CD
BX = 111 Event : 72
0x00 0100011|0000000|01011101110011|000100111000|0010000110|1111111110  0x460177313821BFE
0x01 0100011|0000001|01011101111001|000100111000|0010000011|1111111110  0x460577913820FFE
0x02 0100011|0000010|01011110010100|000100111000|0001110111|1111111110  0x46097941381DFFE
0x03 0100011|0000011|01100010000100|000100111001|0000000101|1111111110  0x460D884139017FE
0x04 0100011|0000100|01111100000111|000000110110|1100011011|1111110101  0x4611F07036C6FF5
0x05 0100011|0000101|01111100010100|111110110111|1100010100|0000011000  0x4615F14FB7C5018
0x06 0100011|0000110|01111010011110|000100110010|1100110101|1111111111  0x4619E9E132CD7FF
0x07 0100011|0000111|01111011000100|000100110010|1100100000|1111111111  0x461DEC4132C83FF
0x08 0100011|0001000|01111011010101|000100110010|1100010110|1111111111  0x4621ED5132C5BFF
0x09 0100011|0001001|01111011100000|000100110010|1100010000|1111111111  0x4625EE0132C43FF
0x0a 0100011|0001010|01111011110100|000100110010|1100000110|1111111111  0x4629EF4132C1BFF
0x0b 0100011|0001100|01111001011110|111100101011|1110100110|1111010000  0x4631E5EF2BE9BD0
BX = 000 Event : 73
0x00 0100011|0000000|01101101110000|001001000011|1101101001|0000111011  0x4601B70243DA43B
0x01 0100011|0000001|01101101101111|001001000101|1101101010|0000111011  0x4605B6F245DA83B
0x02 0100011|0000010|01101000010011|110011110111|1111001110|1110101010  0x4609A13CF7F3BAA
0x03 0100011|0000011|01100101011000|000101000110|0001001000|0000011101  0x460D9581461201D
0x04 0100011|0000100|01011111010101|000101001101|0010101000|0000011100  0x46117D514D2A01C
0x05 0100011|0000101|01100001000011|111011001011|0100110001|1111000000  0x4615843ECB4C7C0
0x06 0100011|0000110|01100000101110|000111100011|0011101110|0001010010  0x461982E1E33B852
0x07 0100011|0000111|01101011101000|111000011011|0010011011|1111010011  0x461DAE8E1B26FD3
0x08 0100011|0001000|01110111111000|001110111010|0011011110|0001011111  0x4621DF83BA3785F
BX = 001 Event : 74
0x00 0100011|0000000|01100000111000|001011111111|0001100100|0001001101  0x46018382FF1904D
0x01 0100011|0000001|01110000100000|000111010011|1101111110|0000010101  0x4605C201D3DF815
0x02 0100011|0000010|01110000001111|000101010000|1110001000|0000111011  0x4609C0F150E203B
0x03 0100011|0000011|01111111010111|000101000000|1010011011|0000111101  0x460DFD7140A6C3D
BX = 010 Event : 75
0x00 0100011|0000000|01110011001111|010010110000|0001011100|0001010111  0x4601CCF4B017057
0x01 0100011|0000001|01110000001011|000001110100|0001110011|0000000001  0x4605C0B0741CC01
0x02 0100011|0000010|01100101011111|000010110000|0101011101|0000000011  0x460995F0B057403
0x03 0100011|0000011|01100101111100|110101001000|0101000010|1110111011  0x460D97CD4850BBB
0x04 0100011|0000100|01110100010101|111110010111|0011010001|1111111101  0x4611D15F97347FD
0x05 0100011|0000101|01110011110110|111101011010|0011100011|0000001111  0x4615CF6F5A38C0F
0x06 0100011|0000110|01110000001010|000001001110|0011110011|0000011001  0x4619C0A04E3CC19
BX = 011 Event : 76
0x00 0100011|0000000|01011110100001|000101100111|0011111110|0000100011  0x46017A11673F823
0x01 0100011|0000001|01101111011010|000011100111|1111101101|0000110011  0x4605BDA0E7FB433
0x02 0100011|0000010|01100100001110|001110001011|0010110101|0000111100  0x460990E38B2D43C
0x03 0100011|0000011|01111000010101|001111010011|1101111010|0001011100  0x460DE153D3DE85C
0x04 0100011|0000100|01101100000010|001101101001|0100011111|0001001100  0x4611B0236947C4C
0x05 0100011|0000101|01101010111010|001101111001|0100111000|0001100110  0x4615ABA3794E066
BX = 100 Event : 77
0x00 0100011|0000000|01110010010100|001001011010|0001011011|0000101010  0x4601C9425A16C2A
0x01 0100011|0000001|01111010110110|010000011111|0001010000|0001011100  0x4605EB641F1405C
BX = 101 Event : 78
BX = 110 Event : 79
0x00 0100011|0000000|01011000110011|000110110100|0100011111|0000101110  0x46016331B447C2E
0x01 0100011|0000001|01011101001110|000011010000|0101011101|0000000000  0x460574E0D057400
BX = 111 Event : 80
0x00 0100011|0000000|01100110110000|111101010010|0011111011|1111110011  0x46019B0F523EFF3
0x01 0100011|0000001|01101011110010|110000111000|0001000011|1110110101  0x4605AF2C3810FB5
0x02 0100011|0000010|01110010111010|111001000101|0000000000|1110110001  0x4609CBAE45003B1
BX = 000 Event : 81
0x00 0100011|0000000|01111111100111|111111111101|1011100110|1111111100  0x4601FE7FFDB9BFC
BX = 001 Event : 82
0x00 0100011|0000000|01101110001011|111110110111|1101000100|1111101111  0x4601B8BFB7D13EF
0x01 0100011|0000001|01101110001010|111110110010|1101000100|1111101111  0x4605B8AFB2D13EF
BX = 010 Event : 83
0x00 0100011|0000000|01100100000100|110011101001|0101010111|1111010000  0x4601904CE955FD0
0x01 0100011|0000001|01110000011011|000100011111|1111110001|0000101100  0x4605C1B11FFC42C
0x02 0100011|0000010|01110011000101|000101000100|0000000100|0000000110  0x4609CC514401006
0x03 0100011|0000011|01110010110111|000101000100|0000000111|0000000110  0x460DCB714401C06
0x04 0100011|0000100|01101000111001|111000110101|0011011110|1111000110  0x4611A39E3537BC6
0x05 0100011|0000101|01101111010100|000100000011|0010001010|0000011000  0x4615BD410322818
0x06 0100011|0000110|01101111010111|000100001000|0010001010|0000011000  0x4619BD710822818
0x07 0100011|0000111|01110001110111|000011000101|0100111001|0000101000  0x461DC770C54E428
BX = 011 Event : 84
0x00 0100011|0000000|01100000010011|000100000011|0010011111|0000001111  0x460181310327C0F
0x01 0100011|0000001|01100010001001|000010011001|0001100111|0000101000  0x460588909919C28
0x02 0100011|0000010|01011011111011|000100010000|0100100010|0000001100  0x46096FB1104880C
0x03 0100011|0000011|01111110110000|000100000101|1010111111|0000100101  0x460DFB0105AFC25
0x04 0100011|0000100|01110001100001|000001100001|0010000101|0000000011  0x4611C6106121403
0x05 0100011|0000101|01110100001101|000011000001|0100011111|0000001100  0x4615D0D0C147C0C
BX = 100 Event : 85
0x00 0100011|0000000|01101001001011|000001000110|1110111111|1111110011  0x4601A4B046EFFF3
0x01 0100011|0000001|01101111011001|000001111011|1101011100|1111101100  0x4605BD907BD73EC
0x02 0100011|0000010|01011010010011|111100011010|0100101101|1111100010  0x4609693F1A4B7E2
0x03 0100011|0000011|01011010001101|111100100101|0100101111|1111100001  0x460D68DF254BFE1
0x04 0100011|0000100|01011100010101|000000111011|0100001001|0000001000  0x461171503B42408
0x05 0100011|0000101|01100101111100|000000111111|0001110010|0000001000  0x461597C03F1C808
0x06 0100011|0000110|01110010101110|000011000011|0001100011|0000010101  0x4619CAE0C318C15
0x07 0100011|0000111|01101010010001|000011001010|0011011100|0000010100  0x461DA910CA37014
0x08 0100011|0001000|01110010110001|000011000001|0011000110|0000001100  0x4621CB10C13180C
BX = 101 Event : 86
0x00 0100011|0000000|01100100100111|001001011000|0010000101|0000011010  0x46019272582141A
0x01 0100011|0000001|01110010010111|000110000011|1110101010|0000110101  0x4605C97183EA835
0x02 0100011|0000010|01011110111110|000111001011|0100100101|0000111010  0x46097BE1CB4943A
0x03 0100011|0000100|01111001110010|110101010010|1111110000|1110101000  0x4611E72D52FC3A8
0x04 0100011|0000101|01101001011000|110100111110|0011100110|1110110100  0x4615A58D3E39BB4
0x05 0100011|0000110|01110011100001|110101111101|0010100000|1111001000  0x4619CE1D7D283C8
BX = 110 Event : 87
0x00 0100011|0000000|01011110010000|111110001101|0011111010|1111111110  0x4601790F8D3EBFE
0x01 0100011|0000001|01010111111110|001001110010|0100101010|0001001001  0x46055FE2724A849
0x02 0100011|0000010|01100011110100|001010100011|0100000100|0001000111  0x46098F42A341047
0x03 0100011|0000011|01110101001010|001001001010|0000001111|0000101100  0x460DD4A24A03C2C
0x04 0100011|0000100|01111010010110|001000111001|1111101110|0000100101  0x4611E96239FB825
0x05 0100011|0000101|01110000001100|001001011110|0010000111|0001000101  0x4615C0C25E21C45
0x06 0100011|0000110|01101001100100|110010011111|0100100001|1110100010  0x4619A64C9F487A2
0x07 0100011|0000111|01110010000010|000111110111|0011110111|0000110101  0x461DC821F73DC35
0x08 0100011|0001000|01110011011110|000110111000|0011001001|0001000101  0x4621CDE1B832445
0x09 0100011|0001001|01110101101101|000111111101|0011000010|0000110100  0x4625D6D1FD30834
BX = 111 Event : 88
0x00 0100011|0000000|01011000001100|000100011011|0100100101|0000011000  0x460160C11B49418
0x01 0100011|0000001|01100100110100|001001001110|0100100101|0000110100  0x460593424E49434
BX = 000 Event : 89
0x00 0100011|0000000|01100000001111|000011110101|0001001001|0000010001  0x460180F0F512411
0x01 0100011|0000001|01011111011001|000010001011|0001100011|0000101010  0x46057D908B18C2A
0x02 0100011|0000010|01100001100001|000101001101|0000110101|0000000110  0x460986114D0D406
0x03 0100011|0000011|01100000101111|000011101100|0001001101|0000011110  0x460D82F0EC1341E
0x04 0100011|0000100|01100110101011|001000101001|0011111111|0000100110  0x46119AB2293FC26
0x05 0100011|0000101|01100110011010|111101111010|0011110100|1111110111  0x461599AF7A3D3F7
0x06 0100011|0001001|01110000111000|111010011110|0100000001|1111101010  0x4625C38E9E407EA
BX = 001 Event : 90
0x00 0100011|0000000|01100001111100|111110101111|0010101001|0000000110  0x460187CFAF2A406
0x01 0100011|0000001|01111011100001|010001000010|1100000101|0001101101  0x4605EE1442C146D
0x02 0100011|0000010|01110100110101|000000110011|1101101001|1111110101  0x4609D35033DA7F5
0x03 0100011|0000011|01101010000101|001010011011|0011010001|0001010001  0x460DA8529B34451
BX = 010 Event : 91
0x00 0100011|0000000|01101111110100|000000100010|1100111001|0000000001  0x4601BF4022CE401
0x01 0100011|0000001|01101110001101|000000100010|1101101011|0000000001  0x4605B8D022DAC01
0x02 0100011|0000010|01101101101000|000110100010|1101000111|0000111011  0x4609B681A2D1C3B
0x03 0100011|0000011|01111001010010|111110000100|1010111101|0000010101  0x460DE52F84AF415
0x04 0100011|0000100|01101111110011|000000100000|1100111001|0000000010  0x4611BF3020CE402
0x05 0100011|0000101|01101110100011|000000100000|1101100110|0000000010  0x4615BA3020D9802
0x06 0100011|0000110|01101111110110|000000100000|1100111001|0000000010  0x4619BF6020CE402
0x07 0100011|0000111|01101110101011|000000100000|1101100100|0000000010  0x461DBAB020D9002
0x08 0100011|0001000|01011110110010|110011101001|0001010101|1110111111  0x46217B2CE9157BF
0x09 0100011|0001001|01111000111000|000110011100|1111010111|0000101101  0x4625E3819CF5C2D
BX = 011 Event : 92
0x00 0100011|0000000|01110011100110|000000111100|1011110011|1111111110  0x4601CE603CBCFFE
0x01 0100011|0000001|01110011010101|000000111010|1011110111|1111111110  0x4605CD503ABDFFE
0x02 0100011|0000010|01101000010000|000000111100|0001010100|1111111110  0x4609A1003C153FE
0x03 0100011|0000011|01011000110001|000010010110|0101000111|1111110011  0x460D63109651FF3
0x04 0100011|0000100|01011001010111|000001000110|0100110100|0000000111  0x46116570464D007
0x05 0100011|0000101|01011000101011|000010101010|0101001001|1111110000  0x461562B0AA527F0
0x06 0100011|0000110|01011001010001|000001011010|0100110110|0000000100  0x461965105A4D804
0x07 0100011|0000111|01011000001100|000100011011|0100100101|0000011000  0x461D60C11B49418
0x08 0100011|0001000|01011001111000|110000101111|0100010011|1110011010  0x4621678C2F44F9A
0x09 0100011|0001001|01100100110100|001001001110|0100100101|0000110100  0x462593424E49434
0x0a 0100011|0001010|01101001001001|000000111110|0011111010|0000010000  0x4629A4903E3E810
BX = 100 Event : 93
0x00 0100011|0000000|01101101110100|110000011111|1110011001|1110010010  0x4601B74C1FE6792
0x01 0100011|0000001|01110000010110|101111011110|1101000100|1110100100  0x4605C16BDED13A4
0x02 0100011|0000010|01101101111000|110000100100|1110011000|1110010010  0x4609B78C24E6392
0x03 0100011|0000011|01110000010010|101111100111|1101000101|1110100010  0x460DC12BE7D17A2
0x04 0100011|0000100|01101100110011|110000011111|1110111100|1110010010  0x4611B33C1FEF392
0x05 0100011|0000101|01101100111011|110000100100|1110111010|1110010001  0x4615B3BC24EEB91
0x06 0100011|0000111|01100110101000|000111111101|0101011110|0000111101  0x461D9A81FD5783D
0x07 0100011|0001000|01100110100111|000111110100|0101011110|0000111101  0x46219A71F45783D
0x08 0100011|0001001|01111100011001|110001000111|0000111010|1110100000  0x4625F19C470EBA0
BX = 101 Event : 94
0x00 0100011|0000000|01100001111100|111110101111|0010101001|0000000110  0x460187CFAF2A406
0x01 0100011|0000001|01011001101011|001001100010|0101010011|0001001011  0x460566B26254C4B
0x02 0100011|0000010|01101010000100|001010011011|0011010001|0001010001  0x4609A8429B34451
BX = 110 Event : 95
0x00 0100011|0000000|01011110100001|000101100111|0011111110|0000100011  0x46017A11673F823
0x01 0100011|0000001|01110100110011|000010001110|1111011111|0000100110  0x4605D3308EF7C26
0x02 0100011|0000010|01101100000010|001101101001|0100011111|0001001100  0x4609B0236947C4C
0x03 0100011|0000011|01101010111010|001101111001|0100111000|0001100110  0x460DABA3794E066
BX = 111 Event : 96
0x00 0100011|0000000|01101110001011|111110110111|1101000100|1111101111  0x4601B8BFB7D13EF
0x01 0100011|0000001|01100000100001|000010111010|0000100011|0000011000  0x46058210BA08C18
0x02 0100011|0000010|01101110001010|111110110010|1101000100|1111101111  0x4609B8AFB2D13EF
0x03 0100011|0000011|01011000100110|111100110001|0100011010|1111101001  0x460D626F3146BE9
0x04 0100011|0000100|01100111100101|110001110110|0001001100|1110010000  0x46119E5C7613390
0x05 0100011|0000101|01100111101010|110001110011|0001001010|1110010001  0x46159EAC7312B91
0x06 0100011|0000110|01110110101111|111010110111|0000001000|1111001010  0x4619DAFEB7023CA
0x07 0100011|0000111|01111001101001|111101101010|1101111101|0000000010  0x461DE69F6ADF402
0x08 0100011|0001000|01111110100000|000110011010|1110000000|0000011010  0x4621FA019AE001A
BX = 000 Event : 97
0x00 0100011|0000000|01110111110100|001100111111|0000101011|0000110110  0x4601DF433F0AC36
BX = 001 Event : 98
0x00 0100011|0000000|01110100011110|010010001001|1100001101|0001011000  0x4601D1E489C3458
0x01 0100011|0000001|01101001100111|110111011100|1111000011|1111010110  0x4605A67DDCF0FD6
0x02 0100011|0000010|01011101100101|001101101000|0100011111|0001010100  0x460976536847C54
0x03 0100011|0000011|01011101100111|001101100001|0100011110|0001010110  0x460D76736147856
0x04 0100011|0000100|01111010101010|111100111000|1101111101|1111111111  0x4611EAAF38DF7FF
BX = 010 Event : 99
0x00 0100011|0000000|01111101011110|000111000011|1100011000|0001000001  0x4601F5E1C3C6041
0x01 0100011|0000001|01110101001111|000100010101|1110111011|0000111100  0x4605D4F115EEC3C
0x02 0100011|0000010|01110100111101|000100010100|1111000101|0000111100  0x4609D3D114F143C
0x03 0100011|0000011|01110100110111|000100010100|1111001000|0000111100  0x460DD37114F203C
0x04 0100011|0000100|01110100101100|000100010100|1111001110|0000111100  0x4611D2C114F383C
BX = 011 Event : 100
0x00 0100011|0000000|01110000010010|000011111111|1101000101|0000010000  0x4601C120FFD1410
0x01 0100011|0000001|01110000010110|000011111010|1101000100|0000010000  0x4605C160FAD1010
0x02 0100011|0000010|01100011110101|110011010100|0010101001|1110011010  0x46098F5CD42A79A
0x03 0100011|0000100|01111110010010|111010010011|1101000100|1111001110  0x4611F92E93D13CE
0x04 0100011|0000101|01111011011110|111000101111|1110101101|1111101100  0x4615EDEE2FEB7EC
0x05 0100011|0000110|01111011010000|111010010111|1110110000|1111100000  0x4619ED0E97EC3E0
0x06 0100011|0000111|01101110101101|111001111000|0011110010|1111010001  0x461DBADE783CBD1
0x07 0100011|0001000|01110101011011|111010010100|0010010001|1111001110  0x4621D5BE94247CE
0x08 0100011|0001001|01101110101100|111001111100|0011110010|1111010001  0x4625BACE7C3CBD1
