BX = 000 Event : 1
BX = 001 Event : 2
0x00 0000010|0000000|00100010110100110|00111001|1101001000|000111001  0x010022D31CE9039
0x01 0000010|0000001|00100001110101000|11011001|1100011010|111011111  0x010121D46CE35DF
0x02 0000010|0000010|00110101100111110|00001110|0000001001|000000010  0x0102359F0701202
0x03 0000010|0000011|00100111001011100|00111011|1101110101|000111100  0x0103272E1DEEA3C
0x04 0000010|0000110|00100100111011110|00101111|1011000100|000100011  0x010624EF17D8823
BX = 010 Event : 3
0x00 0000010|0000000|00011111010100110|11100110|1101000010|111101010  0x01001F5373685EA
0x01 0000010|0000001|00101110000000000|11101100|1111011010|111110001  0x01012E00767B5F1
0x02 0000010|0000010|00011111010100110|11100100|1101000010|111100101  0x01021F5372685E5
0x03 0000010|0000011|00101110000000000|11101001|1111011010|111101100  0x01032E0074FB5EC
0x04 0000010|0000101|00100010110001000|11001100|1101000111|111011010  0x010522C46668FDA
0x05 0000010|0000110|00101001001011000|11101001|1110101000|111101101  0x0106292C74F51ED
0x06 0000010|0000111|00101001001011000|11100111|1110101000|111101001  0x0107292C73F51E9
0x07 0000010|0001001|00100011111100100|11101111|1011101110|111110001  0x010923F277DDDF1
0x08 0000010|0001010|00100110101101000|00100000|1010010111|000010101  0x010A26B41052E15
BX = 011 Event : 4
BX = 100 Event : 5
0x00 0000010|0000000|00100010101101110|11110111|1101001100|111111100  0x010022B77BE99FC
0x01 0000010|0000001|00100100101110100|11111110|1101111000|111111010  0x010124BA7F6F1FA
0x02 0000010|0000010|00101100110000110|00010010|1111001010|000010011  0x01022CC30979413
0x03 0000010|0000011|00101000100011000|00010000|1110001110|000010000  0x0103288C0871C10
0x04 0000010|0000100|00111010100100010|11100001|0001000000|111100000  0x01043A9170881E0
0x05 0000010|0000101|00111000010111010|11111101|0001000001|111111000  0x0105385D7E883F8
0x06 0000010|0000111|00111101110000110|00100010|0001111001|000100111  0x01073DC3110F227
0x07 0000010|0001000|00110100001000000|11111011|0000000101|111110101  0x010834207D80BF5
0x08 0000010|0001001|00111110111011110|11111111|0001110100|111111010  0x01093EEF7F8E9FA
0x09 0000010|0010100|00101100011011010|10111001|1011100011|110111111  0x01142C6D5CDC7BF
0x0a 0000010|0010101|00101011111100110|10111000|1011011100|110111101  0x01152BF35C5B9BD
0x0b 0000010|0010110|00101100011001100|10111000|1011100011|110111101  0x01162C665C5C7BD
BX = 101 Event : 6
0x00 0000010|0000000|00110101101011000|11010111|1111111010|111010101  0x010035AC6BFF5D5
0x01 0000010|0000001|00111101111100000|11011101|0001001111|111011100  0x01013DF06E89FDC
0x02 0000010|0001000|00111010101110000|11011110|0000101110|111011101  0x01083AB86F05DDD
0x03 0000010|0001001|00111111011011100|00000000|0001011110|000001000  0x01093F6E000BC08
0x04 0000010|0001100|00101000001101110|11101000|1100011110|111101110  0x010C28377463DEE
0x05 0000010|0001101|00100110110010110|00010111|1100101011|000010100  0x010D26CB0BE5614
0x06 0000010|0001110|00101111111011110|11100010|1101101101|111100111  0x010E2FEF716DBE7
0x07 0000010|0001111|00110010000110110|11100011|1110000011|111101000  0x010F321B71F07E8
0x08 0000010|0010000|00110001101100100|11100011|1101111111|111101001  0x011031B271EFFE9
0x09 0000010|0010001|00110000110000100|11100101|1101110101|111101011  0x011130C272EEBEB
0x0a 0000010|0010010|00101100110000110|11100110|1101001100|111101101  0x01122CC373699ED
0x0b 0000010|0010011|00110111011111100|00100101|1111010111|000100110  0x0113377E12FAE26
BX = 110 Event : 7
0x00 0000010|0000000|00100111001110100|11110000|1110010001|111111101  0x0100273A78723FD
0x01 0000010|0000001|00011111010010100|11010101|1100100010|111001110  0x01011F4A6AE45CE
0x02 0000010|0000010|00100100010000000|11110010|1101010101|111110011  0x01022440796ABF3
0x03 0000010|0000011|00110001000101010|10111000|1111110110|110110110  0x010331155C7EDB6
0x04 0000010|0000100|00101110111010010|10111010|1111100000|110111000  0x01042EE95D7C1B8
0x05 0000010|0000101|00110101010100110|10111100|0000100010|110111010  0x010535535E045BA
0x06 0000010|0001000|00100111011011110|11000010|1101101001|111001000  0x0108276F616D3C8
0x07 0000010|0001001|00100111010010100|11000010|1101100111|111000111  0x0109274A616CFC7
0x08 0000010|0001010|00101101100011110|11000110|1110101111|111001101  0x010A2D8F6375FCD
0x09 0000010|0001011|00100111011101000|11000010|1101101001|111001000  0x010B2774616D3C8
0x0a 0000010|0001100|00100111010101000|11000010|1101101000|111000111  0x010C2754616D1C7
0x0b 0000010|0001101|00101100100110110|11000101|1110100001|111001100  0x010D2C9B62F43CC
0x0c 0000010|0010001|00111101010101000|11010110|0001010101|111100011  0x01113D546B0ABE3
0x0d 0000010|0010011|00111101101010000|11000111|0001011001|111001000  0x01133DA8638B3C8
0x0e 0000010|0010110|00011110110000110|01001001|1010110000|000111101  0x01161EC324D603D
0x0f 0000010|0010111|00011111100010110|00111111|1011001011|000101100  0x01171F8B1FD962C
0x10 0000010|0011000|00100011011000100|01000011|1011110100|000110010  0x0118236221DE832
0x11 0000010|0011101|00101001111110000|11101000|1011011101|111101000  0x011D29F8745BBE8
BX = 111 Event : 8
0x00 0000010|0000100|00100001101101010|11010001|1010011110|111010111  0x010421B568D3DD7
0x01 0000010|0000101|00100100110000110|10111010|1010111101|110111010  0x010524C35D57BBA
0x02 0000010|0000110|00100001101101010|11010001|1010011110|111010110  0x010621B568D3DD6
0x03 0000010|0000111|00100100110000110|10111010|1010111101|110111001  0x010724C35D57BB9
0x04 0000010|0001000|00110110010011110|00101111|1110000010|000101010  0x0108364F17F042A
0x05 0000010|0001001|00100110111110000|00101100|1010101101|000100101  0x010926F81655A25
0x06 0000010|0001010|00100001110011010|11010001|1010100000|111010110  0x010A21CD68D41D6
BX = 000 Event : 9
0x00 0000010|0000000|00100000110011010|10100010|1100000110|110101110  0x010020CD5160DAE
0x01 0000010|0000001|00101100000111010|10011100|1110110110|110100010  0x01012C1D4E76DA2
0x02 0000010|0000010|00110100110010110|10100110|0000010011|110110000  0x010234CB53027B0
0x03 0000010|0001001|00101111000111100|01000001|1100001111|000110011  0x01092F1E20E1E33
0x04 0000010|0001010|00100100111111100|01000010|1010100000|000110100  0x010A24FE2154034
BX = 001 Event : 10
0x00 0000010|0000111|00111111111111110|00000110|0001101010|000000001  0x01073FFF030D401
0x01 0000010|0001001|00100101110001000|01010000|1011110101|001000101  0x010925C4285EA45
0x02 0000010|0001010|00100101110000010|01010000|1011110101|001000110  0x010A25C1285EA46
0x03 0000010|0001011|00101000100001010|10101111|1100000011|110110111  0x010B288557E07B7
0x04 0000010|0001100|00111001001111000|11110100|1110011100|111101001  0x010C393C7A739E9
0x05 0000010|0001101|00111001011001100|11110101|1110011110|111101001  0x010D39667AF3DE9
0x06 0000010|0001110|00110111100101010|00001010|1110001011|000000101  0x010E37950571605
BX = 010 Event : 11
0x00 0000010|0000000|00100011110001000|11110111|1110000000|111101100  0x010023C47BF01EC
0x01 0000010|0000001|00101101110100110|00001000|1111101000|000000010  0x01012DD3047D002
0x02 0000010|0000010|00110110000110010|00010001|0000111101|000001101  0x010236190887A0D
0x03 0000010|0000011|00111111000001110|00011110|0010011000|000011101  0x01033F070F1301D
0x04 0000010|0000101|00100100001110010|00001000|1100111101|111111110  0x010524390467BFE
0x05 0000010|0000110|00100101101001100|00001001|1101001100|111111110  0x010625A604E99FE
0x06 0000010|0000111|00101100011010010|00010101|1110010010|000001110  0x01072C690AF240E
0x07 0000010|0001000|00110110100001110|00010110|1111111011|000001111  0x010836870B7F60F
0x08 0000010|0001001|00110011000111100|00011111|1111010111|000011011  0x0109331E0FFAE1B
0x09 0000010|0001110|00111011010110010|00100010|0000101101|000100000  0x010E3B591105A20
0x0a 0000010|0001111|00100011000011000|11100111|1100000101|111011110  0x010F230C73E0BDE
0x0b 0000010|0010000|00101110100111110|10101100|1101001111|110110000  0x01102E9F5669FB0
0x0c 0000010|0010001|00100011010000100|10110001|1010100111|110111011  0x0111234258D4FBB
0x0d 0000010|0010010|00100010000111010|10101000|1010010111|110101011  0x0112221D5452FAB
0x0e 0000010|0010011|00101001111010000|10100111|1100001001|110100111  0x011329E853E13A7
0x0f 0000010|0010100|00101001100010000|10100110|1100000011|110100101  0x0114298853607A5
BX = 011 Event : 12
0x00 0000010|0000000|00111111001110010|11101111|0010011110|111110110  0x01003F397793DF6
0x01 0000010|0000001|00111000011110110|11011110|0000111110|111011000  0x0101387B6F07DD8
0x02 0000010|0000011|00111000101001010|11011111|1111111110|111011010  0x010338A56FFFDDA
BX = 100 Event : 13
0x00 0000010|0000000|00111100100110110|01100010|0000011000|001011100  0x01003C9B310305C
0x01 0000010|0000001|00101011001100100|11011111|1011011010|111100101  0x01012B326FDB5E5
BX = 101 Event : 14
0x00 0000010|0000000|00101011000100010|00000010|1110010100|000000100  0x01002B110172804
0x01 0000010|0000001|00101011001100000|00000001|1110010101|000000011  0x01012B3000F2A03
0x02 0000010|0000010|00011101111011100|11110010|1011011010|111101000  0x01021DEE795B5E8
BX = 110 Event : 15
BX = 111 Event : 16
0x00 0000010|0000000|00100000110110000|00110001|1100010010|000110001  0x010020D818E2431
BX = 000 Event : 17
0x00 0000010|0000000|00101110001100000|11000010|1111100111|111010001  0x01002E30617CFD1
0x01 0000010|0000001|00100000110001010|11001110|1101010001|111100010  0x010120C5676A3E2
0x02 0000010|0000011|00110000011010110|11110101|1110001000|111111100  0x0103306B7AF11FC
0x03 0000010|0000100|00101000000001010|11101100|1100010001|111101100  0x0104280576623EC
0x04 0000010|0000101|00101000111000000|01011101|1101010110|001010110  0x010528E02EEAC56
0x05 0000010|0000110|00110110010100010|11110110|1111000101|111111101  0x010636517B78BFD
0x06 0000010|0001000|00101101110011100|11101100|1101001100|111101100  0x01082DCE76699EC
0x07 0000010|0001001|00111001110011110|11111100|1111000111|000000000  0x010939CF7E78E00
0x08 0000010|0001010|00111001000000110|00000001|1110111111|000000111  0x010A390300F7E07
0x09 0000010|0001011|00111100110011010|00001110|1111100101|000011000  0x010B3CCD077CA18
0x0a 0000010|0001100|00111111100111110|00001111|0000000010|000011001  0x010C3F9F0780419
0x0b 0000010|0001101|00111101100111110|11111000|1111111101|111111001  0x010D3D9F7C7FBF9
0x0c 0000010|0010001|00100111111111110|00001101|1010110100|000010101  0x011127FF06D6815
0x0d 0000010|0010010|00101100011111000|11101001|1100111001|111100110  0x01122C7C74E73E6
0x0e 0000010|0010011|00110111101001010|11111101|1110101011|000000000  0x011337A57EF5600
0x0f 0000010|0010100|00111110010100010|00001100|1111110000|000010011  0x01143E51067E013
BX = 001 Event : 18
0x00 0000010|0000000|00110111001010100|00000101|0000101100|111111101  0x0100372A02859FD
BX = 010 Event : 19
0x00 0000010|0000000|00011111101000000|10110000|1100000101|110101101  0x01001FA05860BAD
0x01 0000010|0000110|00111101001111010|10111010|0000100101|110110111  0x01063D3D5D04BB7
0x02 0000010|0000111|00110110001111110|11111101|1111000000|111110111  0x0107363F7EF81F7
0x03 0000010|0001000|00111111110101100|11001101|0001001100|111011011  0x01083FD666899DB
BX = 011 Event : 20
0x00 0000010|0000000|00100000100111100|01100111|1100011100|001011101  0x0100209E33E385D
0x01 0000010|0000001|00100011010000010|01100100|1101000011|001010111  0x010123413268657
0x02 0000010|0000110|00100101000010000|11110000|1100011110|111110000  0x010625087863DF0
0x03 0000010|0000111|00011100101001110|11110100|1011001001|111110110  0x01071CA77A593F6
0x04 0000010|0001000|00100011000010110|00001011|1100001010|000010011  0x0108230B05E1413
0x05 0000010|0001001|00100001010001100|11100110|1011101010|111100000  0x01092146735D5E0
0x06 0000010|0001010|00011111011001010|00000011|1011010111|000000101  0x010A1F6501DAE05
0x07 0000010|0001011|00100001000110100|11100110|1011100111|111011111  0x010B211A735CFDF
0x08 0000010|0001100|00011111001110110|00000010|1011010100|000000011  0x010C1F3B015A803
0x09 0000010|0001101|00110000100001100|11010111|1110000011|111100001  0x010D30866BF07E1
0x0a 0000010|0001110|00110000000110110|11010111|1101111101|111100000  0x010E301B6BEFBE0
0x0b 0000010|0001111|00101101001100000|11010011|1101010100|111011001  0x010F2D3069EA9D9
0x0c 0000010|0010000|00101100110101110|11101110|1101100000|111101010  0x01102CD7776C1EA
0x0d 0000010|0010001|00101101000010100|11111001|1100101001|111111000  0x01112D0A7CE53F8
0x0e 0000010|0010010|00101100101010100|11101101|1101011110|111101001  0x01122CAA76EBDE9
0x0f 0000010|0010011|00101111110110100|11110001|1101010001|111101010  0x01132FDA78EA3EA
0x10 0000010|0011001|00110000100100010|11110010|1101011011|111101011  0x01193091796B7EB
BX = 100 Event : 21
0x00 0000010|0000010|00110010000100010|00111111|1100101100|000110000  0x010232111FE5830
0x01 0000010|0000011|00101111111111100|01000010|1100010101|000110100  0x01032FFE2162A34
BX = 101 Event : 22
0x00 0000010|0000000|00110111110000110|10101110|0000101010|110110101  0x010037C357055B5
0x01 0000010|0000001|00100100111111000|00010110|1100001011|000001101  0x010124FC0B6160D
BX = 110 Event : 23
0x00 0000010|0000011|00100100111010000|11110110|1011101111|111111001  0x010324E87B5DFF9
BX = 111 Event : 24
0x00 0000010|0000000|00111011100001010|00011001|0001001111|000011000  0x01003B850C89E18
0x01 0000010|0000001|00111110001011100|00110111|0010011100|000100100  0x01013E2E1B93824
0x02 0000010|0000010|00101010101111100|11001110|1100101001|111001111  0x01022ABE67653CF
0x03 0000010|0000011|00101010011101100|11010000|1100100111|111010001  0x01032A766864FD1
BX = 000 Event : 25
0x00 0000010|0000000|00111010001001110|10111111|0001001000|111000000  0x01003A275F891C0
0x01 0000010|0000010|00100010011110100|00100111|1100001111|000100111  0x0102227A13E1E27
0x02 0000010|0000111|00100011100011110|01000011|1010011000|000111111  0x0107238F21D303F
BX = 001 Event : 26
0x00 0000010|0000001|00100110011010010|11010010|1100110010|111010000  0x0101266969665D0
0x01 0000010|0000010|00101110100010110|11111101|1110000110|000000111  0x01022E8B7EF0C07
0x02 0000010|0000011|00011101101010100|11101001|1010011100|111100100  0x01031DAA74D39E4
0x03 0000010|0000100|00100001100111010|00000010|1011000100|000000101  0x0104219D0158805
0x04 0000010|0000101|00101100001000010|11100111|1101100100|111100000  0x01052C2173EC9E0
0x05 0000010|0000110|00101111011001010|00000000|1110000110|000000001  0x01062F650070C01
0x06 0000010|0000111|00100101110100000|00110000|1100110000|000101011  0x010725D0186602B
0x07 0000010|0001000|00011110011010110|00100111|1011001010|000011100  0x01081E6B13D941C
0x08 0000010|0001001|00101001010001000|10101100|1011001010|111000100  0x0109294456595C4
BX = 010 Event : 27
0x00 0000010|0000000|00100101111101110|11010111|1110000110|111100111  0x010025F76BF0DE7
0x01 0000010|0000001|00100100110010100|11010110|1101110101|111100101  0x010124CA6B6EBE5
0x02 0000010|0000010|00111100011001010|01110001|0001111001|001100110  0x01023C65388F266
0x03 0000010|0000111|00100111011011100|00010001|1101010110|000001101  0x0107276E08EAC0D
0x04 0000010|0001000|00111100001101000|00010101|1111100000|000010111  0x01083C340AFC017
0x05 0000010|0001001|00111000000111000|00011010|1110110110|000011101  0x0109381C0D76C1D
0x06 0000010|0001010|00111000001110010|00011101|1110110111|000100001  0x010A38390EF6E21
0x07 0000010|0010010|00101001001000110|10001000|1011000010|110011000  0x011229234458598
0x08 0000010|0010011|00101001000110010|10001000|1011000001|110011000  0x011329194458398
0x09 0000010|0010100|00101001001011000|10001000|1011000010|110011000  0x0114292C4458598
0x0a 0000010|0010101|00101001001010010|10001001|1011000010|110011000  0x0115292944D8598
BX = 011 Event : 28
0x00 0000010|0000010|00110101010000010|11011001|1110011111|111011110  0x010235416CF3FDE
0x01 0000010|0000011|00111101011100000|11011111|1111110011|111100110  0x01033D706FFE7E6
0x02 0000010|0000110|00110110111000110|01101111|1110101100|001011101  0x010636E337F585D
0x03 0000010|0000111|00111100101010110|01101111|0000000001|001011101  0x01073CAB378025D
BX = 100 Event : 29
0x00 0000010|0000000|00100010010011010|00000100|1101010100|000001000  0x0100224D026A808
0x01 0000010|0000001|00111000110010110|11100001|0000111101|111011010  0x010138CB7087BDA
0x02 0000010|0000010|00100100110001000|00011001|1100111101|000010111  0x010224C40CE7A17
0x03 0000010|0000011|00110111000000110|00010011|0000000101|000001101  0x010337030980A0D
0x04 0000010|0000100|00110101101111000|00010100|1111111000|000001110  0x010435BC0A7F00E
0x05 0000010|0000101|00100111110110000|00010100|1101101000|000001110  0x010527D80A6D00E
0x06 0000010|0000110|00111111011101000|11110010|0000100100|111110101  0x01063F7479049F5
BX = 101 Event : 30
0x00 0000010|0000000|00110000010010100|11110111|1111101001|111111101  0x0100304A7BFD3FD
0x01 0000010|0000001|00100011110010110|11110001|1100111001|111110010  0x010123CB78E73F2
0x02 0000010|0000010|00101110010111000|11101001|1111001101|111100011  0x01022E5C74F9BE3
0x03 0000010|0001000|00100100100000110|01010111|1100011001|001010110  0x010824832BE3256
0x04 0000010|0001001|00110001111011010|11000010|1110101110|111001001  0x010931ED6175DC9
0x05 0000010|0001010|00110000111111000|11000010|1110100011|111001001  0x010A30FC61747C9
0x06 0000010|0001110|00110101000000010|11010010|1101011101|111010010  0x010E3501696BBD2
0x07 0000010|0001111|00101001101110100|00011111|1100001000|000011010  0x010F29BA0FE101A
BX = 110 Event : 31
0x00 0000010|0000000|00100000010111010|11011100|1100001101|111100110  0x0100205D6E61BE6
0x01 0000010|0000001|00101001111011000|11011110|1100010100|111011011  0x010129EC6F629DB
0x02 0000010|0000010|00111111101010010|01100111|0000101111|001011101  0x01023FA93385E5D
0x03 0000010|0000011|00100001011001100|11100111|1010011110|111101010  0x0103216673D3DEA
BX = 111 Event : 32
0x00 0000010|0000000|00110011100101000|00010111|0000011110|000010001  0x010033940B83C11
0x01 0000010|0000001|00110111011100110|00101101|0001000110|000101110  0x010137731688C2E
0x02 0000010|0000010|00111001100110000|00110011|0001011100|000110110  0x01023998198B836
0x03 0000010|0000100|00100100001000000|01101110|1100111100|001010010  0x010424203767852
0x04 0000010|0001010|00101000000100000|11011010|1101010000|111100011  0x010A28106D6A1E3
0x05 0000010|0001100|00011110110110000|01110111|1011101010|001100011  0x010C1ED83BDD463
0x06 0000010|0001101|00111001101110100|11010111|0000000101|111011111  0x010D39BA6B80BDF
0x07 0000010|0010100|00110000011001010|11100000|1110000010|111101111  0x0114306570705EF
0x08 0000010|0010111|00101011001010110|11011101|1100111000|111101010  0x01172B2B6EE71EA
0x09 0000010|0011000|00111010011011000|11100101|1111011111|111110101  0x01183A6C72FBFF5
0x0a 0000010|0011001|00111110001001010|10111101|0000001000|110111110  0x01193E255E811BE
BX = 000 Event : 33
0x00 0000010|0000001|00110011100111000|00100001|1111011100|000011000  0x0101339C10FB818
0x01 0000010|0000010|00110011101110110|00100010|1111011110|000011000  0x010233BB117BC18
0x02 0000010|0000100|00111011110111100|00011101|0000110001|000010010  0x01043BDE0E86212
0x03 0000010|0000101|00111100000010010|00011101|0000110011|000010011  0x01053C090E86613
0x04 0000010|0000110|00111111100001100|00011011|0001100101|000001111  0x01063F860D8CA0F
0x05 0000010|0000111|00111111110000110|00011100|0001101000|000010000  0x01073FC30E0D010
0x06 0000010|0001000|00101100111010010|10111111|1101011011|111000001  0x01082CE95FEB7C1
0x07 0000010|0001001|00101101000010000|10111110|1101011101|111000001  0x01092D085F6BBC1
0x08 0000010|0001010|00110000010100100|10111110|1110010000|111000000  0x010A30525F721C0
0x09 0000010|0001110|00111001111010010|11011001|1111100000|111100011  0x010E39E96CFC1E3
0x0a 0000010|0001111|00111010000101000|11011001|1111100010|111100010  0x010F3A146CFC5E2
0x0b 0000010|0010000|00111110110100010|11011000|0000100101|111100010  0x01103ED16C04BE2
0x0c 0000010|0010111|00100000110011010|10110111|1010011000|110110111  0x011720CD5BD31B7
0x0d 0000010|0011000|00101110001011010|11010101|1100111011|111011011  0x01182E2D6AE77DB
BX = 001 Event : 34
0x00 0000010|0000000|00111101100000010|00011100|0001111101|000010010  0x01003D810E0FA12
0x01 0000010|0000010|00100011001010100|10100001|1011001011|110101111  0x0102232A50D97AF
0x02 0000010|0000011|00110001111010000|00000100|1101010001|111111100  0x010331E8026A3FC
0x03 0000010|0000100|00100001100011010|00000100|1010101100|111111101  0x0104218D02559FD
0x04 0000010|0000101|00110101000011000|00001011|1101110001|000000101  0x0105350C05EE205
0x05 0000010|0000111|00101000100101010|10001111|1011100010|110010011  0x0107289547DC593
BX = 010 Event : 35
0x00 0000010|0000001|00011110100100000|10011101|1100110000|110100100  0x01011E904EE61A4
BX = 011 Event : 36
0x00 0000010|0000000|00110101010111100|11010111|0000101010|111100000  0x0100355E6B855E0
0x01 0000010|0000001|00011111000101010|11110100|1100000010|111110001  0x01011F157A605F1
0x02 0000010|0000010|00110111101010100|00001111|0000000101|000000100  0x010237AA0780A04
0x03 0000010|0000011|00111000010100000|00101101|0000001100|000101010  0x01033850168182A
0x04 0000010|0000100|00111001000110000|00101101|0000010100|000101010  0x01043918168282A
0x05 0000010|0000111|00111101110110000|00011010|0001000000|000100010  0x01073DD80D08022
0x06 0000010|0001000|00111101001000100|00011010|0000111000|000100010  0x01083D220D07022
0x07 0000010|0001100|00110110100100100|00001011|1111101110|000010111  0x010C369205FDC17
0x08 0000010|0001101|00011110110101000|00000001|1010011111|000000100  0x010D1ED400D3E04
0x09 0000010|0001110|00101110001001010|00000000|1101110110|000000010  0x010E2E25006EC02
0x0a 0000010|0010000|00101111111110110|11101110|1101001110|111101100  0x01102FFB7769DEC
0x0b 0000010|0010011|00101110010011100|00100010|1100110011|000011011  0x01132E4E116661B
0x0c 0000010|0010100|00100100110011000|00110101|1011010011|000110010  0x011424CC1ADA632
0x0d 0000010|0010101|00101111010000110|01000001|1100111100|001000011  0x01152F4320E7843
0x0e 0000010|0010110|00100111010000010|01101010|1010111101|001011100  0x011627413557A5C
0x0f 0000010|0010111|00100111001010010|01101010|1010111100|001011100  0x01172729355785C
0x10 0000010|0011000|00100110101011010|01011111|1010110101|001001000  0x011826AD2FD6A48
0x11 0000010|0011001|00100110110001000|01100010|1010110110|001001100  0x011926C43156C4C
BX = 100 Event : 37
0x00 0000010|0000101|00100101110010100|01101101|1100001000|001011101  0x010525CA36E105D
0x01 0000010|0000110|00111110001000010|11010011|0000000100|111010000  0x01063E2169809D0
0x02 0000010|0000111|00110001000110000|11010001|1101001010|111001101  0x0107311868E95CD
0x03 0000010|0001000|00101101100100010|01011000|1101011100|001000001  0x01082D912C6B841
0x04 0000010|0001101|00101000000100110|00100000|1011011110|000100111  0x010D2813105BC27
0x05 0000010|0001110|00100111111010000|00100000|1011011100|000100101  0x010E27E8105B825
0x06 0000010|0001111|00100100111111000|01010011|1011010101|001010010  0x010F24FC29DAA52
BX = 101 Event : 38
0x00 0000010|0000101|00111011101110110|00110011|1111110000|000110000  0x01053BBB19FE030
BX = 110 Event : 39
0x00 0000010|0000000|00100011100010110|00001110|1101111100|000010101  0x0100238B076F815
0x01 0000010|0000100|00110101000001100|11111000|1111011110|000000110  0x010435067C7BC06
0x02 0000010|0000101|00110101001000110|11111010|1111011111|000001000  0x010535237D7BE08
0x03 0000010|0001000|00111001010110010|11111000|0000001010|000000110  0x010839597C01406
BX = 111 Event : 40
0x00 0000010|0000100|00101001110111100|11010100|1100101101|111011000  0x010429DE6A65BD8
0x01 0000010|0000101|00111001010011010|11100101|1111001011|111101111  0x0105394D72F97EF
0x02 0000010|0010000|00101010011100100|11100110|1011111011|111110000  0x01102A72735F7F0
BX = 000 Event : 41
0x00 0000010|0000011|00110100001011000|11010100|1101110101|111010010  0x0103342C6A6EBD2
0x01 0000010|0000100|00110100111101110|11101110|1101111101|111110100  0x010434F7776FBF4
BX = 001 Event : 42
0x00 0000010|0000000|00111111100000000|00100010|0010000111|000101010  0x01003F801110E2A
0x01 0000010|0000010|00111110001101110|00100101|0010010000|000101101  0x01023E37129202D
0x02 0000010|0000100|00111110001101110|00100100|0010010000|000101010  0x01043E37121202A
BX = 010 Event : 43
0x00 0000010|0000010|00100000110011100|10010010|1011011101|110011111  0x010220CE495BB9F
0x01 0000010|0000111|00110111101110100|10011001|1110111110|110100111  0x010737BA4CF7DA7
0x02 0000010|0001011|00101110100100000|10001100|1100001011|110001110  0x010B2E90466178E
BX = 011 Event : 44
0x00 0000010|0000000|00100101000001010|11110101|1110001101|111111111  0x010025057AF1BFF
0x01 0000010|0000001|00111001010101010|11101011|0001100010|111110011  0x01013955758C5F3
0x02 0000010|0000010|00111000110110110|11101001|0001011011|111101111  0x010238DB748B7EF
0x03 0000010|0000100|00111111100000000|11101110|0001101110|111101101  0x01043F80770DDED
0x04 0000010|0000111|00110011111001100|11101011|1111001011|111101000  0x010733E675F97E8
0x05 0000010|0001000|00110111101011100|11010001|1111100011|111010001  0x010837AE68FC7D1
0x06 0000010|0001001|00111010111110110|11011011|0000000101|111011110  0x01093AFB6D80BDE
BX = 100 Event : 45
0x00 0000010|0000001|00101010010001000|00100110|1101010000|000101000  0x01012A44136A028
0x01 0000010|0000010|00100100010111000|01001110|1100100011|001000001  0x0102245C2764641
0x02 0000010|0000011|00110111000101110|01011011|1111011001|001011100  0x010337172DFB25C
0x03 0000010|0000100|00111010100101110|01001011|0000010001|000111101  0x01043A97258223D
0x04 0000010|0001010|00101111010101000|00001010|1100111011|000010000  0x010A2F540567610
0x05 0000010|0001011|00101111111101010|00001010|1101000001|000010000  0x010B2FF50568210
0x06 0000010|0001100|00101111000010010|00001001|1100110111|000001110  0x010C2F0904E6E0E
0x07 0000010|0001101|00101111101010110|00001001|1100111101|000001110  0x010D2FAB04E7A0E
0x08 0000010|0001110|00101000110101110|00011010|1011111000|000100100  0x010E28D70D5F024
BX = 101 Event : 46
0x00 0000010|0000000|00101110001000110|10011100|1111010000|110100001  0x01002E234E7A1A1
0x01 0000010|0000001|00111100101001110|11000011|0001101101|111010110  0x01013CA7618DBD6
0x02 0000010|0000110|00101100000001110|10111101|1101100111|111001011  0x01062C075EECFCB
0x03 0000010|0000111|00110000010000010|10000110|1101010101|110011110  0x01073041436AB9E
BX = 110 Event : 47
0x00 0000010|0000001|00110001100101110|10000100|0000001111|110100010  0x010131974201FA2
0x01 0000010|0000111|00110010101101000|11011100|1101001100|111011010  0x010732B46E699DA
BX = 111 Event : 48
0x00 0000010|0000000|00011110010110000|00000010|1011110010|111111011  0x01001E58015E5FB
0x01 0000010|0000001|00101001101110010|11110000|1100101000|111111010  0x010129B978651FA
0x02 0000010|0000010|00100100000100010|11101010|1011011001|111110001  0x01022411755B3F1
BX = 000 Event : 49
0x00 0000010|0000000|00100001011011100|11111110|1101001011|000001000  0x0100216E7F69608
0x01 0000010|0000001|00110011001001010|11010001|0000000010|111001101  0x0101332568805CD
0x02 0000010|0000010|00111111001100000|11011001|1111111110|111101100  0x01023F306CFFDEC
0x03 0000010|0000101|00110000000010000|11001111|1100010011|111011001  0x0105300867E27D9
BX = 001 Event : 50
0x00 0000010|0000001|00111110000001000|00100010|0000110100|000011101  0x01013E04110681D
0x01 0000010|0000010|00111011001101010|11011110|1111111110|111010101  0x01023B356F7FDD5
0x02 0000010|0000011|00111100110101100|11100111|0000001111|111100001  0x01033CD67381FE1
0x03 0000010|0001101|00110011010100110|11001001|1101100000|111001001  0x010D335364EC1C9
0x04 0000010|0001110|00101110110111000|00011010|1100100101|000011001  0x010E2EDC0D64A19
0x05 0000010|0001111|00100011111101110|00011100|1010110111|000011100  0x010F23F70E56E1C
0x06 0000010|0010000|00101100001000100|00110110|1011011010|000110001  0x01102C221B5B431
BX = 010 Event : 51
BX = 011 Event : 52
0x00 0000010|0000000|00111111000010110|11001010|0010011110|111001110  0x01003F0B6513DCE
0x01 0000010|0000001|00100001000000010|01000111|1100010000|001001010  0x0101210123E204A
0x02 0000010|0000011|00110000101111010|10100011|1111000000|110101100  0x010330BD51F81AC
0x03 0000010|0001010|00100001010110100|11101101|1011011000|111110100  0x010A215A76DB1F4
0x04 0000010|0001011|00011100010000000|00111011|1011000111|000110010  0x010B1C401DD8E32
0x05 0000010|0001100|00111110100100100|11110011|0000000101|111111101  0x010C3E927980BFD
BX = 100 Event : 53
0x00 0000010|0000000|00100010111010010|10010101|1101101110|110101010  0x010022E94AEDDAA
0x01 0000010|0000001|00110101010001110|00010111|1111111110|000001010  0x010135470BFFC0A
0x02 0000010|0000010|00101010110100000|00011000|1110010011|000001011  0x01022AD00C7260B
0x03 0000010|0000011|00101100110000000|00110111|1110100111|000110011  0x01032CC01BF4E33
0x04 0000010|0000100|00110000010100000|00111101|1111001011|000111001  0x010430501EF9639
0x05 0000010|0000101|00101100110110100|00110111|1110101000|000110011  0x01052CDA1BF5033
0x06 0000010|0000110|00110001000111000|00111101|1111010111|000111011  0x0106311C1EFAE3B
0x07 0000010|0001001|00110100101000110|10011100|0000101001|110110011  0x010934A34E053B3
0x08 0000010|0001010|00101011011110110|10011000|1110011010|110101011  0x010A2B7B4C735AB
0x09 0000010|0001011|00101010010010110|10010110|1110001000|110101000  0x010B2A4B4B711A8
0x0a 0000010|0001100|00101111100000110|10010101|1111011001|110100101  0x010C2F834AFB3A5
0x0b 0000010|0001110|00111011001010010|00010010|0000100110|000010001  0x010E3B290904C11
0x0c 0000010|0010100|00100110011110010|01000010|1100111001|001000100  0x011426792167244
0x0d 0000010|0010101|00011100111010010|00110011|1010101110|000101000  0x01151CE919D5C28
0x0e 0000010|0010111|00100111000010000|10100010|1100101011|110100111  0x0117270851657A7
0x0f 0000010|0011000|00111110101101010|00101110|0000110001|000101010  0x01183EB5170622A
0x10 0000010|0011001|00111110111010110|00101110|0000110100|000101010  0x01193EEB170682A
0x11 0000010|0011010|00111000111101010|10001010|1111011001|110011011  0x011A38F5457B39B
0x12 0000010|0011011|00111000111101110|10001010|1111011001|110011011  0x011B38F7457B39B
0x13 0000010|0011101|00110011101111000|10011000|1110011101|110101111  0x011D33BC4C73BAF
0x14 0000010|0011111|00111001001011000|10001010|1111011100|110011100  0x011F392C457B99C
0x15 0000010|0100000|00111001010001100|10001010|1111011101|110011100  0x01203946457BB9C
0x16 0000010|0100010|00110100111100010|10010110|1110110000|110101011  0x012234F14B761AB
0x17 0000010|0100100|00111001111101010|10100000|1111100100|110111000  0x012439F5507C9B8
0x18 0000010|0100101|00110101111100010|10000100|1110101000|110001110  0x012535F1427518E
0x19 0000010|0100110|00110100100010000|10000001|1110011001|110001010  0x0126348840F338A
0x1a 0000010|0101000|00110000100110010|10001111|1101101110|110011101  0x0128309947EDD9D
0x1b 0000010|0101010|00110110100110110|10011010|1110101111|110101101  0x012A369B4D75FAD
0x1c 0000010|0110111|00101101110011110|00110111|1100100111|000101101  0x01372DCF1BE4E2D
0x1d 0000010|0111000|00100101000101100|00110011|1010100000|000100101  0x0138251619D4025
0x1e 0000010|0111001|00110001000000100|00110011|1101011010|000100101  0x0139310219EB425
0x1f 0000010|0111010|00100101001100100|01001100|1011011011|001000111  0x013A2532265B647
0x20 0000010|0111011|00100111000100100|00110000|1010111110|000011110  0x013B27121857C1E
0x21 0000010|0111100|00110010110110100|10001110|1101000111|110011010  0x013C32DA4768F9A
BX = 101 Event : 54
0x00 0000010|0000010|00110000000001010|00110100|1100110101|000101111  0x010230051A66A2F
BX = 110 Event : 55
0x00 0000010|0000000|00100010100001110|11110001|1100010010|111111001  0x0100228778E25F9
0x01 0000010|0000010|00101011000010000|00001001|1100100010|000010001  0x01022B0804E4411
0x02 0000010|0000011|00110111011001100|11111011|1111010010|111111001  0x010337667DFA5F9
0x03 0000010|0000100|00101010101001110|10001001|1100100000|110011000  0x01042AA744E4198
BX = 111 Event : 56
0x00 0000010|0000000|00100011010111110|01010100|1100110011|001010111  0x0100235F2A66657
0x01 0000010|0001010|00011101100001110|00001001|1010101110|000010101  0x010A1D8704D5C15
0x02 0000010|0001011|00111000001010100|11111011|1110111100|000000011  0x010B382A7DF7803
0x03 0000010|0001110|00101101001110100|01101101|1101000100|001011111  0x010E2D3A36E885F
0x04 0000010|0001111|00110010010100100|10111011|1110001110|110111010  0x010F32525DF1DBA
0x05 0000010|0010011|00101100100010110|00000000|1100011001|000001010  0x01132C8B006320A
0x06 0000010|0010100|00100111111010000|11111011|1011011000|000000010  0x011427E87DDB002
0x07 0000010|0010101|00101010010110000|00100010|1011010110|000101010  0x01152A58115AC2A
0x08 0000010|0010110|00110000000100010|00011100|1100100110|000100000  0x011630110E64C20
BX = 000 Event : 57
0x00 0000010|0000000|00101111001001010|00000000|1110010110|000000110  0x01002F250072C06
0x01 0000010|0000001|00100101001101110|11110011|1100001011|111101111  0x0101253779E17EF
0x02 0000010|0000010|00100110111101000|11101110|1100100100|111100110  0x010226F477649E6
BX = 001 Event : 58
0x00 0000010|0000000|00111001000100100|11110010|0000110101|111111110  0x010039127906BFE
0x01 0000010|0000001|00110011001010010|11110011|1111111000|111111111  0x0101332979FF1FF
0x02 0000010|0000010|00110011010011100|11001001|0000001001|111000110  0x0102334E64813C6
0x03 0000010|0000011|00111101100000110|11101011|0001110011|111110001  0x01033D83758E7F1
0x04 0000010|0000100|00110111011011110|11101011|0000110100|111110010  0x0104376F75869F2
0x05 0000010|0000101|00110111000011000|00000110|0000110010|000001001  0x0105370C0306409
0x06 0000010|0000111|00100001000000000|11100011|1011000101|111101111  0x0107210071D8BEF
BX = 010 Event : 59
0x00 0000010|0000100|00111011011000000|00011011|1111010110|000011000  0x01043B600DFAC18
0x01 0000010|0000101|00111111000001100|00101001|1111111011|000101010  0x01053F0614FF62A
0x02 0000010|0001000|00101001111010000|00011100|1011001101|000011011  0x010829E80E59A1B
0x03 0000010|0001001|00101001001111110|00101100|1011000110|000101111  0x0109293F1658C2F
0x04 0000010|0001010|00101001100001110|00110011|1011001001|000111000  0x010A298719D9238
0x05 0000010|0001011|00101001001001000|00101100|1011000101|000110000  0x010B29241658A30
0x06 0000010|0001100|00101001011011010|00110011|1011001000|000111001  0x010C296D19D9039
0x07 0000010|0001101|00111100011111000|00011001|1111010001|000010111  0x010D3C7C0CFA217
0x08 0000010|0001110|00110111000010000|00011101|1110011000|000011011  0x010E37080EF301B
0x09 0000010|0001111|00111010111001110|00101010|1111000000|000101101  0x010F3AE7157802D
0x0a 0000010|0010000|00111011001011110|00110001|1111000011|000110101  0x01103B2F18F8635
0x0b 0000010|0010001|00111000001001010|00011000|1110010100|000010100  0x011138250C72814
0x0c 0000010|0010010|00110010101011100|00011011|1101011011|000011000  0x011232AE0DEB618
0x0d 0000010|0010011|00110110110001110|00101001|1110000101|000101010  0x011336C714F0A2A
0x0e 0000010|0010100|00110111000011110|00101111|1110001000|000110010  0x0114370F17F1032
0x0f 0000010|0010101|00110101111111110|00010111|1101110101|000010010  0x011535FF0BEEA12
0x10 0000010|0010110|00110000100010110|00011010|1100111101|000010111  0x0116308B0D67A17
0x11 0000010|0010111|00110100101111000|00101000|1101101000|000101000  0x011734BC146D028
0x12 0000010|0011000|00110101000000110|00101110|1101101011|000110001  0x01183503176D631
0x13 0000010|0011001|00111010010101100|00010110|1110110010|000010001  0x01193A560B76411
0x14 0000010|0011010|00110100111000100|00011010|1101111010|000010101  0x011A34E20D6F415
0x15 0000010|0011011|00111000110111000|00100111|1110100011|000100111  0x011B38DC13F4627
0x16 0000010|0011100|00111001001001000|00101110|1110100110|000101111  0x011C39241774C2F
0x17 0000010|0011101|00111000110000000|00010001|1110011100|000001001  0x011D38C008F3809
0x18 0000010|0011110|00110011010010100|00010101|1101100100|000001101  0x011E334A0AEC80D
0x19 0000010|0011111|00110111010110000|00100011|1110001110|000011111  0x011F375811F1C1F
0x1a 0000010|0100000|00110111101000010|00101001|1110010000|000101000  0x012037A114F2028
BX = 011 Event : 60
0x00 0000010|0000001|00100010011111100|00011110|1101001100|000010010  0x0101227E0F69812
0x01 0000010|0000010|00111000011110110|00011001|0000111101|000011001  0x0102387B0C87A19
0x02 0000010|0000011|00111000011110110|00011001|0000111101|000011010  0x0103387B0C87A1A
0x03 0000010|0000100|00111000011100010|00100001|0000111100|000100101  0x010438711087825
0x04 0000010|0000101|00110111010001110|00010110|0000101100|000010101  0x010537470B05815
0x05 0000010|0000110|00110111010001110|00010111|0000101100|000010110  0x010637470B85816
0x06 0000010|0000111|00110110111101100|00011110|0000101000|000100000  0x010736F60F05020
0x07 0000010|0001000|00110111001100000|00011111|0000101011|000100000  0x010837300F85620
0x08 0000010|0001101|00111000010100010|11000001|0000011001|111000111  0x010D385160833C7
0x09 0000010|0010110|00100101011011110|10100011|1010110010|110101000  0x0116256F51D65A8
BX = 100 Event : 61
0x00 0000010|0000000|00101010110111000|10111101|1101111000|111001010  0x01002ADC5EEF1CA
0x01 0000010|0000010|00111111010110010|10010010|0000111111|110100000  0x01023F594907FA0
0x02 0000010|0000100|00101100100110100|10011011|1011111001|110011100  0x01042C9A4DDF39C
BX = 101 Event : 62
0x00 0000010|0000001|00101000100101110|11111111|1011111101|000000000  0x010128977FDFA00
0x01 0000010|0000010|00101110010111000|01011101|1100000110|001010101  0x01022E5C2EE0C55
BX = 110 Event : 63
0x00 0000010|0000000|00100011110001000|11110111|1110000000|111101100  0x010023C47BF01EC
0x01 0000010|0000001|00110110000110010|00010001|0000111101|000001101  0x010136190887A0D
0x02 0000010|0000010|00110111011111010|00010010|0001001011|000001110  0x0102377D090960E
0x03 0000010|0000011|00111111000001110|00011110|0010011000|000011101  0x01033F070F1301D
0x04 0000010|0000110|00100101100100110|11101000|1010100100|111101000  0x0106259374549E8
0x05 0000010|0000111|00100100101011100|11101001|1010011011|111101010  0x010724AE74D37EA
0x06 0000010|0001000|00101001001111010|00000100|1011001001|000001011  0x0108293D025920B
BX = 111 Event : 64
0x00 0000010|0000000|00011110111011100|00100010|1011101100|000011000  0x01001EEE115D818
0x01 0000010|0000011|00100111010011100|11111100|1011111110|111111010  0x0103274E7E5FDFA
BX = 000 Event : 65
0x00 0000010|0000000|00100001101001110|11000011|1101011111|111000010  0x010021A761EBFC2
0x01 0000010|0000001|00100001011001100|11001001|1101011100|111001010  0x0101216664EB9CA
0x02 0000010|0000010|00100000110011100|11010101|1101010011|111100001  0x010220CE6AEA7E1
0x03 0000010|0000011|00100000110100010|11010101|1101010011|111100010  0x010320D16AEA7E2
0x04 0000010|0000100|00101110000000000|11001111|1111011110|111010001  0x01042E0067FBDD1
0x05 0000010|0000101|00100011000100000|11001010|1100010000|111010111  0x0105231065621D7
0x06 0000010|0000110|00110010101001010|11001100|1110111010|111011010  0x010632A566775DA
0x07 0000010|0000111|00100010111001010|11001010|1100001101|111010110  0x010722E56561BD6
0x08 0000010|0001000|00110010100011000|11001100|1110111001|111011001  0x0108328C66773D9
0x09 0000010|0001001|00100010100111110|11001001|1100001001|111010101  0x0109229F64E13D5
0x0a 0000010|0001010|00101110001010010|11011010|1101010111|111011010  0x010A2E296D6AFDA
BX = 001 Event : 66
0x00 0000010|0000010|00100100000001000|00011010|1010111110|000011011  0x010224040D57C1B
BX = 010 Event : 67
0x00 0000010|0000001|00101110001111000|00100100|1111010010|000101001  0x01012E3C127A429
0x01 0000010|0000010|00101110111111010|00011110|1111011101|000011110  0x01022EFD0F7BA1E
0x02 0000010|0000011|00110000000000110|01010001|0000000010|001010100  0x010330032880454
0x03 0000010|0000100|00011101100110100|01001010|1011100000|001000110  0x01041D9A255C046
0x04 0000010|0000101|00100100000110110|01000100|1101000110|000111010  0x0105241B2268C3A
0x05 0000010|0000110|00100100000110100|01000100|1101000110|000111010  0x0106241A2268C3A
0x06 0000010|0101000|00101000110110110|11011010|1011000001|111011110  0x012828DB6D583DE
BX = 011 Event : 68
0x00 0000010|0000001|00100100111110010|00011110|1011110011|000100100  0x010124F90F5E624
0x01 0000010|0000010|00100011010111010|00100011|1011100011|000101011  0x0102235D11DC62B
0x02 0000010|0000011|00101011000010000|00011001|1100110001|000011111  0x01032B080CE621F
0x03 0000010|0000100|00110101001110000|00011100|1110011010|000100010  0x010435380E73422
0x04 0000010|0000101|00101000000111100|00011100|1100010011|000100010  0x0105281E0E62622
0x05 0000010|0001000|00111000101100010|11111001|1110100001|111110101  0x010838B17CF43F5
0x06 0000010|0001001|00111001101001000|00000111|1110101011|000000110  0x010939A403F5606
0x07 0000010|0001010|00110000100010110|11110100|1100101101|111101100  0x010A308B7A65BEC
0x08 0000010|0001011|00110001000011000|00000001|1100110010|111111101  0x010B310C00E65FD
0x09 0000010|0001100|00100101110010100|00010110|1011000000|000010111  0x010C25CA0B58017
BX = 100 Event : 69
0x00 0000010|0000000|00110111110001000|11011101|0000000110|111100110  0x010037C46E80DE6
0x01 0000010|0000111|00100000100111010|00000111|1011011101|000001101  0x0107209D03DBA0D
0x02 0000010|0001000|00101000110100110|00001100|1011111100|111111101  0x010828D3065F9FD
0x03 0000010|0001001|00101010100011010|00101101|1100001101|000100111  0x01092A8D16E1A27
0x04 0000010|0001010|00111110100101000|00100100|0000010111|000010010  0x010A3E941202E12
0x05 0000010|0010000|00101010010011100|00101101|1100001010|000100111  0x01102A4E16E1427
0x06 0000010|0010001|00110000000010000|00111101|1101001010|000111110  0x011130081EE943E
BX = 101 Event : 70
0x00 0000010|0000000|00100100000010100|11110001|1101100110|111101001  0x0100240A78ECDE9
0x01 0000010|0000001|00101011101100010|11111111|1110110100|111111100  0x01012BB17FF69FC
0x02 0000010|0000010|00101011010011100|11111100|1110110000|111111000  0x01022B4E7E761F8
BX = 110 Event : 71
0x00 0000010|0000010|00111010011100100|00111011|0000000100|000110000  0x01023A721D80830
0x01 0000010|0000100|00101111100001100|00101110|1100001000|000011111  0x01042F86176101F
0x02 0000010|0000101|00101000011000000|10100000|1011011101|110101100  0x01052860505BBAC
BX = 111 Event : 72
0x00 0000010|0000000|00100010101001110|00001101|1101001010|000001110  0x010022A706E940E
0x01 0000010|0000001|00100100101100000|00001100|1101100110|000001101  0x010124B0066CC0D
0x02 0000010|0000100|00110101101011100|11010101|0000100110|111010011  0x010435AE6A84DD3
0x03 0000010|0000101|00111001100001110|00011000|0000111111|000100010  0x010539870C07E22
0x04 0000010|0000110|00111000101110000|00011000|0000110111|000100010  0x010638B80C06E22
0x05 0000010|0000111|00110000101111000|00010111|1111000110|000100001  0x010730BC0BF8C21
0x06 0000010|0001000|00110111000011010|00010001|0000011111|000010110  0x0108370D0883E16
0x07 0000010|0001001|00110111010001010|00001011|0000011111|000001011  0x010937450583E0B
0x08 0000010|0001010|00110110011100100|00001011|0000010111|000001011  0x010A36720582E0B
0x09 0000010|0001011|00110010000010100|10110001|1111001001|111000000  0x010B320A58F93C0
0x0a 0000010|0001100|00110100011110110|10100001|1111101111|110100001  0x010C347B50FDFA1
BX = 000 Event : 73
0x00 0000010|0000000|00111111001101110|00010001|0001110110|000000010  0x01003F37088EC02
0x01 0000010|0000001|00110110100100000|00011101|0000011101|000010000  0x010136900E83A10
0x02 0000010|0000010|00111011110010100|01000111|0001010011|001000111  0x01023BCA238A647
0x03 0000010|0000011|00111110001100000|01101110|0010000101|001010111  0x01033E303710A57
0x04 0000010|0000100|00111111010101000|00010011|0001110111|000000100  0x01043F54098EE04
0x05 0000010|0000111|00101111001100100|00001000|1101000010|000001010  0x01072F32046840A
0x06 0000010|0001011|00100111101000000|11011100|1011011000|111100011  0x010B27A06E5B1E3
BX = 001 Event : 74
0x00 0000010|0000000|00101010011100010|01010100|1111000100|001010110  0x01002A712A78856
BX = 010 Event : 75
0x00 0000010|0000000|00011101010001110|00111001|1011010000|000110010  0x01001D471CDA032
0x01 0000010|0000001|00011111001001010|00111011|1011101011|000110101  0x01011F251DDD635
0x02 0000010|0000010|00100110001100110|01111000|1100011100|001100000  0x010226333C63860
0x03 0000010|0000100|00101111111111110|00010000|1110001101|000000010  0x01042FFF0871A02
BX = 011 Event : 76
0x00 0000010|0000000|00111000000001000|00000001|0001010101|000000000  0x01003804008AA00
0x01 0000010|0000001|00111001011100100|00100101|0001100100|000101110  0x01013972128C82E
0x02 0000010|0000011|00101010000101010|10101110|1110001011|110101100  0x01032A1557717AC
0x03 0000010|0000110|00110010001101100|11011111|1111010101|111110001  0x010632366FFABF1
BX = 100 Event : 77
0x00 0000010|0000001|00100111011111100|10111000|1100111001|111000100  0x0101277E5C673C4
BX = 101 Event : 78
BX = 110 Event : 79
0x00 0000010|0000000|00110000100010100|00111010|0000000010|000101101  0x0100308A1D0042D
0x01 0000010|0000001|00101011100111110|00110111|1110110111|000101000  0x01012B9F1BF6E28
0x02 0000010|0000111|00100010110010110|01111000|1100010010|001011100  0x010722CB3C6245C
0x03 0000010|0001000|00011101011000010|01111110|1011010101|001100101  0x01081D613F5AA65
BX = 111 Event : 80
0x00 0000010|0000010|00111100001100110|11001100|0001111000|111011101  0x01023C33660F1DD
0x01 0000010|0000110|00100001001010100|10110011|1011110110|110111000  0x0106212A59DEDB8
0x02 0000010|0001001|00100101001110110|10011101|1011011000|110110100  0x0109253B4EDB1B4
BX = 000 Event : 81
0x00 0000010|0000000|00110100010101010|11110001|1111101010|111110111  0x0100345578FD5F7
0x01 0000010|0000111|00101110001011100|00111000|1100101100|000111001  0x01072E2E1C65839
BX = 001 Event : 82
0x00 0000010|0000010|00011111000010010|00100101|1100001001|000100010  0x01021F0912E1222
0x01 0000010|0000011|00011101110011110|00011110|1011111000|000010101  0x01031DCF0F5F015
0x02 0000010|0000110|00110001011111000|11100111|1110010001|111011111  0x0106317C73F23DF
0x03 0000010|0000111|00111110100000000|00000111|0000011000|000001000  0x01073E800383008
0x04 0000010|0001000|00101110001100100|10000011|1100010010|110011100  0x01082E3241E259C
BX = 010 Event : 83
0x00 0000010|0000001|00100011111001000|00111100|1011110100|000101111  0x010123E41E5E82F
0x01 0000010|0000010|00100011111100100|00111011|1011110100|000101110  0x010223F21DDE82E
BX = 011 Event : 84
0x00 0000010|0000000|00011110010100110|10011101|1100000110|110011100  0x01001E534EE0D9C
0x01 0000010|0000001|00100010000000110|11101000|1100011011|111101001  0x0101220374637E9
0x02 0000010|0000101|00011101010111010|10100001|1010011110|110100111  0x01051D5D50D3DA7
0x03 0000010|0000110|00101101001111000|11100100|1100111001|111101110  0x01062D3C72673EE
0x04 0000010|0000111|00110100101111000|11101011|1110011010|111100010  0x010734BC75F35E2
0x05 0000010|0001010|00110111101110110|00101111|1110001011|000110010  0x010A37BB17F1632
0x06 0000010|0001011|00110100101010110|00100111|1101100000|000100100  0x010B34AB13EC024
0x07 0000010|0001100|00110011010110010|00100111|1101001101|000100011  0x010C335913E9A23
BX = 100 Event : 85
0x00 0000010|0000000|00100100110100100|00101000|1101111001|000100001  0x010024D2146F221
0x01 0000010|0000001|00100001001110100|10111001|1100111000|110111101  0x0101213A5CE71BD
0x02 0000010|0000010|00100110101110000|11011010|1101011010|111010100  0x010226B86D6B5D4
0x03 0000010|0001101|00100101111110010|11100101|1010111100|111100011  0x010D25F972D79E3
0x04 0000010|0001110|00100100000110000|11000001|1010011001|111000110  0x010E241860D33C6
BX = 101 Event : 86
0x00 0000010|0000110|00100011100010010|11100001|1011101100|111011110  0x0106238970DD9DE
0x01 0000010|0001000|00110000000011110|11101011|1101101011|111101011  0x0108300F75ED7EB
0x02 0000010|0001101|00100000100000110|00111010|1010011111|000111011  0x010D20831D53E3B
BX = 110 Event : 87
0x00 0000010|0000000|00100111011011100|10000011|1101001111|110010000  0x0100276E41E9F90
0x01 0000010|0000001|00100111010110110|10000010|1101001110|110010000  0x0101275B4169D90
0x02 0000010|0000100|00111110111000110|10101110|0001011111|110111100  0x01043EE3570BFBC
0x03 0000010|0000101|00100001001000000|01000101|1011000100|001001001  0x0105212022D8849
0x04 0000010|0000110|00100010011111100|01000101|1011011001|001001000  0x0106227E22DB248
0x05 0000010|0000111|00100010110110010|01001001|1011011101|001001101  0x010722D924DBA4D
0x06 0000010|0001000|00100011110001100|01111100|1100100100|001101111  0x010823C63E6486F
0x07 0000010|0010101|00111001101110100|00111001|1110100011|000111010  0x011539BA1CF463A
0x08 0000010|0010110|00110100101011010|00110001|1101011100|000101100  0x011634AD18EB82C
0x09 0000010|0010111|00111111110111010|00100110|1111111001|000011001  0x01173FDD137F219
BX = 111 Event : 88
BX = 000 Event : 89
0x00 0000010|0000000|00011111010100110|11100110|1101000010|111101010  0x01001F5373685EA
0x01 0000010|0000010|00111111110011100|11100101|0010010010|111101000  0x01023FCE72925E8
0x02 0000010|0000011|00110100110001010|11100111|0000100000|111101010  0x010334C573841EA
0x03 0000010|0000100|00101101011000000|11101011|1111010011|111110000  0x01042D6075FA7F0
0x04 0000010|0000101|00101101111000110|11101100|1111011001|111110001  0x01052DE3767B3F1
0x05 0000010|0001000|00101001110110010|11100011|1100101000|111101001  0x010829D971E51E9
0x06 0000010|0001001|00011011100111000|11101110|1010011000|111111000  0x01091B9C77531F8
0x07 0000010|0001010|00101010000001010|11100010|1100101011|111101000  0x010A2A0571657E8
0x08 0000010|0001011|00011011110010000|11101110|1010011010|111110111  0x010B1BC877535F7
0x09 0000010|0001100|00101010111110000|01100000|1101001100|001001101  0x010C2AF8306984D
0x0a 0000010|0001101|00100001110111000|01101000|1011101010|001010110  0x010D21DC345D456
0x0b 0000010|0001110|00100001010001000|01101001|1011100100|001011000  0x010E214434DC858
0x0c 0000010|0001111|00110010101000000|00000001|1110000101|111111110  0x010F32A000F0BFE
0x0d 0000010|0010000|00110011100010010|00000000|1110010010|111111011  0x0110338900725FB
BX = 001 Event : 90
0x00 0000010|0000000|00110101010010110|01111110|0000001010|001101010  0x0100354B3F0146A
BX = 010 Event : 91
BX = 011 Event : 92
BX = 100 Event : 93
0x00 0000010|0000000|00110101000111000|11010101|0000100101|111010011  0x0100351C6A84BD3
0x01 0000010|0000001|00110101111100110|11001111|0000110001|111001000  0x010135F367863C8
0x02 0000010|0000010|00110100111010100|00000100|0000100110|000001100  0x010234EA0204C0C
0x03 0000010|0000101|00111010000011010|11001000|1111010101|111001000  0x01053A0D647ABC8
BX = 101 Event : 94
0x00 0000010|0000010|00110101000101000|10011111|1110001100|110101100  0x010235144FF19AC
BX = 110 Event : 95
0x00 0000010|0000000|00101011000011010|10110010|1110011010|110110011  0x01002B0D59735B3
0x01 0000010|0001000|00011100101000000|00100100|1010110000|000011011  0x01081CA0125601B
0x02 0000010|0001001|00100111101100100|00100110|1100100000|000011111  0x010927B2136401F
0x03 0000010|0001010|00100111101100000|00100110|1100011111|000011111  0x010A27B01363E1F
0x04 0000010|0001011|00101100111011010|10101111|1101011011|110111100  0x010B2CED57EB7BC
0x05 0000010|0001100|00110011110110000|10101010|1111000101|110110010  0x010C33D85578BB2
0x06 0000010|0001101|00100000011001110|11000011|1011110011|111010101  0x010D206761DE7D5
0x07 0000010|0001110|00100010010011100|11001011|1100000111|111011111  0x010E224E65E0FDF
BX = 111 Event : 96
0x00 0000010|0000000|00111101111111010|00001100|0010011100|000010110  0x01003DFD0613816
0x01 0000010|0000100|00101110101100110|10100000|1100001110|110100110  0x01042EB35061DA6
0x02 0000010|0000101|00101110100100100|10011111|1100001100|110100110  0x01052E924FE19A6
BX = 000 Event : 97
BX = 001 Event : 98
0x00 0000010|0000100|00111100011101010|11100101|0001011000|111101110  0x01043C75728B1EE
0x01 0000010|0000101|00111000001001100|11101110|0000101100|111111010  0x0105382677059FA
0x02 0000010|0000110|00111110101100010|11100011|0001011001|111101011  0x01063EB1718B3EB
0x03 0000010|0000111|00110110101001010|11100100|0000000110|111101101  0x010736A57200DED
0x04 0000010|0001000|00111001111110100|11101000|0000101000|111110010  0x010839FA74051F2
0x05 0000010|0001001|00110010010101110|11101101|1111011010|111111001  0x0109325776FB5F9
0x06 0000010|0001010|00100010000000110|11101000|1100011011|111101001  0x010A220374637E9
0x07 0000010|0001011|00111101100011010|00001101|0001011000|000000110  0x010B3D8D068B006
0x08 0000010|0001100|00101111100000000|00101010|1111000111|000101100  0x010C2F801578E2C
0x09 0000010|0001101|00111101110101110|00001101|0001011101|000000101  0x010D3DD7068BA05
0x0a 0000010|0001110|00101111110010100|00101010|1111001011|000101011  0x010E2FCA157962B
0x0b 0000010|0010011|00101001000111100|00001000|1100110101|111111100  0x0113291E0466BFC
0x0c 0000010|0010100|00101001000111100|00000111|1100110101|111111011  0x0114291E03E6BFB
0x0d 0000010|0010101|00110011101000010|00011110|1110100010|000011000  0x011533A10F74418
0x0e 0000010|0011000|00110011101000010|00011101|1110100010|000011000  0x011833A10EF4418
0x0f 0000010|0100000|00101110000010110|00001001|1100000110|000000011  0x01202E0B04E0C03
0x10 0000010|0100001|00100111110010110|00011000|1011111100|000001111  0x012127CB0C5F80F
0x11 0000010|0100010|00111100001110100|00110010|1111001100|000110000  0x01223C3A1979830
0x12 0000010|0100011|00111110001110100|00111011|1111100001|000111011  0x01233E3A1DFC23B
0x13 0000010|0100100|00111110000111010|00111011|1111011111|000111100  0x01243E1D1DFBE3C
0x14 0000010|0100101|00110110000110100|11100110|1110000010|111110111  0x0125361A73705F7
0x15 0000010|0100110|00110101101111100|11100110|1101111101|111110110  0x012635BE736FBF6
BX = 010 Event : 99
0x00 0000010|0000100|00101101000101010|01001110|1100000000|001010000  0x01042D152760050
0x01 0000010|0000110|00100101001110110|10011101|1011011000|110110100  0x0106253B4EDB1B4
BX = 011 Event : 100
0x00 0000010|0000000|00110011011000000|00110000|0000000011|000110011  0x010033601800633
0x01 0000010|0000001|00110011011111010|00110001|0000000100|000110011  0x0101337D1880833
0x02 0000010|0000010|00110101110011010|00100110|0000100110|000100000  0x010235CD1304C20
0x03 0000010|0000011|00110101111010100|00100111|0000100111|000100001  0x010335EA1384E21
0x04 0000010|0000100|00110010010111100|10100010|1101110000|110101011  0x0104325E516E1AB
