BX = 000 Event : 1
0x00 0000011|0000011|01000011111011110|10011111|0000010110|110111010  0x018343EF4F82DBA
0x01 0000011|0000101|01110010100011000|10100010|0101100110|110111110  0x0185728C512CDBE
0x02 0000011|0001011|01110111011100000|00000011|0100000110|000001000  0x018B777001A0C08
BX = 001 Event : 2
0x00 0000011|0000000|01010001101100010|00101000|0001011111|000011011  0x018051B1140BE1B
0x01 0000011|0000010|01010100101000000|10001111|0010001010|110101100  0x018254A047915AC
0x02 0000011|0000011|01001001000111010|10100100|0000101111|111000001  0x0183491D5205FC1
0x03 0000011|0000100|01010011010001010|10001010|0001111101|110100110  0x01845345450FBA6
0x04 0000011|0000101|01000111001111100|10100000|0000011101|110111100  0x0185473E5003BBC
0x05 0000011|0001011|01111000110010100|11010011|0101000000|111100010  0x018B78CA69A81E2
0x06 0000011|0001100|01110010100001010|11110101|0011111100|111110101  0x018C72857A9F9F5
0x07 0000011|0001101|01110001000110110|00010011|0011110010|000010001  0x018D711B099E411
0x08 0000011|0001111|01100100101010110|11110000|0001110100|111101111  0x018F64AB780E9EF
0x09 0000011|0010000|01100100001010110|00000001|0001110000|111111111  0x0190642B008E1FF
BX = 010 Event : 3
0x00 0000011|0001001|01010000011110110|10001100|0000111010|110110010  0x0189507B46075B2
0x01 0000011|0001010|01010101011100110|11010111|0000101100|111011101  0x018A55736B859DD
0x02 0000011|0001011|01011110100111110|11110100|0001110001|111111000  0x018B5E9F7A0E3F8
0x03 0000011|0001100|01011011000101110|11010100|0001100001|111011001  0x018C5B176A0C3D9
0x04 0000011|0001101|01100100100001010|11110000|0010101000|111110100  0x018D648578151F4
0x05 0000011|0001110|01110100000101010|11011010|0100011010|111011111  0x018E74156D235DF
0x06 0000011|0001111|01011110100101010|00100000|0001111011|000100001  0x018F5E95100F621
0x07 0000011|0010000|01011010100011110|11100100|0001001011|111100110  0x01905A8F72097E6
0x08 0000011|0010001|01010100011010100|00010110|0000011100|000010100  0x0191546A0B03814
0x09 0000011|0010010|01111011100101000|00100110|0101101000|000010101  0x01927B94132D015
0x0a 0000011|0010101|01111001110000100|11011110|0101000011|111100011  0x019579C26F287E3
0x0b 0000011|0011001|01000110010101010|00000010|1110001101|000001001  0x019946550171A09
0x0c 0000011|0011010|01011101001010000|11100111|0000111001|111110000  0x019A5D2873873F0
0x0d 0000011|0011100|01000101101110110|00000001|1110000111|000001000  0x019C45BB00F0E08
0x0e 0000011|0011101|01011100001011110|11100111|0000101111|111110000  0x019D5C2F7385FF0
0x0f 0000011|0011110|01001010100010100|00000010|1111000000|111111110  0x019E4A8A01781FE
0x10 0000011|0100000|01100010011111000|11101011|0001100001|111110011  0x01A0627C758C3F3
0x11 0000011|0100001|01100010101110010|11101100|0001100010|111110100  0x01A162B9760C5F4
0x12 0000011|0100010|01100001001001010|11101011|0001010100|111110011  0x01A26125758A9F3
0x13 0000011|0100011|01100001100111110|11101100|0001010111|111110100  0x01A3619F760AFF4
BX = 011 Event : 4
0x00 0000011|0000000|01100010001010110|10000101|0011100100|110100110  0x0180622B429C9A6
0x01 0000011|0000001|01101101110100110|10000110|0101010100|110101000  0x01816DD3432A9A8
0x02 0000011|0000010|01100101000101110|10001000|0100000000|110101001  0x0182651744201A9
0x03 0000011|0000100|01001000010111100|01011100|1111000111|001000000  0x0184485E2E78E40
0x04 0000011|0001001|01100110001010000|10001110|0010111111|110110010  0x018966284717FB2
BX = 100 Event : 5
0x00 0000011|0001001|01101100110000110|11000011|0100111110|111010100  0x01896CC361A7DD4
0x01 0000011|0001010|01011110111010010|11111010|0011001101|111110111  0x018A5EE97D19BF7
0x02 0000011|0001011|01110001110001100|11111010|0101010111|111111000  0x018B71C67D2AFF8
0x03 0000011|0001100|01011000000011010|11111101|0010011010|111111010  0x018C580D7E935FA
0x04 0000011|0001101|01101101010101110|11000010|0101000011|111010100  0x018D6D5761287D4
0x05 0000011|0001111|01010011011100110|11011100|0001010101|111110010  0x018F53736E0ABF2
0x06 0000011|0010000|01011101000010010|11011011|0010101110|111110000  0x01905D096D95DF0
0x07 0000011|0010100|01010110000111000|00011010|0000000000|000010001  0x0194561C0D00011
0x08 0000011|0010101|01100010011000110|01000111|0001011100|000111011  0x01956263238B83B
BX = 101 Event : 6
0x00 0000011|0000000|01001000111110110|00101001|0000010001|000011000  0x018048FB1482218
0x01 0000011|0000010|01101110100110010|10011001|0101000101|111000010  0x01826E994CA8BC2
0x02 0000011|0000011|01110100001111110|10100110|0101100001|110111011  0x0183743F532C3BB
0x03 0000011|0000100|01110100010101100|10100101|0101100010|110111010  0x0184745652AC5BA
0x04 0000011|0001001|01000010100001010|11110010|1110111100|111110010  0x0189428579779F2
0x05 0000011|0001010|01001011011100000|00001011|1111111111|000001010  0x018A4B7005FFE0A
0x06 0000011|0001011|01001011111100100|00001000|0000000100|000000111  0x018B4BF20400807
0x07 0000011|0001110|01100100010000110|10111000|0011000110|111010000  0x018E64435C18DD0
0x08 0000011|0001111|01100110010010110|00101111|0011001001|000101011  0x018F664B179922B
0x09 0000011|0010000|01100110110010100|00101100|0011001101|000101000  0x019066CA1619A28
0x0a 0000011|0010001|01101010011011110|00100010|0011011010|000010011  0x01916A6F111B413
0x0b 0000011|0010010|01101000010000100|01011110|0011001010|001001011  0x019268422F1944B
BX = 110 Event : 7
0x00 0000011|0000011|01011010010011000|10111011|0011000000|111011010  0x01835A4C5D981DA
0x01 0000011|0000100|01100000000101110|10110011|0011111010|111001111  0x01846017599F5CF
0x02 0000011|0000101|01011110110111110|10101100|0011101110|111000111  0x01855EDF561DDC7
0x03 0000011|0000110|01011010001101110|10100111|0010111111|111000001  0x01865A375397FC1
0x04 0000011|0001110|01000000111010000|11110101|1110110100|111110011  0x018E40E87AF69F3
0x05 0000011|0001111|01010100001111110|00001000|0001000101|000000100  0x018F543F0408A04
0x06 0000011|0010000|01000000100111000|00100010|1110110010|000011100  0x0190409C117641C
0x07 0000011|0010001|01101010110110100|11011000|0011110011|111101001  0x01916ADA6C1E7E9
0x08 0000011|0010010|01110010000010000|10111001|0100100111|111001101  0x019272085CA4FCD
0x09 0000011|0010011|01101000101101000|11100000|0011011111|111110011  0x019368B4701BFF3
0x0a 0000011|0010100|01110001111000010|10111010|0100100110|111001101  0x019471E15D24DCD
BX = 111 Event : 8
0x00 0000011|0000001|01010111111001110|00110111|0010011111|000100111  0x018157E71B93E27
0x01 0000011|0001000|01100011011010010|00101100|0011110100|000011100  0x01886369161E81C
0x02 0000011|0001011|01011010100101100|10100110|0010010100|111001001  0x018B5A9653129C9
0x03 0000011|0010000|01010110111111110|01011011|0001000111|001000110  0x019056FF2D88E46
0x04 0000011|0010010|01010111001010010|01011100|0001001000|001000111  0x019257292E09047
0x05 0000011|0010100|01011101001001010|00111111|0010000011|000100100  0x01945D251F90624
0x06 0000011|0010110|01011101011001100|01000000|0010000101|000100101  0x01965D662010A25
0x07 0000011|0011010|01100001110101100|01011101|0001110101|001001100  0x019A61D62E8EA4C
BX = 000 Event : 9
0x00 0000011|0000101|01000010010110100|11111011|1110111001|111111101  0x0185425A7DF73FD
0x01 0000011|0000110|01001101010101010|00111110|0000011010|000101001  0x01864D551F03429
0x02 0000011|0001010|01111001001100000|10010100|0101001001|110111000  0x018A79304A293B8
BX = 001 Event : 10
0x00 0000011|0000000|01001101000011010|00010001|0001101101|000010100  0x01804D0D088DA14
0x01 0000011|0000001|01100000101101010|00000110|0011011101|000000000  0x018160B5031BA00
0x02 0000011|0000011|01010111011010100|00000101|0001000101|000000110  0x0183576A0288A06
0x03 0000011|0000100|01011001010010100|01100111|0001000110|001001000  0x0184594A3388C48
0x04 0000011|0000110|01010001000100110|10010111|1111001111|110110001  0x018651134BF9FB1
0x05 0000011|0000111|01111000000001100|00001001|0100000101|000001000  0x0187780604A0A08
BX = 010 Event : 11
0x00 0000011|0000010|01011000101101000|00001011|0010001011|111111111  0x018258B405917FF
0x01 0000011|0000011|01101100011111100|01100111|0100111001|001001101  0x01836C7E33A724D
BX = 011 Event : 12
0x00 0000011|0000000|01100001011100000|01010101|0100000110|000111010  0x018061702AA0C3A
0x01 0000011|0000100|01010000111000010|11100111|0001010011|111101010  0x018450E1738A7EA
0x02 0000011|0000101|01100110010100110|00100000|0011110111|000011100  0x01856653101EE1C
0x03 0000011|0000110|01100001010110000|00100011|0011010010|000011111  0x01866158119A41F
0x04 0000011|0001101|01111010110111000|00101110|0101010111|000100011  0x018D7ADC172AE23
0x05 0000011|0001110|01111010111110100|00101100|0101010111|000100010  0x018E7AFA162AE22
0x06 0000011|0001111|01111010111110110|00101110|0101011000|000100011  0x018F7AFB172B023
0x07 0000011|0010000|01001111011000010|10111010|1111101111|111010110  0x01904F615D7DFD6
0x08 0000011|0010001|01001111000101100|10111001|1111101100|111010101  0x01914F165CFD9D5
0x09 0000011|0010010|01111011101011010|10110111|0101001111|111010011  0x01927BAD5BA9FD3
0x0a 0000011|0010011|01111101111010000|10110110|0101100000|111010010  0x01937DE85B2C1D2
0x0b 0000011|0010100|01111011100100100|10110110|0101001110|111010010  0x01947B925B29DD2
0x0c 0000011|0010101|01111101110100100|10110101|0101011111|111010001  0x01957DD25AABFD1
BX = 100 Event : 13
0x00 0000011|0000001|01010100110111010|11001011|0010010111|111100000  0x018154DD6592FE0
0x01 0000011|0000010|01010100111101000|11001010|0010011000|111011111  0x018254F465131DF
0x02 0000011|0000100|01101100011011110|11101100|0100001100|111101111  0x01846C6F76219EF
0x03 0000011|0000101|01000100110010010|11110101|1110011011|111111001  0x018544C97AF37F9
0x04 0000011|0001110|01110111111111010|00101111|0100101100|000101010  0x018E77FD17A582A
BX = 101 Event : 14
0x00 0000011|0000111|01000100001010110|00111010|1110011111|000110010  0x0187442B1D73E32
0x01 0000011|0001000|01110000000011010|11010000|0100100100|111011011  0x0188700D68249DB
0x02 0000011|0001100|01100111010011010|11110100|0001110101|111101101  0x018C674D7A0EBED
0x03 0000011|0001101|01100100000101100|00000001|0001011101|111111001  0x018D6416008BBF9
0x04 0000011|0001110|01100111101101010|11110111|0001111000|111110000  0x018E67B57B8F1F0
0x05 0000011|0001111|01100101000111010|00000010|0001100101|111111010  0x018F651D010CBFA
0x06 0000011|0010000|01100111000111000|01000011|0001110100|000110111  0x0190671C218E837
BX = 110 Event : 15
0x00 0000011|0000000|01100010001000000|00100101|0100000101|000011111  0x0180622012A0A1F
0x01 0000011|0000001|01101011110000000|11001011|0100011100|111010001  0x01816BC065A39D1
BX = 111 Event : 16
0x00 0000011|0000000|01100001001101100|00010100|0001110111|000010010  0x018061360A0EE12
0x01 0000011|0000001|01010011010101110|01010010|0000010001|000101110  0x01815357290222E
0x02 0000011|0000010|01010011101101000|01010011|0000010100|000101111  0x018253B4298282F
0x03 0000011|0000100|01111101001000110|00011001|0101000101|000010111  0x01847D230CA8A17
0x04 0000011|0000101|01111101001010000|00011001|0101000110|000010110  0x01857D280CA8C16
BX = 000 Event : 17
0x00 0000011|0000001|01000101110101000|11011000|1111111111|111100110  0x018145D46C7FFE6
0x01 0000011|0000010|01011110000001000|00001101|0011100000|000001110  0x01825E04069C00E
0x02 0000011|0000011|01011111000111000|00001101|0011101010|000001110  0x01835F1C069D40E
0x03 0000011|0000110|01010111010010110|10111100|0001101111|111001110  0x0186574B5E0DFCE
0x04 0000011|0000111|01100001000110100|10111000|0011001010|111001001  0x0187611A5C195C9
0x05 0000011|0001001|01010011011101000|10111010|0001001011|111001011  0x018953745D097CB
0x06 0000011|0001100|01110010100001000|01010111|0100011110|001000011  0x018C72842BA3C43
0x07 0000011|0001110|01101110100010110|10100101|0011010110|110111110  0x018E6E8B529ADBE
0x08 0000011|0001111|01101110011110110|10100101|0011010101|110111110  0x018F6E7B529ABBE
0x09 0000011|0010000|01101110000000010|10100110|0011010010|110111110  0x01906E01531A5BE
BX = 001 Event : 18
0x00 0000011|0000001|01010000111110100|00011101|0001110011|000001110  0x018150FA0E8E60E
0x01 0000011|0000010|01010000111110100|00011101|0001110011|000001110  0x018250FA0E8E60E
0x02 0000011|0000011|01010001001010010|00011100|0001110101|000001101  0x018351290E0EA0D
0x03 0000011|0000100|01010001011001010|00011011|0001110111|000001100  0x018451650D8EE0C
0x04 0000011|0000101|01010001011001010|00011011|0001110111|000001011  0x018551650D8EE0B
0x05 0000011|0000110|01010001011001010|00011010|0001110111|000001011  0x018651650D0EE0B
0x06 0000011|0000111|01010001011001010|00011010|0001110111|000001010  0x018751650D0EE0A
0x07 0000011|0001000|01010001011001010|00011001|0001110111|000001001  0x018851650C8EE09
0x08 0000011|0001001|01010001011001010|00011000|0001110111|000001001  0x018951650C0EE09
0x09 0000011|0001010|01010001011001010|00011000|0001110111|000001000  0x018A51650C0EE08
0x0a 0000011|0001011|01010001011001010|00010111|0001110111|000000111  0x018B51650B8EE07
0x0b 0000011|0001100|01010001011001010|00010111|0001110111|000000111  0x018C51650B8EE07
0x0c 0000011|0001111|01101010011010000|11001111|0100000101|111100000  0x018F6A6867A0BE0
0x0d 0000011|0010000|01010010000110000|11010101|0001010001|111100100  0x019052186A8A3E4
BX = 010 Event : 19
0x00 0000011|0000000|01001110000011000|00000011|0001000000|111111011  0x01804E0C01881FB
0x01 0000011|0000001|01011010111101010|11111101|0010111000|111110101  0x01815AF57E971F5
0x02 0000011|0000010|01001110110001000|11111111|0001000101|111110111  0x01824EC47F88BF7
0x03 0000011|0000011|01011011101011100|11111001|0010111110|111110001  0x01835BAE7C97DF1
0x04 0000011|0001000|01111000010101110|00001010|0100100101|000001000  0x018878570524A08
0x05 0000011|0001001|01111011110001110|00011011|0100100011|000001000  0x01897BC70DA4608
0x06 0000011|0001010|01110101111100110|00100000|0011110110|000001110  0x018A75F3101EC0E
BX = 011 Event : 20
0x00 0000011|0000000|01010010100111110|11111010|0010000110|111111001  0x0180529F7D10DF9
0x01 0000011|0000001|01001011101100010|00110100|0001010010|000101110  0x01814BB11A0A42E
0x02 0000011|0000100|01000100000000110|11001001|1111111101|111011111  0x0184440364FFBDF
0x03 0000011|0000101|01011110111001000|11101111|0011011001|111111110  0x01855EE4779B3FE
0x04 0000011|0001001|01100010110100110|11110111|0010100101|111111000  0x018962D37B94BF8
0x05 0000011|0001010|01111100001100100|11100111|0101100000|111101001  0x018A7C3273AC1E9
0x06 0000011|0010110|01111101000100100|01000101|0101001011|000110011  0x01967D1222A9633
0x07 0000011|0010111|01111101001101110|01000110|0101001100|000110011  0x01977D372329833
0x08 0000011|0011000|01111100101100010|01000101|0101001000|000110011  0x01987CB122A9033
0x09 0000011|0011001|01111100111111100|01000101|0101001010|000110011  0x01997CFE22A9433
0x0a 0000011|0011010|01111100111111100|00101101|0101001010|000010101  0x019A7CFE16A9415
BX = 100 Event : 21
0x00 0000011|0000000|01001000111011000|10101110|0000011010|110111100  0x018048EC57035BC
0x01 0000011|0000001|01110001011101110|10111111|0101001000|111001100  0x018171775FA91CC
0x02 0000011|0000101|01110011011110010|00101100|0100110110|000011110  0x018573791626C1E
0x03 0000011|0000110|01001011100111010|00110011|1111000001|000100111  0x01864B9D19F8227
BX = 101 Event : 22
0x00 0000011|0000000|01011011010011110|10011001|0011010110|110101111  0x01805B4F4C9ADAF
0x01 0000011|0000001|01011100101010100|10010100|0011100000|110101010  0x01815CAA4A1C1AA
0x02 0000011|0000010|01010001111010010|10110001|0010010000|111000101  0x018251E958921C5
0x03 0000011|0000100|01010110010011110|10101100|0010100100|111000111  0x0184564F56149C7
0x04 0000011|0000101|01010110010110100|10101011|0010100100|111000110  0x0185565A55949C6
0x05 0000011|0000110|01001010010011110|11001010|0001000011|111100101  0x01864A4F65087E5
0x06 0000011|0000111|01010110011001000|10101100|0010100101|111000111  0x018756645614BC7
0x07 0000011|0001000|01010110011100100|10101011|0010100101|111000110  0x018856725594BC6
0x08 0000011|0001001|01001100001001000|11000110|0001010110|111011111  0x01894C24630ADDF
0x09 0000011|0001010|01101000111110000|11010111|0100111010|111101001  0x018A68F86BA75E9
0x0a 0000011|0001011|01101100000101100|11111001|0101000000|111111100  0x018B6C167CA81FC
0x0b 0000011|0001100|01101100101111110|11111010|0101000110|111111100  0x018C6CBF7D28DFC
0x0c 0000011|0001101|01101101001101110|11110110|0101001010|111111000  0x018D6D377B295F8
0x0d 0000011|0001110|01011011001011000|11011100|0010111011|111101110  0x018E5B2C6E177EE
0x0e 0000011|0001111|01011010111111110|11011011|0010111001|111101101  0x018F5AFF6D973ED
0x0f 0000011|0010000|01000100110010100|11110011|1111010100|111110101  0x019044CA79FA9F5
0x10 0000011|0011001|01100011010001000|01001111|0001111100|001000000  0x01996344278F840
0x11 0000011|0011010|01111110011010100|00111101|0100100110|000101000  0x019A7E6A1EA4C28
BX = 110 Event : 23
0x00 0000011|0000001|01101101110110010|11110110|0101001100|111111000  0x01816DD97B299F8
0x01 0000011|0000010|01100111110010100|00011000|0100011111|000011000  0x018267CA0C23E18
0x02 0000011|0000011|01010000010100100|00001010|0001000110|000000111  0x018350520508C07
0x03 0000011|0000100|01000101011011100|00110000|1110101000|000100001  0x0184456E1875021
0x04 0000011|0000101|01100011011111100|11010010|0010000100|111100011  0x0185637E69109E3
0x05 0000011|0000110|01101001000100000|11010101|0010101110|111100101  0x018669106A95DE5
BX = 111 Event : 24
0x00 0000011|0000100|01100101000100110|11010110|0011010001|111011000  0x018465136B1A3D8
0x01 0000011|0000101|01110101010010000|11110000|0101001000|111110001  0x0185754878291F1
0x02 0000011|0000110|01001100100010100|00000001|1111001110|000000100  0x01864C8A00F9C04
0x03 0000011|0000111|01011001011110110|00100110|0000100010|000100100  0x0187597B1304424
0x04 0000011|0001001|01101100110000000|11010111|0010110011|111011010  0x01896CC06B967DA
BX = 000 Event : 25
0x00 0000011|0000001|01000010101100110|10010111|0000000001|111000001  0x018142B34B803C1
0x01 0000011|0000011|01100000011000110|10110100|0010101001|111000101  0x018360635A153C5
0x02 0000011|0001010|01000111000100110|11011101|1110011110|111100101  0x018A47136EF3DE5
0x03 0000011|0001011|01000110001000010|11011101|1110010111|111100101  0x018B46216EF2FE5
0x04 0000011|0001100|01000010100011100|11100101|1101111100|111101101  0x018C428E72EF9ED
0x05 0000011|0001101|01000110001000010|11101100|1110010111|111110100  0x018D46217672FF4
0x06 0000011|0001110|01011100110000010|00000010|0001000000|000001000  0x018E5CC10108008
0x07 0000011|0001111|01110011100111100|11010100|0011101010|111011101  0x018F739E6A1D5DD
BX = 001 Event : 26
0x00 0000011|0000110|01101111101101110|11111111|0011001010|000000000  0x01866FB77F99400
0x01 0000011|0000111|01101111100101110|11111111|0011001001|000000000  0x01876F977F99200
0x02 0000011|0001000|01110011111111110|00001011|0011101010|000001011  0x018873FF059D40B
0x03 0000011|0001001|01111111111000000|11111000|0101100110|111110111  0x01897FE07C2CDF7
0x04 0000011|0001010|01110101100010000|01101011|0100001011|001000000  0x018A758835A1640
BX = 010 Event : 27
0x00 0000011|0000011|01000111111111000|00001111|0000011101|000000100  0x018347FC0783A04
0x01 0000011|0000101|01011011010001010|10110111|0010001111|111001001  0x01855B455B91FC9
0x02 0000011|0001000|01110001010101100|00011000|0100100001|000010000  0x018871560C24210
BX = 011 Event : 28
BX = 100 Event : 29
0x00 0000011|0000000|01000111010011100|00001111|0000101101|000000011  0x0180474E0785A03
0x01 0000011|0000001|01011110110111100|00001100|0010001111|000000001  0x01815EDE0611E01
0x02 0000011|0000010|01011110110111100|00110011|0010001111|000100101  0x01825EDE1991E25
0x03 0000011|0000011|01010011010111000|10110011|0000101010|111001010  0x0183535C59855CA
0x04 0000011|0000100|01010011000101010|10110100|0000101000|111001011  0x018453155A051CB
0x05 0000011|0000110|01101011011000100|00000010|0011010011|000000001  0x01866B62011A601
0x06 0000011|0000111|01110101111110110|00100111|0100101011|000011010  0x018775FB13A561A
0x07 0000011|0001000|01101000001001000|01010101|0010100001|001000000  0x018868242A94240
0x08 0000011|0001001|01100110101110010|00011000|0010010110|000001000  0x018966B90C12C08
BX = 101 Event : 30
0x00 0000011|0000000|01000000110111010|00100010|1111110101|000011101  0x018040DD117EA1D
0x01 0000011|0000001|01000001010010000|00010010|1111111001|000001010  0x01814148097F20A
0x02 0000011|0000010|01010100010110100|00011111|0010001000|000010110  0x0182545A0F91016
0x03 0000011|0000011|01000001111100000|00000001|0000000000|111110110  0x018341F000801F6
0x04 0000011|0000100|01101011101001100|01111000|0100101100|001010110  0x01846BA63C25856
0x05 0000011|0000101|01100110011000010|01111001|0011111011|001011000  0x018566613C9F658
0x06 0000011|0000111|01000000111000000|00000010|1101110100|000001000  0x018740E0016E808
0x07 0000011|0001000|01000100111000100|11000000|1110010010|111001010  0x018844E260725CA
0x08 0000011|0001001|01010010001000110|11110110|1111110101|111111101  0x018952237B7EBFD
0x09 0000011|0001010|01010001010100100|11111000|1111101111|111111111  0x018A51527C7DFFF
0x0a 0000011|0001011|01001000000011110|11111101|1110101010|000000100  0x018B480F7EF5404
BX = 110 Event : 31
0x00 0000011|0000001|01101010110110000|11001100|0100010010|111010110  0x01816AD866225D6
0x01 0000011|0000010|01011000001000010|11100110|0010000111|111101110  0x018258217310FEE
0x02 0000011|0000011|01101100100011010|11010010|0101000100|111010111  0x01836C8D69289D7
0x03 0000011|0000100|01011110011010000|10011001|0011010101|110110111  0x01845E684C9ABB7
0x04 0000011|0000101|01101011001011010|10001100|0101001101|110101000  0x01856B2D4629BA8
0x05 0000011|0001000|01010000000110100|11010100|0000011010|111100000  0x0188501A6A035E0
0x06 0000011|0001001|01010000110100000|11011001|0000100000|111100100  0x018950D06C841E4
0x07 0000011|0001010|01001111011000110|11011001|0000010101|111100100  0x018A4F636C82BE4
0x08 0000011|0001011|01001010110001100|11100000|1111110010|111101011  0x018B4AC6707E5EB
0x09 0000011|0001100|01001011100000110|11010000|1111101111|111011100  0x018C4B83687DFDC
0x0a 0000011|0001101|01001100001110100|11010101|1111110101|111100000  0x018D4C3A6AFEBE0
0x0b 0000011|0001110|01001010110011000|11010101|1111101010|111100000  0x018E4ACC6AFD5E0
0x0c 0000011|0001111|01000110001010010|11011101|1111000111|111101000  0x018F46296EF8FE8
0x0d 0000011|0010000|01110101011011100|11011011|0100110001|111100111  0x0190756E6DA63E7
0x0e 0000011|0010001|01110001001010000|11100001|0100010001|111101101  0x0191712870A23ED
0x0f 0000011|0010010|01110010101100110|11011011|0100011101|111100110  0x019272B36DA3BE6
0x10 0000011|0010011|01000010101101010|11010011|1110011101|111011111  0x019342B569F3BDF
0x11 0000011|0010100|01000001111111100|11011000|1110010111|111100011  0x019441FE6C72FE3
0x12 0000011|0010110|01001110001001010|11100001|1111110011|111101100  0x01964E2570FE7EC
0x13 0000011|0011010|01000011111100000|11011110|1110010011|111101001  0x019A43F06F727E9
0x14 0000011|0011101|01110000110000010|11010110|0011110110|111100001  0x019D70C16B1EDE1
0x15 0000011|0011110|01100111111000010|11011010|0010110100|111100110  0x019E67E16D169E6
0x16 0000011|0011111|01100011101010100|11100001|0010010101|111101100  0x019F63AA7092BEC
0x17 0000011|0100000|01100111111010110|11011010|0010110101|111100101  0x01A067EB6D16BE5
0x18 0000011|0100001|01101101101010010|11101000|0011011111|111110011  0x01A16DA9741BFF3
0x19 0000011|0100010|01100110100010110|11010011|0010011000|111011110  0x01A2668B69931DE
0x1a 0000011|0100011|01011101101100000|11010111|0001010101|111100010  0x01A35DB06B8ABE2
0x1b 0000011|0100100|01011001100000010|11011110|0000110110|111101000  0x01A459816F06DE8
0x1c 0000011|0100101|01011111110011000|11011000|0001100101|111100010  0x01A55FCC6C0CBE2
0x1d 0000011|0100110|01100101100000000|11100110|0010010000|111110000  0x01A6658073121F0
0x1e 0000011|0100111|01000000110111010|11011101|1101001111|111100111  0x01A740DD6EE9FE7
BX = 111 Event : 32
0x00 0000011|0000000|01001100110000010|11111110|0000110110|111110111  0x01804CC17F06DF7
0x01 0000011|0000001|01001011101010100|00000001|0000101110|111111011  0x01814BAA0085DFB
0x02 0000011|0000010|01001100100110100|00000111|0000110101|000000000  0x01824C9A0386A00
0x03 0000011|0001011|01101011101101110|11000010|0011101111|111100000  0x018B6BB7611DFE0
0x04 0000011|0001100|01101100000001100|11000010|0011110010|111011111  0x018C6C06611E5DF
0x05 0000011|0010000|01010011100010110|11111111|1111100110|000000100  0x0190538B7FFCC04
0x06 0000011|0010001|01000100100111110|01001011|1101100000|000111100  0x0191449F25EC03C
0x07 0000011|0010100|01100101001101010|11110101|0001101010|111111010  0x019465357A8D5FA
0x08 0000011|0010101|01100101111000100|11110100|0001101111|111111001  0x019565E27A0DFF9
BX = 000 Event : 33
0x00 0000011|0000000|01010100110100000|10101100|0001111100|111000000  0x018054D0560F9C0
0x01 0000011|0000001|01001110110011010|11000001|0001001111|111010011  0x01814ECD6089FD3
0x02 0000011|0000010|01011100101010000|10101010|0011001011|110111101  0x01825CA855197BD
0x03 0000011|0000011|01010110101100000|10111110|0010011110|111010000  0x018356B05F13DD0
0x04 0000011|0000111|01110011011011110|00011101|0101010011|000010100  0x0187736F0EAA614
0x05 0000011|0001010|01100110100011010|11111100|0010110010|111111101  0x018A668D7E165FD
0x06 0000011|0001011|01011111111101100|00001011|0010000001|000001100  0x018B5FF6059020C
0x07 0000011|0001100|01110000100111000|00000011|0011111101|000000100  0x018C709C019FA04
0x08 0000011|0001101|01011011001100110|00100011|0001100001|000011110  0x018D5B33118C21E
0x09 0000011|0001110|01010001010001000|00101111|0000010111|000101001  0x018E51441782E29
0x0a 0000011|0001111|01100100110111100|11101111|0010101111|111101010  0x018F64DE7795FEA
0x0b 0000011|0010000|01011110001101110|00010111|0001111110|000010000  0x01905E370B8FC10
0x0c 0000011|0010001|01010100011001100|00100011|0000110101|000011011  0x019154661186A1B
0x0d 0000011|0010010|01100111001111000|00110110|0011000001|000101101  0x0192673C1B1822D
0x0e 0000011|0010011|01110100001110100|11101100|0100100000|111101000  0x0193743A76241E8
0x0f 0000011|0010101|01011010000110010|11101000|0000111101|111100101  0x01955A197407BE5
0x10 0000011|0010110|01010011101010010|11110110|0000001101|111110011  0x019653A97B01BF3
0x11 0000011|0010111|01001101000010100|00011110|1111011011|000011000  0x01974D0A0F7B618
0x12 0000011|0011000|01010101010100110|00111101|0000011001|000110101  0x019855531E83235
0x13 0000011|0011001|01101010001001110|01010010|0010111010|000110100  0x01996A272917434
0x14 0000011|0011100|01101110100100010|01100011|0011011100|001000100  0x019C6E91319B844
BX = 001 Event : 34
0x00 0000011|0000001|01000100101000010|00111101|0000011001|000100010  0x018144A11E83222
0x01 0000011|0000010|01001110110100010|01110101|0001100111|001011001  0x01824ED13A8CE59
0x02 0000011|0000011|01001001101001110|01010100|0000110100|000110000  0x018349A72A06830
0x03 0000011|0001001|01100001011101110|11001011|0001101000|111010101  0x01896177658D1D5
0x04 0000011|0001010|01100001011101110|11001100|0001101000|111010110  0x018A6177660D1D6
BX = 010 Event : 35
0x00 0000011|0000000|01001011011010000|11100111|0001010001|111111001  0x01804B68738A3F9
0x01 0000011|0000010|01000100100101100|00001101|1111000011|000001011  0x0182449606F860B
0x02 0000011|0000101|01111001110101010|11111000|0101011111|000000010  0x018579D57C2BE02
0x03 0000011|0001010|01100100100101110|11111001|0010010000|000000100  0x018A64977C92004
0x04 0000011|0001011|01100000011101100|11111010|0001110001|000000100  0x018B60767D0E204
0x05 0000011|0001100|01100100100101110|11111010|0010010000|000000100  0x018C64977D12004
0x06 0000011|0001101|01000100000001000|11011100|1101100011|111100001  0x018D44046E6C7E1
0x07 0000011|0001110|01000110101101110|11010100|1101111101|111011000  0x018E46B76A6FBD8
BX = 011 Event : 36
0x00 0000011|0000000|01000110011100010|11101010|0000001111|111110100  0x018046717501FF4
0x01 0000011|0000001|01000101111001110|11101010|0000001011|111110100  0x018145E775017F4
0x02 0000011|0000010|01110001010001000|11000001|0101100111|111001011  0x0182714460ACFCB
0x03 0000011|0000011|01101111000100110|00000100|0101010111|000001000  0x01836F13022AE08
0x04 0000011|0000100|01011011010100110|00101111|0010101100|000010110  0x01845B531795816
0x05 0000011|0000101|01011100001011110|00110011|0010110011|000011010  0x01855C2F199661A
0x06 0000011|0000110|01011011111001000|00110010|0010110000|000011001  0x01865BE41916019
0x07 0000011|0001000|01011110000111110|11001101|0010101101|111011010  0x01885E1F6695BDA
0x08 0000011|0001001|01011000011001110|11010100|0010000010|111100001  0x018958676A105E1
0x09 0000011|0001010|01001100001011000|00111010|0000011000|000100100  0x018A4C2C1D03024
0x0a 0000011|0001011|01001100001110110|01000000|0000011000|000101001  0x018B4C3B2003029
0x0b 0000011|0001100|01110001111001010|11001111|0100111111|111011100  0x018C71E567A7FDC
0x0c 0000011|0010101|01010011001010110|00011100|1111100111|000011001  0x0195532B0E7CE19
0x0d 0000011|0010110|01001111010000100|00011000|1111000010|000010101  0x01964F420C78415
0x0e 0000011|0010111|01011010000000000|00001110|0000101000|000001001  0x01975A000705009
0x0f 0000011|0011000|01100001110010100|00000001|0001110001|111111001  0x019861CA008E3F9
0x10 0000011|0011001|01011000111110110|11101100|0000010011|111101100  0x019958FB76027EC
0x11 0000011|0011010|01100011111101010|11011101|0001011110|111011101  0x019A63F56E8BDDD
0x12 0000011|0011011|01111011111011010|00011111|0100110011|000010110  0x019B7BED0FA6616
0x13 0000011|0011100|01111100000001110|00011111|0100110011|000010101  0x019C7C070FA6615
BX = 100 Event : 37
0x00 0000011|0000000|01010101011011100|00110111|0010100110|000100000  0x0180556E1B94C20
0x01 0000011|0000010|01011101011110100|01000101|0010011100|000110100  0x01825D7A2293834
0x02 0000011|0000011|01011101011110100|01000101|0010011100|000110011  0x01835D7A2293833
0x03 0000011|0000100|01000001001010000|01001001|1110011111|000101010  0x0184412824F3E2A
0x04 0000011|0000111|01000010110101000|00100010|1101011101|000100000  0x018742D4116BA20
0x05 0000011|0001000|01100010000010100|01001000|0001100111|000111101  0x0188620A240CE3D
0x06 0000011|0001010|01000111000011000|10101111|1110011011|111010001  0x018A470C57F37D1
0x07 0000011|0001011|01001000100111010|10110010|1110100111|111010011  0x018B489D5974FD3
0x08 0000011|0001100|01100100011111110|10100000|0001011100|110110100  0x018C647F500B9B4
0x09 0000011|0001101|01101001001111100|10100000|0010001100|110110100  0x018D693E50119B4
0x0a 0000011|0001110|01101100000101110|00110101|0010110011|000101011  0x018E6C171A9662B
0x0b 0000011|0001111|01101100011001010|00111000|0010110101|000101110  0x018F6C651C16A2E
BX = 101 Event : 38
0x00 0000011|0000000|01001110111110100|11100110|0001101011|111101000  0x01804EFA730D7E8
0x01 0000011|0000001|01011111101100110|00100101|0011101000|000100010  0x01815FB3129D022
0x02 0000011|0000010|01100010110110010|00000100|0100000101|111111011  0x018262D90220BFB
0x03 0000011|0000011|01000110001001100|00001100|0000101111|000000011  0x018346260605E03
0x04 0000011|0000101|01101001010010000|11111110|0100101111|111111110  0x018569487F25FFE
0x05 0000011|0000111|01000011100000110|00000010|1111000010|000000000  0x018743830178400
0x06 0000011|0001000|01110111000010000|00010000|0101000000|000001101  0x01887708082800D
0x07 0000011|0001001|01110111000000010|00010001|0100111111|000001101  0x0189770108A7E0D
0x08 0000011|0001010|01000100110010110|00110001|1110010100|000100011  0x018A44CB18F2823
0x09 0000011|0001011|01100011010100010|01000110|0001111010|000110111  0x018B6351230F437
BX = 110 Event : 39
BX = 111 Event : 40
0x00 0000011|0000000|01001001110111010|01000010|0000100010|000110110  0x018049DD2104436
0x01 0000011|0000101|01110100010010110|10011011|0101011101|110110001  0x0185744B4DABBB1
0x02 0000011|0000111|01011001101001010|01100001|0001110011|001000011  0x018759A5308E643
0x03 0000011|0001010|01000000000100110|11100010|1101110001|111101110  0x018A4013716E3EE
0x04 0000011|0001011|01001001000011110|11100111|1110110101|111110010  0x018B490F73F6BF2
0x05 0000011|0001100|01001010101110100|11101000|1111000001|111110011  0x018C4ABA74783F3
0x06 0000011|0001101|01011101101110010|11100111|0001010000|111110010  0x018D5DB9738A1F2
0x07 0000011|0001110|01011111001011100|01100101|0001101101|001000010  0x018E5F2E328DA42
0x08 0000011|0010000|01000011101100100|10010001|1110000011|110111011  0x019043B248F07BB
0x09 0000011|0010001|01101010101100010|11110011|0010110010|111111110  0x01916AB179965FE
0x0a 0000011|0010010|01111111110011010|11110010|0101001101|111111101  0x01927FCD7929BFD
BX = 000 Event : 41
0x00 0000011|0000000|01001110000100110|10011111|0001011101|110111111  0x01804E134F8BBBF
0x01 0000011|0000001|01000100101011010|10010001|1111111110|110101101  0x018144AD48FFDAD
0x02 0000011|0000010|01011000010001100|00000011|0010010000|111111111  0x0182584601921FF
0x03 0000011|0000110|01000111111101010|10100000|1110011010|110111011  0x018647F550735BB
0x04 0000011|0000111|01000010011111000|10101100|1101110000|111000111  0x0187427C566E1C7
0x05 0000011|0001000|01001000011001000|10101110|1110011110|111001001  0x018848645773DC9
BX = 001 Event : 42
0x00 0000011|0000010|01101011101101100|01101111|0011001111|001010100  0x01826BB63799E54
0x01 0000011|0000011|01100010110110110|01110000|0001111001|001010101  0x018362DB380F255
0x02 0000011|0000101|01011110000000100|10001111|0001100111|110110110  0x01855E02478CFB6
BX = 010 Event : 43
BX = 011 Event : 44
0x00 0000011|0000010|01011000011001010|00111101|0010000101|000101000  0x018258651E90A28
0x01 0000011|0000011|01100101010000000|01100101|0011111001|001001000  0x01836540329F248
0x02 0000011|0000101|01010010000100000|10011111|0000111101|111000011  0x018552104F87BC3
0x03 0000011|0001000|01100010000110000|10110101|0001101101|111000001  0x018862185A8DBC1
0x04 0000011|0001001|01100000011011100|11010100|0001100000|111011110  0x0189606E6A0C1DE
0x05 0000011|0001010|01010111110011000|00001110|1111111000|000001000  0x018A57CC077F008
0x06 0000011|0001011|01011001101101010|00011000|0000000111|000010010  0x018B59B50C00E12
0x07 0000011|0001100|01011101010111100|00100001|0000100010|000011010  0x018C5D5E108441A
0x08 0000011|0001101|01100000001001110|00110000|0000110111|000101001  0x018D60271806E29
BX = 100 Event : 45
0x00 0000011|0000000|01011000101001100|11110000|0010100111|111110011  0x018058A67814FF3
0x01 0000011|0000100|01000001011001100|00100000|1101010110|000001111  0x01844166106AC0F
0x02 0000011|0000110|01111001001011010|10110111|0100101001|111000101  0x0186792D5BA53C5
0x03 0000011|0000111|01111011100111100|10111100|0100111011|111001010  0x01877B9E5E277CA
BX = 101 Event : 46
0x00 0000011|0000001|01110010001110000|00011011|0101011110|000010011  0x018172380DABC13
0x01 0000011|0000101|01011011001010000|00011110|0010001010|000010111  0x01855B280F11417
0x02 0000011|0000110|01111001110100110|00011100|0101101000|000010111  0x018679D30E2D017
0x03 0000011|0000111|01101111111101000|01010110|0100110011|001000100  0x01876FF42B26644
0x04 0000011|0001011|01010101001101000|11111110|0000011111|000001001  0x018B55347F03E09
0x05 0000011|0001100|01101010101001000|00000000|0010111100|111111100  0x018C6AA400179FC
0x06 0000011|0001101|01011001101100000|11110001|0000011110|111101100  0x018D59B07883DEC
0x07 0000011|0001110|01001011011111100|00001110|1110110100|000000111  0x018E4B7E0776807
0x08 0000011|0001111|01011111010111010|00110100|0001011111|000100101  0x018F5F5D1A0BE25
0x09 0000011|0010000|01101111001110100|01001111|0011010101|000111110  0x01906F3A279AA3E
0x0a 0000011|0010001|01111100100110100|00100010|0100110110|000010100  0x01917C9A1126C14
0x0b 0000011|0010010|01110110100000010|00010101|0011111100|000000100  0x019276810A9F804
BX = 110 Event : 47
0x00 0000011|0000000|01001010111100010|00000100|0000110010|000001001  0x01804AF10206409
0x01 0000011|0000001|01010101101001110|00001011|0010000010|000010000  0x018155A70590410
0x02 0000011|0000010|01010100110100000|00001010|0001111100|000001111  0x018254D0050F80F
0x03 0000011|0000011|01000110010011100|01000111|0000110000|000101000  0x0183464E2386028
0x04 0000011|0001100|01100011101011110|11111101|0010110110|111110110  0x018C63AF7E96DF6
0x05 0000011|0001110|01110011011100010|00010001|0011110111|000000011  0x018E7371089EE03
BX = 111 Event : 48
BX = 000 Event : 49
0x00 0000011|0000000|01001110011111010|00111101|0001100101|000101110  0x01804E7D1E8CA2E
0x01 0000011|0000111|01010111001100010|10010111|0010000101|110101101  0x018757314B90BAD
0x02 0000011|0001000|01100010110111100|10111011|0011011001|111001110  0x018862DE5D9B3CE
0x03 0000011|0010010|01001000001100110|10110001|1111010001|111000010  0x0192483358FA3C2
0x04 0000011|0010011|01010100110000110|10110000|0001001110|111000000  0x019354C35809DC0
0x05 0000011|0010100|01010100111001110|10110000|0001001111|111000000  0x019454E75809FC0
0x06 0000011|0010101|01010100011000100|10101111|0001001010|110111111  0x0195546257895BF
0x07 0000011|0010110|01000111110001010|10110000|1111001100|111000000  0x019647C558799C0
0x08 0000011|0011001|01001010101100000|11001110|1111101001|111100110  0x01994AB0677D3E6
0x09 0000011|0011010|01001000111111110|11001100|1111011001|111100011  0x019A48FF667B3E3
0x0a 0000011|0011011|01001000100011010|11000100|1111010100|111011001  0x019B488D627A9D9
0x0b 0000011|0011100|01000011010101110|10111111|1110100000|111010011  0x019C43575FF41D3
0x0c 0000011|0011101|01011101100000110|10110101|0001110000|111000101  0x019D5D835A8E1C5
0x0d 0000011|0011110|01011111011010000|10100010|0001111110|110110011  0x019E5F68510FDB3
0x0e 0000011|0011111|01100001100001110|10100010|0010001110|110110100  0x019F61875111DB4
0x0f 0000011|0100000|01011101001010100|10111010|0001101101|111001010  0x01A05D2A5D0DBCA
0x10 0000011|0100001|01110001001010110|11111100|0100000001|000001000  0x01A1712B7E20208
0x11 0000011|0100010|01101101100000110|10110001|0100000100|111000001  0x01A26D8358A09C1
0x12 0000011|0100011|01100011110000110|10110111|0010111100|111000110  0x01A363C35B979C6
0x13 0000011|0100100|01101000100000000|10110111|0011011111|111000111  0x01A468805B9BFC7
0x14 0000011|0100101|01011101100101000|10110010|0001110001|111000010  0x01A55D94590E3C2
0x15 0000011|0100110|01011101001101010|10111000|0001101110|111001000  0x01A65D355C0DDC8
0x16 0000011|0100111|01110001101010110|11111100|0100000110|000000111  0x01A771AB7E20C07
0x17 0000011|0101000|01110111011100110|11100000|0100111110|111100110  0x01A877737027DE6
0x18 0000011|0101001|01101010111011010|10111101|0011100000|111010111  0x01A96AED5E9C1D7
0x19 0000011|0101010|01101011100111010|10111100|0011100110|111010110  0x01AA6B9D5E1CDD6
0x1a 0000011|0101011|01100011111100010|11000001|0010101100|111011010  0x01AB63F160959DA
0x1b 0000011|0101100|01100111011011100|11001000|0011000110|111100010  0x01AC676E6418DE2
0x1c 0000011|0101101|01100011011000110|11010101|0010101100|111101101  0x01AD63636A959ED
0x1d 0000011|0101110|01101101111001000|10110001|0011111101|111001001  0x01AE6DE4589FBC9
0x1e 0000011|0101111|01100101010111010|10110111|0010111010|111001110  0x01AF655D5B975CE
0x1f 0000011|0110000|01101001101000110|10111101|0011011011|111010100  0x01B069A35E9B7D4
0x20 0000011|0110001|01100010011100110|11010011|0010100011|111101010  0x01B1627369947EA
0x21 0000011|0110010|01100001011000000|11001110|0010010100|111100011  0x01B2616067129E3
0x22 0000011|0110011|01010110000111000|11010101|0000111101|111101001  0x01B3561C6A87BE9
0x23 0000011|0110100|01011111101111110|11001100|0010001000|111100000  0x01B45FBF66111E0
0x24 0000011|0110101|01100110001010010|10100111|0010110001|110111011  0x01B5662953963BB
0x25 0000011|0110110|01011011110001010|11001001|0001100000|111011100  0x01B65BC5648C1DC
0x26 0000011|0110111|01011110100000110|10101101|0001110101|111000001  0x01B75E83568EBC1
0x27 0000011|0111000|01100000110101010|10101111|0010000111|111000100  0x01B860D55790FC4
0x28 0000011|0111001|01011011111101000|11001000|0001100001|111011100  0x01B95BF4640C3DC
0x29 0000011|0111101|01010000101111100|01000000|1111101111|000101110  0x01BD50BE207DE2E
0x2a 0000011|0111110|01100011000101000|10110101|0010010010|111001110  0x01BE63145A925CE
0x2b 0000011|0111111|01011011011011000|10111011|0001010110|111010011  0x01BF5B6C5D8ADD3
0x2c 0000011|1000000|01011101000010100|11000001|0001100011|111011001  0x01C05D0A608C7D9
0x2d 0000011|1000001|01011000111001000|11010110|0001000010|111101110  0x01C158E46B085EE
0x2e 0000011|1000101|01110111011110010|10111011|0100000000|111011001  0x01C577795DA01D9
BX = 001 Event : 50
0x00 0000011|0000001|01010101110011110|11101001|0010001001|111110101  0x018155CF74913F5
BX = 010 Event : 51
0x00 0000011|0000010|01000100101000110|00001010|1101101100|000000011  0x018244A3056D803
BX = 011 Event : 52
0x00 0000011|0000000|01010100010100110|00101110|0010100010|000100001  0x018054531714421
0x01 0000011|0000001|01001110011100010|01001000|0001110110|000111001  0x01814E71240EC39
0x02 0000011|0000010|01010010110000100|00101001|0010010011|000011011  0x018252C2149261B
0x03 0000011|0000011|01001100111110010|01000010|0001101000|000110010  0x01834CF9210D032
0x04 0000011|0000100|01010000100010010|00011111|0001111110|000010000  0x018450890F8FC10
0x05 0000011|0000101|01001010101010010|00110111|0001010010|000100110  0x01854AA91B8A426
0x06 0000011|0000110|01011010110100010|11100111|0001110101|111101110  0x01865AD1738EBEE
0x07 0000011|0000111|01011101100000000|00001100|0010001001|000010001  0x01875D800611211
0x08 0000011|0001000|01011110100011000|00001100|0010010001|000010001  0x01885E8C0612211
0x09 0000011|0001001|01100101101101000|11010110|0011011011|111011010  0x018965B46B1B7DA
0x0a 0000011|0001010|01101000011111100|11111100|0011110000|111111101  0x018A687E7E1E1FD
0x0b 0000011|0001011|01101001100101010|11111100|0011111000|111111101  0x018B69957E1F1FD
0x0c 0000011|0001100|01001011001001000|10111010|1111110001|111010000  0x018C4B245D7E3D0
0x0d 0000011|0010001|01100111100000110|01001100|0010001100|000111011  0x01916783261183B
0x0e 0000011|0010010|01011101101100000|01100111|0001100101|000111101  0x01925DB0338CA3D
BX = 100 Event : 53
0x00 0000011|0000000|01001101110111000|01100100|0001100011|001001100  0x01804DDC320C64C
0x01 0000011|0000001|01010000100111010|01011011|0001111111|001000010  0x0181509D2D8FE42
0x02 0000011|0000110|01000101110000110|11010100|1111101000|111011101  0x018645C36A7D1DD
0x03 0000011|0000111|01010100001010100|11111101|0001010100|000000011  0x0187542A7E8A803
0x04 0000011|0001010|01001001010011010|11001101|1111101001|111011011  0x018A494D66FD3DB
0x05 0000011|0001011|01001100110111110|11011101|0000010000|111011110  0x018B4CDF6E821DE
0x06 0000011|0001100|01011110010001100|00110111|0010010111|000101000  0x018C5E461B92E28
0x07 0000011|0001101|01000100000011010|00111111|1111010011|000110000  0x018D440D1FFA630
0x08 0000011|0001111|01100110111101000|00101111|0011101000|000011110  0x018F66F4179D01E
0x09 0000011|0010001|01001111101011000|01001100|0000011111|000101110  0x01914FAC2603E2E
0x0a 0000011|0010010|01010001001010000|01100010|0000101010|001000100  0x019251283105444
0x0b 0000011|0010101|01000011100101010|10010111|1110110001|111000000  0x019543954BF63C0
0x0c 0000011|0010110|01100111100100000|01101011|0011011001|001001100  0x01966790359B24C
BX = 101 Event : 54
BX = 110 Event : 55
0x00 0000011|0000001|01000111101001010|11001110|0000110000|111011010  0x018147A567061DA
0x01 0000011|0000100|01001010111111000|00100001|0000100100|000010001  0x01844AFC1084811
0x02 0000011|0001001|01110010010100100|11110101|0011101000|111111000  0x018972527A9D1F8
BX = 111 Event : 56
0x00 0000011|0000011|01101011011000000|10000100|0101001000|110100100  0x01836B6042291A4
0x01 0000011|0000101|01011110001011000|11010110|0010101011|111101110  0x01855E2C6B157EE
0x02 0000011|0000110|01110110101001110|10100010|0101001100|110111010  0x018676A751299BA
0x03 0000011|0001000|01101100100111110|10011101|0011011011|110110011  0x01886C9F4E9B7B3
0x04 0000011|0001010|01101110001011000|10110111|0011101011|111010100  0x018A6E2C5B9D7D4
0x05 0000011|0001011|01100101001000000|11110010|0001011011|111111110  0x018B6520790B7FE
0x06 0000011|0001100|01100110011111000|11110001|0001101000|111111101  0x018C667C788D1FD
BX = 000 Event : 57
0x00 0000011|0000000|01100111011100110|01100100|0100110010|000111010  0x01806773322643A
0x01 0000011|0000001|01101010100111110|00011111|0101000001|000011110  0x01816A9F0FA821E
0x02 0000011|0000010|01011000000011100|00010000|0010010111|000001101  0x0182580E0812E0D
0x03 0000011|0000011|01100011100011000|00001110|0100000001|000001011  0x0183638C072020B
0x04 0000011|0000111|01000111001000000|11111110|1111001101|000001001  0x018747207F79A09
0x05 0000011|0001000|01001101001110010|11100000|0000000110|111100110  0x01884D397000DE6
0x06 0000011|0001001|01010011010101110|11111011|0000110100|111111111  0x018953577D869FF
0x07 0000011|0001010|01111001100100010|10100001|0101011000|110110101  0x018A799150AB1B5
0x08 0000011|0001011|01100001110010100|11101001|0010100000|111101111  0x018B61CA74941EF
0x09 0000011|0001100|01111010101110110|00000011|0101010110|000000110  0x018C7ABB01AAC06
0x0a 0000011|0010111|01100110101111100|10100100|0010011100|110110111  0x019766BE52139B7
0x0b 0000011|0011001|01001110110101000|11100111|1111101101|111101100  0x01994ED473FDBEC
0x0c 0000011|0011011|01011010111010100|11111001|0000011111|111111010  0x019B5AEA7C83FFA
0x0d 0000011|0011101|01011010111010100|11111001|0000011111|111111010  0x019D5AEA7C83FFA
0x0e 0000011|0011110|01010100000111110|00001010|0000001101|000000111  0x019E541F0501A07
0x0f 0000011|0011111|01010100000111110|00000101|0000001101|000000001  0x019F541F0281A01
0x10 0000011|0100000|01000110011111110|00111111|1110010110|000100011  0x01A0467F1FF2C23
0x11 0000011|0100001|01000110111101000|01010101|1110000110|000110110  0x01A146F42AF0C36
0x12 0000011|0100011|01101101101010000|11001100|0011001111|111011101  0x01A36DA86619FDD
0x13 0000011|0100100|01111010011000110|11000000|0100101101|111010001  0x01A47A636025BD1
0x14 0000011|0100101|01110001110110010|11001011|0011101110|111011100  0x01A571D9659DDDC
0x15 0000011|0100110|01100011010110000|11101101|0001011110|111101111  0x01A66358768BDEF
0x16 0000011|0100111|01011110001101000|11110101|0000111000|111110110  0x01A75E347A871F6
0x17 0000011|0101000|01100011010110000|11101101|0001011110|111101110  0x01A86358768BDEE
0x18 0000011|0101001|01011110001101000|11110101|0000111000|111110110  0x01A95E347A871F6
BX = 001 Event : 58
0x00 0000011|0000010|01101110101110100|00100100|0100110110|000011010  0x01826EBA1226C1A
0x01 0000011|0001000|01001110001011110|00001010|0000001001|111111101  0x01884E2F05013FD
0x02 0000011|0001001|01110110101101100|10100011|0100100101|110110111  0x018976B651A4BB7
BX = 010 Event : 59
0x00 0000011|0000100|01001000010000100|00101010|0000000011|000100001  0x018448421500621
0x01 0000011|0000110|01000110001100000|00110101|1111110011|000101011  0x018646301AFE62B
0x02 0000011|0000111|01001111110011100|00100101|0001101111|000011011  0x01874FCE128DE1B
0x03 0000011|0001000|01010000100010000|00101000|0001110101|000011110  0x01885088140EA1E
0x04 0000011|0001001|01001001110110000|00101011|0001000010|000100001  0x018949D81588421
0x05 0000011|0001011|01001001010000000|00100010|0000110010|000011000  0x018B49401106418
0x06 0000011|0001100|01001001111110010|00100110|0000110111|000011011  0x018C49F91306E1B
0x07 0000011|0001101|01000011010011010|00101000|0000000101|000011110  0x018D434D1400A1E
0x08 0000011|0001110|01011011101100010|00101111|0010111100|000100100  0x018E5BB11797824
0x09 0000011|0010000|01000101111011110|00100001|0000010011|000010111  0x019045EF1082617
0x0a 0000011|0010001|01000110101010000|00100100|0000011000|000011010  0x019146A8120301A
0x0b 0000011|0010010|01000000000000110|00100111|1111100110|000011100  0x0192400313FCC1C
0x0c 0000011|0010011|01011000010011000|00101110|0010011101|000100011  0x0193584C1713A23
0x0d 0000011|0010100|01001100100011100|00100000|0001010001|000010101  0x01944C8E100A215
0x0e 0000011|0010101|01001101010010000|00100011|0001010110|000011000  0x01954D48118AC18
0x0f 0000011|0010110|01000110100110110|00100101|0000100100|000011011  0x0196469B128481B
0x10 0000011|0010111|01001010001010000|00011001|0000111010|000001101  0x01974A280C8740D
0x11 0000011|0011000|01001010111000100|00011100|0001000000|000010000  0x01984AE20E08010
0x12 0000011|0011001|01000100001101010|00011110|0000001101|000010010  0x019944350F01A12
0x13 0000011|0100011|01000010001100000|00010000|1111001010|000000010  0x01A342300879402
0x14 0000011|0100100|01000000001011000|00011010|1110111011|000001100  0x01A4402C0D7760C
0x15 0000011|0100101|01001011101011100|00101010|0000000011|000011111  0x01A54BAE150061F
0x16 0000011|0100110|01000011001001100|00101101|1111000010|000100011  0x01A6432616F8423
0x17 0000011|0100111|01000010000001100|00011110|1110101000|000010001  0x01A742060F75011
0x18 0000011|0101001|01010101111100000|01001101|0001011110|000111011  0x01A955F0268BC3B
0x19 0000011|0101010|01100101111100110|01010010|0011110010|001000001  0x01AA65F3291E441
0x1a 0000011|0101011|01100010010010000|00110101|0011010001|000100000  0x01AB62481A9A220
BX = 011 Event : 60
0x00 0000011|0000000|01001000011011100|11010100|0000110111|111011110  0x0180486E6A06FDE
0x01 0000011|0000101|01110000111001000|11010010|0101100011|111011101  0x018570E4692C7DD
0x02 0000011|0001000|01000011100110100|00100111|1110101100|000011110  0x0188439A13F581E
0x03 0000011|0001101|01100111001000000|10110010|0010001110|110111111  0x018D67205911DBF
0x04 0000011|0001110|01110000000110100|11111011|0011010001|000000011  0x018E701A7D9A203
0x05 0000011|0001111|01101110101101110|10111000|0011000110|111000100  0x018F6EB75C18DC4
0x06 0000011|0010000|01110111110011110|11101110|0100001010|111111000  0x019077CF77215F8
0x07 0000011|0010001|01111110110101110|11100101|0101011001|111101010  0x01917ED772AB3EA
0x08 0000011|0010010|01110100110101010|00011000|0100010000|000011001  0x019274D50C22019
0x09 0000011|0010011|01011100000010000|00001000|0000011110|000000110  0x01935C080403C06
BX = 100 Event : 61
0x00 0000011|0000001|01101111011011000|00110100|0101011110|000101011  0x01816F6C1A2BC2B
0x01 0000011|0000010|01101101000000110|00100111|0101001000|000011100  0x01826D0313A901C
0x02 0000011|0000011|01101011101000100|00011100|0100111100|000001111  0x01836BA20E2780F
0x03 0000011|0000100|01101101111111010|01011011|0100111101|001000010  0x01846DFD2DA7A42
0x04 0000011|0000101|01100010011111110|11100010|0011011100|111110011  0x0185627F711B9F3
0x05 0000011|0000111|01011110000100000|01100000|0010100110|001001001  0x01875E103014C49
0x06 0000011|0001100|01110100010011010|11101111|0100011101|111101110  0x018C744D77A3BEE
0x07 0000011|0001101|01110001000011100|11110010|0100000110|111110001  0x018D710E7920DF1
0x08 0000011|0001110|01110000111001110|11110011|0100000101|111110010  0x018E70E779A0BF2
0x09 0000011|0010101|01010111110000100|11101001|0000010001|111111000  0x019557C274823F8
0x0a 0000011|0010110|01011100010010110|11010110|0000110011|111100101  0x01965C4B6B067E5
0x0b 0000011|0010111|01010010110110100|11000000|1111011111|111001101  0x019752DA607BFCD
0x0c 0000011|0011000|01010000111001010|11011001|1111010000|111100101  0x019850E56CFA1E5
0x0d 0000011|0011001|01010000010110000|11011010|1111001100|111100110  0x019950586D799E6
0x0e 0000011|0011010|01000110110100010|11100010|1110000100|111101101  0x019A46D171709ED
0x0f 0000011|0011011|01010111000111110|11001001|1111111111|111010110  0x019B571F64FFFD6
0x10 0000011|0011100|01010101110001100|11111011|1111110101|000000101  0x019C55C67DFEA05
0x11 0000011|0011101|01110100000001110|11110111|0011100011|000000100  0x019D74077B9C604
0x12 0000011|0011110|01101110001011110|10110110|0011001100|111010101  0x019E6E2F5B199D5
0x13 0000011|0011111|01110001010011000|10110101|0011101011|111010100  0x019F714C5A9D7D4
0x14 0000011|0100000|01110101000011100|10101001|0100010001|111000101  0x01A0750E54A23C5
BX = 101 Event : 62
0x00 0000011|0000000|01101110010100110|01110100|0101010011|001011010  0x01806E533A2A65A
0x01 0000011|0000101|01100110001101110|11001000|0001111111|111100010  0x01856637640FFE2
BX = 110 Event : 63
BX = 111 Event : 64
0x00 0000011|0000000|01101011100001000|01110010|0100101101|001010000  0x01806B843925A50
0x01 0000011|0000001|01000111000111010|10111011|1111011110|111010010  0x0181471D5DFBDD2
0x02 0000011|0000010|01000111011000010|10111010|1111100000|111010000  0x018247615D7C1D0
0x03 0000011|0000110|01001001000011100|10100110|1110110001|110111010  0x0186490E53763BA
0x04 0000011|0000111|01100001010101000|11001110|0001100111|111100000  0x01876154670CFE0
0x05 0000011|0001000|01100001010101000|11001111|0001100111|111100001  0x01886154678CFE1
0x06 0000011|0001001|01000011100111000|11101101|1110001001|111111110  0x0189439C76F13FE
0x07 0000011|0001010|01010101001000100|11000011|0000101101|111001011  0x018A55226185BCB
0x08 0000011|0001011|01101100000100110|01000011|0011000101|000100100  0x018B6C132198A24
0x09 0000011|0001100|01000001011100100|10111011|1101100110|111010101  0x018C41725DECDD5
0x0a 0000011|0001101|01001101000110010|10101011|1111011010|111000001  0x018D4D1955FB5C1
BX = 000 Event : 65
0x00 0000011|0000011|01011111101010110|11011110|0010010110|111011110  0x01835FAB6F12DDE
0x01 0000011|0000110|01101100110010010|11111011|0010100100|111110011  0x01866CC97D949F3
0x02 0000011|0000111|01101101000001000|11111100|0010100110|111110100  0x01876D047E14DF4
0x03 0000011|0001000|01110111111001010|00011011|0100001011|000001100  0x018877E50DA160C
0x04 0000011|0001001|01111010110010110|00100010|0100100000|000010011  0x01897ACB1124013
0x05 0000011|0001010|01110000110100010|01111010|0011000000|001010000  0x018A70D13D18050
BX = 001 Event : 66
0x00 0000011|0000100|01111001010000110|11101000|0101100010|111100111  0x01847943742C5E7
0x01 0000011|0000101|01110101000111000|01011011|0101010000|001000100  0x0185751C2DAA044
0x02 0000011|0000110|01110101011011110|01011100|0101010010|001000101  0x0186756F2E2A445
0x03 0000011|0000111|01110100110000010|01011011|0101001100|001000011  0x018774C12DA9843
0x04 0000011|0001000|01110101001000000|01011100|0101001111|001000101  0x018875202E29E45
0x05 0000011|0001001|01100010100110110|10101000|0010011100|111000000  0x0189629B54139C0
0x06 0000011|0001010|01000101101011100|11001010|1101110010|111010111  0x018A45AE656E5D7
0x07 0000011|0001011|01010000001111000|11001000|1111010110|111010100  0x018B503C647ADD4
BX = 010 Event : 67
0x00 0000011|0000000|01000100110111010|11101010|1111101001|111110110  0x018044DD757D3F6
0x01 0000011|0000010|01110000010111110|00101000|0101001000|000011000  0x0182705F1429018
0x02 0000011|0000011|01110101011101010|01011011|0101001001|000111111  0x018375752DA923F
0x03 0000011|0000101|01100011010110100|01000000|0001111111|000110110  0x0185635A200FE36
0x04 0000011|0000110|01100001001101110|00111001|0001101010|000101101  0x018661371C8D42D
0x05 0000011|0000111|01011111011001010|00101001|0001011000|000011001  0x01875F65148B019
0x06 0000011|0001001|01010110101000010|11001101|0000001111|111011111  0x018956A16681FDF
0x07 0000011|0001010|01100101001101010|11110101|0001101010|111111010  0x018A65357A8D5FA
0x08 0000011|0001011|01100101111000100|11110100|0001101111|111111001  0x018B65E27A0DFF9
0x09 0000011|0001100|01100101100111110|11110110|0001101110|111111010  0x018C659F7B0DDFA
0x0a 0000011|0001101|01101001110010000|11011010|0010100110|111101101  0x018D69C86D14DED
BX = 011 Event : 68
0x00 0000011|0000010|01010100010100010|11011001|0010000010|111101101  0x018254516C905ED
0x01 0000011|0000011|01001011010000110|00000010|1111110101|111111100  0x01834B43017EBFC
0x02 0000011|0000111|01010001110110110|10000101|0001001100|110110001  0x018751DB42899B1
0x03 0000011|0001010|01011011111000100|01111001|0000100111|001011011  0x018A5BE23C84E5B
BX = 100 Event : 69
0x00 0000011|0000101|01001011101101110|00000111|0001001110|000000101  0x01854BB70389C05
0x01 0000011|0000110|01000100000101010|11010000|1111100011|111100001  0x01864415687C7E1
0x02 0000011|0000111|01011010111100100|11010111|0010001110|111101000  0x01875AF26B91DE8
0x03 0000011|0001101|01001001010101110|11010000|0000010100|111100001  0x018D495768029E1
0x04 0000011|0001110|01100000000110100|11010111|0010111110|111101000  0x018E601A6B97DE8
0x05 0000011|0001111|01000001001010000|11001001|1110011010|111010111  0x018F412864F35D7
0x06 0000011|0010000|01000001110100010|11110101|1110011010|111101110  0x019041D17AF35EE
0x07 0000011|0010001|01000111101100010|11111101|1111000110|111110110  0x019147B17EF8DF6
0x08 0000011|0010011|01000011111000100|00000100|1111000001|111111010  0x019343E202783FA
0x09 0000011|0010110|01101011100110110|00110011|0011010100|000101000  0x01966B9B199A828
0x0a 0000011|0010111|01010111110011100|01000101|0001000000|000111001  0x019757CE2288039
0x0b 0000011|0011000|01101011010101110|00110011|0011010010|000101000  0x01986B57199A428
0x0c 0000011|0011001|01101110001011100|00100101|0011101100|000011000  0x01996E2E129D818
0x0d 0000011|0011010|01011010001111100|00111000|0001010111|000101010  0x019A5A3E1C0AE2A
0x0e 0000011|0011011|01010111011111110|01000001|0001000010|000110011  0x019B577F2088433
0x0f 0000011|0011100|01101101010011100|00101000|0011100101|000011011  0x019C6D4E141CA1B
0x10 0000011|0100001|01011000100011100|00111111|0000100010|000110111  0x01A1588E1F84437
0x11 0000011|0100010|01011100101010100|00111101|0001000001|000110101  0x01A25CAA1E88235
0x12 0000011|0100011|01110011011000000|01100010|0100010001|001000011  0x01A373603122243
BX = 101 Event : 70
0x00 0000011|0000100|01110000010111010|10110010|0100010011|111010100  0x0184705D59227D4
0x01 0000011|0000101|01111101000010010|01101011|0101100010|001001011  0x01857D0935AC44B
0x02 0000011|0000111|01000000110110000|11001100|1101101101|111100010  0x018740D8666DBE2
0x03 0000011|0001011|01011001100100000|10010011|0000100101|110110100  0x018B59904984BB4
0x04 0000011|0001100|01010000100111100|10110010|1111011110|111010011  0x018C509E597BDD3
0x05 0000011|0001101|01010000010110010|10110100|1111011100|111010101  0x018D50595A7B9D5
0x06 0000011|0001110|01011001101000000|10010010|0000100110|110110011  0x018E59A04904DB3
0x07 0000011|0001111|01010000100011110|10110001|1111011101|111010010  0x018F508F58FBBD2
0x08 0000011|0010000|01010000010010100|10110011|1111011011|111010100  0x0190504A59FB7D4
0x09 0000011|0010001|01001001010001110|10001110|1110010110|110100111  0x019149474772DA7
0x0a 0000011|0010010|01001001001010010|10010001|1110010101|110101010  0x0192492948F2BAA
0x0b 0000011|0010011|01100110011001100|11010001|0010011010|111100111  0x0193666668935E7
0x0c 0000011|0010100|01101111011110000|11010100|0011100011|111101010  0x01946F786A1C7EA
0x0d 0000011|0010101|01100110101000100|00010101|0001111000|000010111  0x019566A20A8F017
0x0e 0000011|0010110|01011011110011000|00011101|0000101000|000011111  0x01965BCC0E8501F
0x0f 0000011|0010111|01100110101000100|00010100|0001111000|000010111  0x019766A20A0F017
BX = 110 Event : 71
0x00 0000011|0000000|01011010101001010|10111101|0010001110|111010111  0x01805AA55E91DD7
0x01 0000011|0000001|01000111011010110|10100000|1111001101|110110010  0x0181476B5079BB2
BX = 111 Event : 72
0x00 0000011|0000000|01000111001011100|01000110|0000000111|000110011  0x0180472E2300E33
0x01 0000011|0000001|01010010000101110|01000111|0001110011|000110011  0x01815217238E633
0x02 0000011|0000011|01001111001000110|00111111|0001000110|000101011  0x01834F231F88C2B
0x03 0000011|0000100|01011101011111010|00111111|0011001011|000101011  0x01845D7D1F9962B
0x04 0000011|0000101|01011101100111110|00111111|0011001100|000101011  0x01855D9F1F9982B
0x05 0000011|0000110|01011010100100110|00101111|0010101111|000010111  0x01865A931795E17
0x06 0000011|0001001|01010010000111000|00110010|0000101100|000011000  0x0189521C1905818
0x07 0000011|0001100|01011100000000010|01110001|0001111000|001010110  0x018C5C01388F056
0x08 0000011|0001101|01111000001101000|01110111|0101001110|001011010  0x018D78343BA9C5A
0x09 0000011|0001110|01111010000011110|01110111|0101011100|001011010  0x018E7A0F3BAB85A
0x0a 0000011|0001111|01011110000000010|01110000|0010001100|001010100  0x018F5E013811854
0x0b 0000011|0010000|01011011010001110|01100111|0001110001|001001001  0x01905B47338E249
0x0c 0000011|0010001|01111001001111010|01101101|0101011000|001001110  0x0191793D36AB04E
0x0d 0000011|0010010|01111011001001000|01101101|0101100110|001001101  0x01927B2436ACC4D
0x0e 0000011|0010011|01111000000100110|01101100|0101001101|001001100  0x019378133629A4C
0x0f 0000011|0010100|01111010000010010|01101100|0101011100|001001100  0x01947A09362B84C
0x10 0000011|0010101|01101001100001110|01101111|0011101011|001000011  0x01956987379D643
0x11 0000011|0010110|01101010010000100|01110000|0011110000|001000101  0x01966A42381E045
BX = 000 Event : 73
0x00 0000011|0000001|01100101110101000|01110011|0011110001|001001111  0x018165D4399E24F
0x01 0000011|0000100|01100100011001110|11011011|0011001101|111100101  0x018464676D99BE5
0x02 0000011|0000101|01100100011111010|11100110|0011001110|111101111  0x0185647D7319DEF
0x03 0000011|0000110|01001110000101010|11001100|1111111101|111010011  0x01864E15667FBD3
0x04 0000011|0000111|01001111001000110|11010111|0000000101|111011101  0x01874F236B80BDD
0x05 0000011|0001000|01011111001000000|00110001|0010000101|000100011  0x01885F201890A23
0x06 0000011|0001001|01111101000100100|00111001|0101100010|000101010  0x01897D121CAC42A
0x07 0000011|0001010|01100101000111100|01000110|0010110001|000110110  0x018A651E2316236
0x08 0000011|0001011|01011110111011100|00110001|0010000011|000100011  0x018B5EEE1890623
0x09 0000011|0001100|01111100000010010|00111000|0101011000|000101001  0x018C7C091C2B029
0x0a 0000011|0001101|01100100110110110|01000101|0010101111|000110101  0x018D64DB2295E35
0x0b 0000011|0001110|01101001010000110|00101001|0011011011|000010010  0x018E6943149B612
0x0c 0000011|0010011|01011000000011000|00110001|0001000010|000100011  0x0193580C1888423
0x0d 0000011|0010100|01110101110111010|00111001|0100100000|000101010  0x019475DD1CA402A
0x0e 0000011|0010101|01101000100000100|01010010|0010111101|001000010  0x019568822917A42
0x0f 0000011|0010110|01011000100100010|00110001|0001000111|000100011  0x019658911888E23
0x10 0000011|0010111|01110101100100000|00111000|0100011101|000101001  0x019775901C23A29
0x11 0000011|0011000|01101000100101010|01010001|0010111110|001000001  0x019868952897C41
0x12 0000011|0011010|01110101111001000|00111001|0100100000|000101010  0x019A75E41CA402A
0x13 0000011|0011011|01110101101000100|00111000|0100011110|000101001  0x019B75A21C23C29
BX = 001 Event : 74
0x00 0000011|0000000|01100110100111110|00100111|0100011000|000010100  0x0180669F13A3014
0x01 0000011|0000010|01101010010101110|10110111|0010001111|111000100  0x01826A575B91FC4
0x02 0000011|0000011|01100000001111100|11010011|0001000011|111011110  0x0183603E69887DE
0x03 0000011|0000100|01110111010001010|11101011|0011101111|111110110  0x01847745759DFF6
0x04 0000011|0000101|01110001001001110|11001010|0011100010|111010100  0x01857127651C5D4
BX = 010 Event : 75
0x00 0000011|0000010|01111011100111000|11000011|0100100100|111010011  0x01827B9C61A49D3
BX = 011 Event : 76
0x00 0000011|0000000|01010001001011110|11001110|0001011011|111100000  0x0180512F670B7E0
0x01 0000011|0000010|01100000111001110|00110000|0011001001|000101010  0x018260E7181922A
0x02 0000011|0001001|01010001001101010|11010011|0000010110|111100010  0x018951356982DE2
0x03 0000011|0010001|01001010010001100|10111011|1111010100|111000110  0x01914A465DFA9C6
0x04 0000011|0010100|01101111110110000|00010011|0011101100|000011000  0x01946FD8099D818
0x05 0000011|0010101|01010101101110100|00111110|0000100100|000101010  0x019555BA1F0482A
0x06 0000011|0010110|01101110110101000|00100011|0011101000|000010000  0x01966ED4119D010
0x07 0000011|0010111|01111100111011000|00011110|0101010100|000001011  0x01977CEC0F2A80B
BX = 100 Event : 77
0x00 0000011|0000100|01010101011100100|00111011|0001000101|000011110  0x018455721D88A1E
0x01 0000011|0001000|01001010011001110|00110000|1110010100|000100010  0x01884A671872822
0x02 0000011|0001001|01001001111110100|00110000|1110010000|000100010  0x018949FA1872022
0x03 0000011|0001010|01011001100110100|01000111|0000000111|000110111  0x018A599A2380E37
0x04 0000011|0001011|01100011100100100|00110100|0001010010|000100110  0x018B63921A0A426
0x05 0000011|0001100|01011000101110000|01000110|1111111110|000110110  0x018C58B8237FC36
0x06 0000011|0001101|01100010101010010|00110011|0001001001|000100101  0x018D62A91989225
BX = 101 Event : 78
0x00 0000011|0000000|01100001011111000|00010111|0010110111|000010001  0x0180617C0B96E11
BX = 110 Event : 79
0x00 0000011|0000000|01100010100111110|00100100|0100000100|000011110  0x0180629F122081E
0x01 0000011|0000001|01011100001000100|00000010|0011001000|111110110  0x01815C2201191F6
0x02 0000011|0000010|01001110101000010|00010000|0000011001|000010000  0x01824EA10803210
0x03 0000011|0001000|01010000000110010|00011011|1111101011|000011100  0x018850190DFD61C
0x04 0000011|0001001|01101110011100000|11111001|0011001101|111111101  0x01896E707C99BFD
0x05 0000011|0001010|01110100010100110|11110111|0011111000|111111011  0x018A74537B9F1FB
0x06 0000011|0001011|01111011000000110|11110101|0100101101|111101110  0x018B7B037AA5BEE
0x07 0000011|0001101|01110110001010110|01000011|0100011101|000110011  0x018D762B21A3A33
0x08 0000011|0001110|01110110000110010|01000100|0100011100|000110011  0x018E76192223833
0x09 0000011|0001111|01110110001001000|01000100|0100011100|000110011  0x018F76242223833
0x0a 0000011|0010000|01110101111110100|01000100|0100011011|000110011  0x019075FA2223633
0x0b 0000011|0010001|01110101111101100|01000100|0100011011|000110011  0x019175F62223633
0x0c 0000011|0010010|01110101111111010|01000100|0100011011|000110011  0x019275FD2223633
BX = 111 Event : 80
0x00 0000011|0000000|01001000000110100|11001001|0000100001|111010110  0x0180481A64843D6
0x01 0000011|0000001|01000001001000000|11111010|1111101101|111111010  0x018141207D7DBFA
0x02 0000011|0000010|01000001110100010|11111010|1111110010|111111010  0x018241D17D7E5FA
0x03 0000011|0000011|01010111000000000|10010001|0010101101|110110111  0x018357004895BB7
0x04 0000011|0000100|01101001101010000|11100111|0100011011|111110010  0x018469A873A37F2
0x05 0000011|0000101|01110010111100000|00000111|0101100000|000000101  0x018572F003AC005
0x06 0000011|0000110|01011101011001110|00101110|0011000001|000101011  0x01865D67171822B
0x07 0000011|0000111|01011010010101100|00010011|0010010110|000000101  0x01875A560992C05
0x08 0000011|0001000|01100011101010010|00011010|0011011011|000001100  0x018863A90D1B60C
BX = 000 Event : 81
0x00 0000011|0000010|01000110011011110|00011101|0000011010|000010000  0x0182466F0E83410
0x01 0000011|0000110|01101110101100110|00110101|0100100110|000101001  0x01866EB31AA4C29
0x02 0000011|0000111|01101101101010100|01000101|0100101000|000110000  0x01876DAA22A5030
0x03 0000011|0001000|01110001101101110|00110111|0101001110|000011111  0x018871B71BA9C1F
0x04 0000011|0001010|01111111111010000|11011001|0101010010|111100101  0x018A7FE86CAA5E5
BX = 001 Event : 82
0x00 0000011|0000001|01010001101110010|01000011|0001101100|000110000  0x018151B9218D830
0x01 0000011|0000010|01011000001001000|01011110|0011000101|000111110  0x018258242F18A3E
0x02 0000011|0000011|01100000010011000|01111101|0100000110|001011101  0x0183604C3EA0C5D
0x03 0000011|0000100|01101110001101110|00010001|0101000011|000001101  0x01846E3708A860D
0x04 0000011|0000101|01101110111110110|00001101|0101001010|000001001  0x01856EFB06A9409
0x05 0000011|0001000|01011110101111100|00010101|0001111110|000010110  0x01885EBE0A8FC16
0x06 0000011|0001001|01100000100000010|00010101|0010001011|000010111  0x018960810A91617
BX = 010 Event : 83
0x00 0000011|0000001|01000001011111100|11001011|1111010001|111010101  0x0181417E65FA3D5
0x01 0000011|0001001|01100101010000010|11101100|0010110011|111101111  0x0189654176167EF
0x02 0000011|0001100|01110000100111110|10001001|0100010100|110110101  0x018C709F44A29B5
0x03 0000011|0010000|01100000011111100|10111000|0001010110|111001111  0x0190607E5C0ADCF
BX = 011 Event : 84
0x00 0000011|0000000|01010101010100000|01000101|0010000001|000110110  0x018055502290236
0x01 0000011|0000001|01010010010000100|01000100|0001100100|000110101  0x01815242220C835
0x02 0000011|0000010|01101001110111010|00011101|0100011001|000010000  0x018269DD0EA3210
0x03 0000011|0000011|01101010001000000|00100111|0100011011|000011010  0x01836A2013A361A
0x04 0000011|0000100|01010101001110110|00111111|0010000000|000110000  0x0184553B1F90030
0x05 0000011|0000101|01100011100000010|01100111|0011110001|000111100  0x01856381339E23C
0x06 0000011|0000111|01010010000011010|00110100|0000111101|000101100  0x0187520D1A07A2C
0x07 0000011|0001000|01101101000011100|11101111|0011110111|111110110  0x01886D0E779EFF6
0x08 0000011|0001001|01100011010110010|00010101|0010111110|000001110  0x018963590A97C0E
0x09 0000011|0001010|01101011110101110|01001110|0100000011|000111001  0x018A6BD72720639
0x0a 0000011|0001011|01101011010000100|01000111|0011111101|000110001  0x018B6B42239FA31
0x0b 0000011|0001100|01000101111001110|10111111|1110101001|111010000  0x018C45E75FF53D0
0x0c 0000011|0001101|01000100100110110|11111111|1110000111|000000111  0x018D449B7FF0E07
0x0d 0000011|0001110|01011000111110100|10101001|0000111000|110111011  0x018E58FA54871BB
0x0e 0000011|0001111|01011010100010010|10101001|0001000111|110111011  0x018F5A895488FBB
0x0f 0000011|0010000|01001011110100010|11110101|1110111110|111111100  0x01904BD17AF7DFC
0x10 0000011|0010001|01100010001000010|11111111|0001100110|000000110  0x019162217F8CC06
0x11 0000011|0010010|01101100100000010|00001010|0010110011|000010001  0x01926C810516611
BX = 100 Event : 85
0x00 0000011|0000101|01011000000010110|11010111|0010001000|111011110  0x0185580B6B911DE
0x01 0000011|0000110|01001111111000100|00111011|0001001011|000110001  0x01864FE21D89631
0x02 0000011|0000111|01101000001010110|00011101|0100101101|000001101  0x0187682B0EA5A0D
0x03 0000011|0001100|01110001101110000|11011111|0100100000|111101100  0x018C71B86FA41EC
0x04 0000011|0001101|01101001011100110|11010111|0011010100|111100011  0x018D69736B9A9E3
0x05 0000011|0001110|01110100100010100|10000001|0100110011|110100111  0x018E748A40A67A7
0x06 0000011|0010010|01100000011000000|11011100|0001000110|111101010  0x019260606E08DEA
0x07 0000011|0010011|01100000101001000|11101001|0001001000|111110110  0x019360A474891F6
0x08 0000011|0010100|01100101001010110|11100111|0001101010|111110011  0x0194652B738D5F3
0x09 0000011|0010101|01111000111100010|11001110|0100101010|111011001  0x019578F167255D9
0x0a 0000011|0010110|01111001000100110|11011100|0100101011|111100110  0x019679136E257E6
0x0b 0000011|0010111|01111001000110110|11011100|0100101011|111100110  0x0197791B6E257E6
0x0c 0000011|0011000|01011111101101110|10010100|0001001011|110101011  0x01985FB74A097AB
0x0d 0000011|0011001|01011101011000100|10010101|0000111001|110101100  0x01995D624A873AC
BX = 101 Event : 86
0x00 0000011|0000000|01100010000110010|01011100|0011010111|001000101  0x018062192E1AE45
0x01 0000011|0000011|01001010011110000|00110011|1111100011|000101000  0x01834A7819FC628
0x02 0000011|0000100|01010100101010000|00110100|0000110000|000101001  0x018454A81A06029
0x03 0000011|0000101|01010001100001010|01000101|0000011000|000111001  0x018551852283039
0x04 0000011|0000110|01010100110001100|11110100|0000100100|111111001  0x018654C67A049F9
0x05 0000011|0001001|01001000101110110|00111100|1110111111|000110010  0x018948BB1E77E32
0x06 0000011|0001011|01001000100010100|00110100|1110111101|000101001  0x018B488A1A77A29
0x07 0000011|0001100|01000101011001110|01000101|1110100110|000111001  0x018C456722F4C39
0x08 0000011|0001110|01000011111010010|00110100|1110010001|000101000  0x018E43E91A72228
0x09 0000011|0001111|01000000110000110|01000101|1101111010|000111000  0x018F40C322EF438
0x0a 0000011|0010010|01000011011010100|00110010|1110001101|000100111  0x0192436A1971A27
0x0b 0000011|0010011|01000000010001010|01000011|1101110101|000110111  0x0193404521EEA37
0x0c 0000011|0010111|01011001001000100|00001101|0000111010|000000110  0x019759220687406
0x0d 0000011|0011000|01100110001000010|00010000|0010011011|000001001  0x019866210813609
0x0e 0000011|0011001|01011000111111000|00111100|0000111001|000110010  0x019958FC1E07232
0x0f 0000011|0011010|01100011100011010|00010010|0010000111|000001011  0x019A638D0910E0B
0x10 0000011|0011011|01011001011010100|00000100|0000111100|111111100  0x019B596A02079FC
0x11 0000011|0011100|01100110110010000|00000111|0010100001|111111110  0x019C66C803943FE
0x12 0000011|0011101|01011001010001000|00110101|0000111011|000101001  0x019D59441A87629
0x13 0000011|0011110|01100100000000110|00001011|0010001100|000000011  0x019E64030591803
0x14 0000011|0011111|01010100110100000|00000100|0000010001|111111100  0x019F54D002023FC
0x15 0000011|0100000|01100010001001110|00000110|0001110101|111111110  0x01A06227030EBFE
0x16 0000011|0100001|01010100101010010|00110100|0000010000|000101001  0x01A154A91A02029
0x17 0000011|0100010|01100000010100000|00001011|0001100111|000000010  0x01A26050058CE02
0x18 0000011|0100011|01011010101000100|00000110|0000101110|111111110  0x01A35AA20305DFE
0x19 0000011|0100100|01011010010011000|00001011|0000101011|000000010  0x01A45A4C0585602
0x1a 0000011|0100101|01010100010101010|00000011|0000001100|111111010  0x01A5545501819FA
0x1b 0000011|0100110|01100001101010100|00000101|0001110001|111111100  0x01A661AA028E3FC
0x1c 0000011|0100111|01010100001011100|00110011|0000001011|000100111  0x01A7542E1981627
0x1d 0000011|0101000|01011111111011010|00001010|0001100011|000000001  0x01A85FED050C601
0x1e 0000011|0101001|01110011111100010|00110101|0100000010|000101001  0x01A973F11AA0429
0x1f 0000011|0101010|01110000010101110|00110100|0011101000|000101001  0x01AA70571A1D029
0x20 0000011|0101011|01110011110000000|01000001|0100000001|000110101  0x01AB73C020A0235
0x21 0000011|0101100|01101111010010010|00110100|0011010111|000101001  0x01AC6F491A1AE29
0x22 0000011|0101101|01110010101111110|00110101|0011110001|000101001  0x01AD72BF1A9E229
0x23 0000011|0101110|01101100100101110|00110100|0011000011|000101000  0x01AE6C971A18628
0x24 0000011|0101111|01110001001001000|00110101|0011100101|000101010  0x01AF71241A9CA2A
0x25 0000011|0110000|01101111110101000|01000000|0011011011|000110100  0x01B06FD4201B634
0x26 0000011|0110001|01100111110000000|00110100|0010010001|000101001  0x01B167C01A12229
0x27 0000011|0110010|01101011001011110|00110101|0010101010|000101010  0x01B26B2F1A9542A
0x28 0000011|0110011|01100110011111110|00110100|0010000111|000101001  0x01B3667F1A10E29
0x29 0000011|0110100|01101011000001110|00110101|0010101001|000101010  0x01B46B071A9522A
0x2a 0000011|0110101|01101001011110000|01000000|0010011101|000110100  0x01B569782013A34
0x2b 0000011|0110110|01100001001010110|00110100|0001010010|000101001  0x01B6612B1A0A429
0x2c 0000011|0110111|01100100100101010|00110101|0001101100|000101010  0x01B764951A8D82A
0x2d 0000011|0111000|01100001001011010|00110100|0001010010|000101001  0x01B8612D1A0A429
0x2e 0000011|0111001|01100101101100000|00110101|0001110100|000101010  0x01B965B01A8E82A
BX = 110 Event : 87
0x00 0000011|0000001|01101110110100000|01010110|0101000101|001000101  0x01816ED02B28A45
0x01 0000011|0000010|01011110010001110|01010011|0010101000|001000100  0x01825E472995044
0x02 0000011|0000011|01011001101000010|01010011|0010000101|001000100  0x018359A12990A44
BX = 111 Event : 88
0x00 0000011|0000001|01100000111100000|01100011|0011111001|001001100  0x018160F0319F24C
0x01 0000011|0000100|01011001101001010|00111111|0010100100|000101011  0x018459A51F9482B
0x02 0000011|0000101|01101101111001000|00101100|0101011101|000010101  0x01856DE4162BA15
0x03 0000011|0000111|01110111101010000|11011100|0101011111|111101001  0x018777A86E2BFE9
0x04 0000011|0001000|01011100110001000|11010011|0001101000|111011101  0x01885CC4698D1DD
0x05 0000011|0001001|01101101111001110|11101011|0011101000|111110100  0x01896DE7759D1F4
0x06 0000011|0001010|01101110111111010|01100110|0100000011|001000101  0x018A6EFD3320645
0x07 0000011|0001100|01101100111101000|11100000|0011011111|111101000  0x018C6CF4701BFE8
0x08 0000011|0001101|01101100110011100|11100101|0011011110|111101101  0x018D6CCE729BDED
0x09 0000011|0001110|01011100100001100|01001110|0000111101|001000001  0x018E5C862707A41
0x0a 0000011|0010000|01110010110101100|10111001|0011100001|111001011  0x019072D65C9C3CB
BX = 000 Event : 89
0x00 0000011|0000000|01100101011011000|01100110|0100000001|001001001  0x0180656C3320249
0x01 0000011|0000001|01100101010111010|01100101|0100000001|001001000  0x0181655D32A0248
0x02 0000011|0000011|01010001110000000|01010110|0001000100|000110110  0x018351C02B08836
0x03 0000011|0000100|01010110100010100|01011001|0001101011|000111001  0x0184568A2C8D639
0x04 0000011|0000101|01110010101100110|00011111|0101000000|000010110  0x018572B30FA8016
0x05 0000011|0000110|01111011011001010|01100001|0101011011|000111111  0x01867B6530AB63F
0x06 0000011|0001011|01011110011100110|11111010|0001000010|000000001  0x018B5E737D08401
0x07 0000011|0001101|01011101011010010|11111010|0000111000|000000001  0x018D5D697D07001
0x08 0000011|0010000|01011111001110000|11110101|0001001010|111111010  0x01905F387A895FA
0x09 0000011|0010010|01100110101010000|11010011|0010000000|111011100  0x019266A869901DC
0x0a 0000011|0010011|01100101011010110|11010011|0001110100|111011101  0x0193656B698E9DD
0x0b 0000011|0010100|01100111001111110|11001110|0010000110|111010111  0x0194673F6710DD7
BX = 001 Event : 90
BX = 010 Event : 91
0x00 0000011|0000000|01010010110100110|00111010|0001111010|000100110  0x018052D31D0F426
0x01 0000011|0000001|01010010101101010|00111010|0001111001|000100110  0x018152B51D0F226
0x02 0000011|0000010|01100001101000100|00001011|0010010101|000001000  0x018261A20592A08
0x03 0000011|0000011|01100110101011110|00000000|0011000100|111111100  0x018366AF00189FC
BX = 011 Event : 92
0x00 0000011|0000001|01010111010110010|11110001|0010101011|111110100  0x0181575978957F4
0x01 0000011|0000010|01000110101001110|00011000|0000101110|000011000  0x018246A70C05C18
0x02 0000011|0000011|01100000111100000|01100011|0011111001|001001100  0x018360F0319F24C
0x03 0000011|0000110|01010011000110110|00010000|0001100101|000010110  0x0186531B080CA16
0x04 0000011|0000111|01101000010111000|11111001|0100101001|111111011  0x0187685C7CA53FB
0x05 0000011|0001000|01101100100111010|01011001|0100111100|001000111  0x01886C9D2CA7847
0x06 0000011|0001110|01111000101000010|11011100|0101100110|111101001  0x018E78A16E2CDE9
0x07 0000011|0001111|01011101101110000|11010011|0001101111|111011101  0x018F5DB8698DFDD
0x08 0000011|0010000|01101101111001110|11101011|0011101000|111110100  0x01906DE7759D1F4
0x09 0000011|0010001|01101110100111000|01100110|0100000000|001000101  0x01916E9C3320045
0x0a 0000011|0010011|01011101000010110|11001101|0001101001|111010111  0x01935D0B668D3D7
0x0b 0000011|0010100|01101100111101000|11100000|0011011111|111101000  0x01946CF4701BFE8
0x0c 0000011|0010101|01101100110011100|11100101|0011011110|111101101  0x01956CCE729BDED
0x0d 0000011|0010110|01011000101111010|00001111|0001000011|000001100  0x019658BD078860C
0x0e 0000011|0010111|01011001001101100|00001111|0001000111|000001011  0x019759360788E0B
0x0f 0000011|0011000|01000110010110100|11110101|1110010110|111101101  0x0198465A7AF2DED
0x10 0000011|0011010|01110010110101100|10111001|0011100001|111001011  0x019A72D65C9C3CB
0x11 0000011|0011011|01111001100100010|00001010|0100110111|000000111  0x019B79910526E07
0x12 0000011|0011100|01111001011000110|00001010|0100110110|000000111  0x019C79630526C07
0x13 0000011|0011101|01111001000110010|00001001|0100110011|000000110  0x019D791904A6606
0x14 0000011|0011110|01111001000000110|00001010|0100110010|000000111  0x019E79030526407
BX = 100 Event : 93
0x00 0000011|0000000|01101100001000000|01111101|0100110010|001011101  0x01806C203EA645D
0x01 0000011|0000011|01100101100111110|01101010|0010101011|001000101  0x0183659F3515645
0x02 0000011|0000101|01011001100001110|01101101|0000001100|001010101  0x018559873681855
0x03 0000011|0000110|01011010010010110|01101100|0000010010|001010100  0x01865A4B3602454
0x04 0000011|0000111|01110100000110100|01010010|0100010001|000110011  0x0187741A2922233
0x05 0000011|0001000|01110010110101110|01010100|0100000111|000110100  0x018872D72A20E34
BX = 101 Event : 94
0x00 0000011|0000001|01101001111111110|00001000|0010110001|000000110  0x018169FF0416206
0x01 0000011|0000011|01100111010001010|00110111|0010001000|000101000  0x018367451B91028
BX = 110 Event : 95
0x00 0000011|0000000|01001010010101010|00011000|1111100110|000011011  0x01804A550C7CC1B
0x01 0000011|0000011|01101001100000010|00000010|0010111000|000000010  0x018369810117002
0x02 0000011|0000100|01101101101010000|00000001|0011010110|000000010  0x01846DA8009AC02
0x03 0000011|0000101|01010111110111110|00010111|0000110011|000010110  0x018557DF0B86616
0x04 0000011|0001001|01111010111110110|00001111|0100111001|000001111  0x01897AFB07A720F
BX = 111 Event : 96
0x00 0000011|0001101|01110100001111010|10101001|0100001011|110111110  0x018D743D54A17BE
0x01 0000011|0001110|01101010000001100|11000000|0010100101|111011011  0x018E6A066014BDB
0x02 0000011|0010000|01110001011111000|10101000|0011110000|110111100  0x0190717C541E1BC
BX = 000 Event : 97
0x00 0000011|0000000|01100001011111000|00010111|0010110111|000010001  0x0180617C0B96E11
BX = 001 Event : 98
0x00 0000011|0000000|01001000100101110|00011010|0000110110|000001101  0x018048970D06C0D
0x01 0000011|0000001|01011100000011110|10101110|0011001111|111000011  0x01815C0F5719FC3
0x02 0000011|0000010|01011011111100000|10101101|0011001101|111000010  0x01825BF05699BC2
0x03 0000011|0000011|01010111111110000|00110101|0010011010|000100101  0x018357F81A93425
0x04 0000011|0001010|01000101100001110|01000101|1111101101|000110111  0x018A458722FDA37
0x05 0000011|0001111|01000110000100100|00111111|1111110001|000110001  0x018F46121FFE231
0x06 0000011|0010000|01111010010001010|00101110|0101011011|000100111  0x01907A45172B627
0x07 0000011|0010001|01110100010001010|01000001|0101001001|000110010  0x0191744520A9232
0x08 0000011|0010010|01011111100101100|00101101|0010001100|000011011  0x01925F96169181B
0x09 0000011|0010011|01110000001110110|01010110|0100000110|001000001  0x0193703B2B20C41
0x0a 0000011|0010100|01111001010101110|01111100|0100111111|001011111  0x019479573E27E5F
0x0b 0000011|0010101|01111010010111100|01111110|0101000111|001100001  0x01957A5E3F28E61
0x0c 0000011|0010111|01011011010101010|00100110|0000111110|000011101  0x01975B551307C1D
0x0d 0000011|0011110|01111000011110010|11100011|0100101111|111100101  0x019E787971A5FE5
BX = 010 Event : 99
0x00 0000011|0000000|01010111000000000|10010001|0010101101|110110111  0x018057004895BB7
0x01 0000011|0000001|01011101011001110|00101110|0011000001|000101011  0x01815D67171822B
0x02 0000011|0000010|01010111010101000|11101010|0010001011|111101001  0x0182575475117E9
0x03 0000011|0000011|01011000110000110|00100110|0010010110|000100001  0x018358C31312C21
0x04 0000011|0000110|01001111000010010|10010100|0000000010|110110110  0x01864F094A005B6
BX = 011 Event : 100
0x00 0000011|0000011|01100000111101010|11111111|0001100100|111111101  0x018360F57F8C9FD
0x01 0000011|0000100|01101011010111110|11111111|0011000110|111111100  0x01846B5F7F98DFC
0x02 0000011|0000101|01110010010010010|11101010|0011100100|111101001  0x01857249751C9E9
0x03 0000011|0000110|01110000010100100|11111011|0011010110|111111000  0x018670527D9ADF8
0x04 0000011|0000111|01111100110000110|11101001|0101000101|111101000  0x01877CC374A8BE8
0x05 0000011|0001000|01111000110111110|11111010|0100101001|111111000  0x018878DF7D253F8
