BX = 000 Event : 1
0 0 0010011|0100|010 0x09A2
0 1 0010101|0010|101 0x0A95
0 2 0010111|0001|110 0x0B8E
0 3 0011000|0100|101 0x0C25
0 4 0011001|0001|100 0x0C8C
0 5 0011101|0010|111 0x0E97
1 0 0011011|0001|001 0x0D89
1 1 0011110|0101|011 0x0F2B
1 2 0100000|0011|001 0x1019
1 3 0101010|0100|111 0x1527
2 0 0101100|0101|011 0x162B
2 1 0101101|0101|011 0x16AB
4 0 0000011|1000|110 0x01C6
4 1 0000110|1010|111 0x0357
5 0 0000101|1000|011 0x02C3
5 1 0001010|0010|101 0x0515
6 0 0001001|1100|001 0x04E1
6 1 0001011|1011|001 0x05D9
6 2 0001101|1000|111 0x06C7
8 0 0111001|0000|000 0x1C80
8 1 0111100|0101|101 0x1E2D
8 2 0111110|0001|100 0x1F0C
9 0 1000110|0101|101 0x232D
a 0 1001000|0100|111 0x2427
c 0 0110011|0001|101 0x198D
c 1 0110100|0000|010 0x1A02
BX = 001 Event : 2
0 0 0010011|0110|011 0x09B3
1 0 0011101|0010|010 0x0E92
1 1 0011110|0001|001 0x0F09
3 0 0000001|0011|101 0x009D
3 1 0101001|0000|000 0x1480
3 2 0101010|0010|000 0x1510
3 3 0101100|0101|001 0x1629
4 0 0000110|1001|110 0x034E
4 1 0000111|1010|010 0x03D2
8 0 0111010|0100|010 0x1D22
8 1 0111011|0100|001 0x1DA1
8 2 0111110|0110|101 0x1F35
b 0 0101110|1001|100 0x174C
c 0 0110000|0010|010 0x1812
d 0 0110010|1011|011 0x195B
e 0 0110111|1000|010 0x1BC2
BX = 010 Event : 3
0 0 0001011|0001|101 0x058D
0 1 0001110|0010|101 0x0715
1 0 0010110|0010|001 0x0B11
1 1 0011000|0010|100 0x0C14
1 2 0011100|0110|110 0x0E36
2 0 0100010|0110|100 0x1134
3 0 0000001|0011|101 0x009D
4 0 0000000|1011|000 0x0058
8 0 0110010|0001|101 0x190D
8 1 0110011|0001|101 0x198D
8 2 0110101|0101|100 0x1AAC
8 3 0110111|0001|100 0x1B8C
8 4 0111001|0001|111 0x1C8F
8 5 0111010|0001|111 0x1D0F
8 6 0111101|0010|110 0x1E96
9 0 0111000|0001|001 0x1C09
9 1 1000110|0100|001 0x2321
a 0 1001010|0100|000 0x2520
a 1 1001011|0000|011 0x2583
b 0 1001111|0010|010 0x2792
b 1 1010000|0011|001 0x2819
BX = 011 Event : 4
0 0 0010000|0100|001 0x0821
0 1 0010101|0101|100 0x0AAC
1 0 0011000|0101|001 0x0C29
1 1 0011010|0000|011 0x0D03
2 0 0011111|0101|010 0x0FAA
2 1 0100000|0101|001 0x1029
3 0 0100100|0000|010 0x1202
4 0 0000010|1001|110 0x014E
5 0 0000011|0011|011 0x019B
5 1 0000111|0100|101 0x03A5
6 0 0000110|0010|001 0x0311
8 0 0111001|0000|110 0x1C86
8 1 0111010|0000|110 0x1D06
9 0 0110011|0110|001 0x19B1
9 1 0111110|0100|010 0x1F22
9 2 0111111|0110|001 0x1FB1
9 3 1000010|0101|101 0x212D
a 0 1001000|0001|010 0x240A
BX = 100 Event : 5
0 0 0001010|0000|011 0x0503
0 1 0001100|0100|011 0x0623
0 2 0010000|0100|101 0x0825
0 3 0010011|0100|100 0x09A4
0 4 0010101|0001|011 0x0A8B
0 5 0010111|0110|111 0x0BB7
0 6 0011001|0010|111 0x0C97
2 0 0100010|0101|100 0x112C
4 0 0000000|0010|000 0x0010
5 0 0000011|1010|011 0x01D3
5 1 0000100|0011|011 0x021B
5 2 0000111|1011|101 0x03DD
8 0 0101010|0000|100 0x1504
8 1 0101011|0100|100 0x15A4
8 2 0101110|0101|011 0x172B
8 3 0101111|0000|011 0x1783
9 0 0110011|0001|000 0x1988
9 1 0110101|0000|011 0x1A83
9 2 0110110|0001|011 0x1B0B
9 3 0111000|0010|010 0x1C12
9 4 0111001|0000|001 0x1C81
a 0 1000010|0110|110 0x2136
b 0 0100110|0000|111 0x1307
b 1 1000001|0110|000 0x20B0
d 0 0100111|1010|000 0x13D0
BX = 101 Event : 6
0 0 0001010|0000|010 0x0502
0 1 0001100|0101|110 0x062E
0 2 0001101|0110|100 0x06B4
0 3 0010001|0100|110 0x08A6
0 4 0010010|0101|110 0x092E
1 0 0011000|0101|101 0x0C2D
4 0 0000011|0010|110 0x0196
4 1 0000101|0000|111 0x0287
8 0 0101101|0000|010 0x1682
8 1 0110001|0010|100 0x1894
9 0 0111010|0101|000 0x1D28
9 1 1000101|0010|100 0x2294
c 0 0100111|0011|101 0x139D
BX = 110 Event : 7
0 0 0001001|0000|001 0x0481
0 1 0001100|0100|010 0x0622
0 2 0001101|0000|001 0x0681
0 3 0010100|0001|100 0x0A0C
1 0 0100000|0001|001 0x1009
1 1 0100010|0010|001 0x1111
1 2 0100101|0101|001 0x12A9
2 0 0101101|0100|010 0x16A2
2 1 0101110|0001|010 0x170A
8 0 1000111|0100|100 0x23A4
8 1 1001110|0101|111 0x272F
9 0 1001010|0100|001 0x2521
9 1 1010001|0100|100 0x28A4
9 2 1010011|0100|001 0x29A1
9 3 1010111|0110|100 0x2BB4
a 0 1011110|0101|100 0x2F2C
a 1 1100000|0101|110 0x302E
b 0 0111100|0011|111 0x1E1F
b 1 1100001|0001|000 0x3088
c 0 1000011|0001|010 0x218A
BX = 111 Event : 8
0 0 0001100|0101|101 0x062D
0 1 0001101|0100|101 0x06A5
0 2 0001110|0010|101 0x0715
0 3 0001111|0101|100 0x07AC
0 4 0010110|0110|111 0x0B37
1 0 0011010|0101|011 0x0D2B
1 1 0011111|0000|011 0x0F83
1 2 0100011|0010|110 0x1196
1 3 0100100|0100|110 0x1226
2 0 0100110|0000|010 0x1302
2 1 0101000|0011|101 0x141D
2 2 0101100|0011|110 0x161E
3 0 0000010|1001|101 0x014D
3 1 0101101|0111|011 0x16BB
4 0 0000000|1010|000 0x0050
4 1 0000110|1001|111 0x034F
4 2 0000111|1011|111 0x03DF
8 0 0110110|0000|011 0x1B03
8 1 0110111|0101|011 0x1BAB
8 2 0111011|0101|101 0x1DAD
8 3 1001000|0000|110 0x2406
9 0 1001110|0101|011 0x272B
9 1 1010000|0010|001 0x2811
9 2 1010101|0101|001 0x2AA9
9 3 1011001|0010|110 0x2C96
9 4 1011101|0001|110 0x2E8E
BX = 000 Event : 9
0 0 0001111|0110|111 0x07B7
1 0 0010100|0010|110 0x0A16
1 1 0010101|0001|110 0x0A8E
1 2 0010110|0000|110 0x0B06
1 3 0011001|0001|110 0x0C8E
2 0 0011011|0001|011 0x0D8B
3 0 0000001|1010|101 0x00D5
3 1 0011101|0111|011 0x0EBB
5 0 0000111|0011|101 0x039D
8 0 0101000|0000|010 0x1402
8 1 0101111|0000|111 0x1787
8 2 0110011|0101|110 0x19AE
9 0 0110110|0110|001 0x1B31
b 0 0110111|0011|000 0x1B98
b 1 0111000|0100|010 0x1C22
b 2 0111001|0100|000 0x1CA0
b 3 0111010|0011|000 0x1D18
BX = 001 Event : 10
0 0 0001010|0001|100 0x050C
0 1 0001011|0100|100 0x05A4
0 2 0001111|0101|111 0x07AF
1 0 0001101|0000|001 0x0681
1 1 0001110|0110|001 0x0731
6 0 0000110|0011|011 0x031B
6 1 0000111|1100|011 0x03E3
8 0 0011111|0100|001 0x0FA1
9 0 0100111|0110|011 0x13B3
9 1 0101001|0001|100 0x148C
c 0 0010111|0000|010 0x0B82
e 0 0011010|1100|101 0x0D65
BX = 010 Event : 11
0 0 0001101|0000|011 0x0683
1 0 0011011|0010|001 0x0D91
3 0 0000001|1011|101 0x00DD
3 1 0100001|0011|000 0x1098
4 0 0000000|0011|000 0x0018
4 1 0000011|1000|010 0x01C2
8 0 0101110|0001|110 0x170E
8 1 0110001|0001|100 0x188C
8 2 0110100|0010|011 0x1A13
8 3 0111010|0010|111 0x1D17
8 4 0111011|0100|110 0x1DA6
9 0 0111110|0010|010 0x1F12
a 0 1000001|0101|101 0x20AD
a 1 1000010|0001|101 0x210D
BX = 011 Event : 12
0 0 0001111|0000|010 0x0782
0 1 0010000|0100|010 0x0822
0 2 0010011|0010|110 0x0996
0 3 0010100|0101|101 0x0A2D
0 4 0010101|0110|100 0x0AB4
0 5 0011000|0001|111 0x0C0F
0 6 0011010|0001|111 0x0D0F
0 7 0011011|0110|110 0x0DB6
0 8 0011100|0110|110 0x0E36
1 0 0011111|0110|011 0x0FB3
1 1 0100100|0010|001 0x1211
1 2 0100111|0010|001 0x1391
1 3 0101000|0101|001 0x1429
1 4 0101001|0000|101 0x1485
1 5 0101010|0101|100 0x152C
1 6 0101011|0001|100 0x158C
1 7 0101111|0000|111 0x1787
1 8 0110001|0011|110 0x189E
2 0 0110100|0000|101 0x1A05
4 0 0000001|0011|000 0x0098
6 0 0001011|1001|001 0x05C9
8 0 0111110|0100|100 0x1F24
8 1 1000000|0100|001 0x2021
8 2 1000100|0100|110 0x2226
8 3 1001000|0101|011 0x242B
9 0 1001011|0001|010 0x258A
a 0 1010010|0011|010 0x291A
a 1 1010100|0000|101 0x2A05
a 2 1010101|0011|100 0x2A9C
b 0 0110111|0011|111 0x1B9F
b 1 0111000|0001|100 0x1C0C
b 2 1010111|0101|011 0x2BAB
BX = 100 Event : 13
0 0 0001101|0101|110 0x06AE
0 1 0001111|0101|100 0x07AC
1 0 0010011|0001|010 0x098A
3 0 0011010|0100|001 0x0D21
4 0 0000100|1000|110 0x0246
4 1 0000111|1001|111 0x03CF
8 0 0100010|0100|010 0x1122
8 1 0100011|0100|000 0x11A0
9 0 0101000|0100|001 0x1421
9 1 0101001|0100|001 0x14A1
9 2 0101010|0100|001 0x1521
9 3 0101011|0001|010 0x158A
9 4 0110001|0001|101 0x188D
9 5 0110010|0101|100 0x192C
e 0 0011110|1011|001 0x0F59
e 1 0100000|1011|010 0x105A
BX = 101 Event : 14
0 0 0001110|0001|100 0x070C
0 1 0001111|0010|011 0x0793
0 2 0010001|0100|100 0x08A4
0 3 0010010|0100|100 0x0924
0 4 0010100|0010|100 0x0A14
0 5 0010101|0010|100 0x0A94
0 6 0011011|0100|110 0x0DA6
1 0 0011110|0110|011 0x0F33
2 0 0100100|0101|011 0x122B
3 0 0101011|0001|011 0x158B
3 1 0101100|0101|011 0x162B
4 0 0000100|0001|110 0x020E
4 1 0000101|0010|010 0x0292
4 2 0001000|0000|111 0x0407
4 3 0001001|0100|111 0x04A7
5 0 0000111|0010|011 0x0393
8 0 0111001|0000|010 0x1C82
8 1 0111010|0001|110 0x1D0E
8 2 0111100|0101|101 0x1E2D
8 3 1000000|0100|011 0x2023
8 4 1000111|0001|110 0x238E
9 0 1000100|0001|001 0x2209
9 1 1001001|0010|001 0x2491
9 2 1001101|0101|110 0x26AE
c 0 0110000|0010|101 0x1815
c 1 0110001|1010|010 0x18D2
BX = 110 Event : 15
0 0 0001101|0000|010 0x0682
0 1 0001111|0000|001 0x0781
1 0 0010011|0001|001 0x0989
1 1 0010110|0101|100 0x0B2C
1 2 0011000|0101|101 0x0C2D
1 3 0011001|0101|100 0x0CAC
3 0 0000000|0011|101 0x001D
3 1 0000001|0011|101 0x009D
5 0 0001000|1100|101 0x0465
6 0 0001011|0001|111 0x058F
8 0 0100100|0010|100 0x1214
8 1 0100111|0010|011 0x1393
8 2 0101011|0101|111 0x15AF
8 3 0101100|0000|111 0x1607
8 4 0101101|0001|111 0x168F
8 5 0101110|0000|110 0x1706
9 0 0101111|0110|011 0x17B3
a 0 0110101|0100|000 0x1AA0
b 0 0011100|0001|111 0x0E0F
c 0 0011110|1001|010 0x0F4A
d 0 0011111|1011|011 0x0FDB
d 1 0100000|1001|110 0x104E
BX = 111 Event : 16
0 0 0000100|0100|011 0x0223
0 1 0000110|0000|011 0x0303
0 2 0000111|0100|011 0x03A3
0 3 0001010|0000|010 0x0502
0 4 0001101|0001|100 0x068C
1 0 0010111|0110|100 0x0BB4
8 0 0101111|0000|000 0x1780
8 1 0110101|0010|100 0x1A94
b 0 0011101|1000|111 0x0EC7
b 1 0011110|1010|111 0x0F57
b 2 0011111|0011|111 0x0F9F
b 3 0100000|1010|111 0x1057
b 4 0100001|0010|100 0x1094
d 0 0100010|0010|011 0x1113
d 1 0100011|0100|000 0x11A0
d 2 0100101|1011|110 0x12DE
BX = 000 Event : 17
0 0 0000111|0000|011 0x0383
0 1 0001000|0100|010 0x0422
0 2 0001001|0000|001 0x0481
0 3 0001100|0110|110 0x0636
0 4 0001101|0001|101 0x068D
0 5 0010010|0000|111 0x0907
0 6 0010100|0110|110 0x0A36
1 0 0001111|0010|001 0x0791
1 1 0010101|0000|011 0x0A83
1 2 0011000|0010|001 0x0C11
1 3 0011111|0011|110 0x0F9E
2 0 0100000|0100|010 0x1022
2 1 0100100|0011|101 0x121D
3 0 0000000|1010|101 0x0055
c 0 0101011|1001|101 0x15CD
d 0 0101100|0000|000 0x1600
e 0 0101101|0100|001 0x16A1
BX = 001 Event : 18
0 0 0000010|0110|110 0x0136
0 1 0000100|0100|100 0x0224
3 0 0000000|0001|101 0x000D
8 0 0100001|0000|010 0x1082
8 1 0100010|0000|010 0x1102
8 2 0100100|0000|001 0x1201
8 3 0101001|0010|110 0x1496
8 4 0101011|0100|101 0x15A5
8 5 0101100|0001|011 0x160B
8 6 0101111|0110|111 0x17B7
8 7 0110000|0000|111 0x1807
8 8 0110001|0001|110 0x188E
9 0 0110011|0110|011 0x19B3
9 1 0110100|0100|010 0x1A22
9 2 0110101|0101|001 0x1AA9
9 3 0111000|0001|110 0x1C0E
9 4 0111010|0010|100 0x1D14
9 5 1000000|0101|110 0x202E
9 6 1000001|0000|110 0x2086
b 0 0010110|0001|111 0x0B0F
b 1 0010111|0000|100 0x0B84
b 2 1000110|0001|011 0x230B
d 0 0011010|0001|011 0x0D0B
d 1 0011011|0010|011 0x0D93
BX = 010 Event : 19
0 0 0011011|0001|100 0x0D8C
0 1 0011100|0001|100 0x0E0C
1 0 0100011|0110|011 0x11B3
1 1 0100101|0011|001 0x1299
1 2 0100111|0110|011 0x13B3
2 0 0101001|0010|001 0x1491
2 1 0101011|0011|001 0x1599
4 0 0001001|1010|010 0x04D2
4 1 0001010|0011|010 0x051A
5 0 0010001|0000|101 0x0885
6 0 0010000|1011|001 0x0859
6 1 0010100|1010|011 0x0A53
8 0 0111001|0110|100 0x1CB4
8 1 0111010|0010|100 0x1D14
8 2 1000001|0000|111 0x2087
8 3 1000010|0001|110 0x210E
9 0 0111110|0100|001 0x1F21
9 1 1000011|0101|011 0x21AB
9 2 1001001|0100|001 0x24A1
9 3 1001010|0101|001 0x2529
9 4 1001100|0101|110 0x262E
9 5 1001110|0100|011 0x2723
b 0 0110000|1001|111 0x184F
d 0 0110100|0010|110 0x1A16
BX = 011 Event : 20
0 0 0010000|0101|011 0x082B
0 1 0010010|0010|111 0x0917
2 0 0010110|0011|000 0x0B18
6 0 0001011|1001|111 0x05CF
6 1 0001100|1000|011 0x0643
b 0 0011010|1000|111 0x0D47
d 0 0100000|1010|000 0x1050
e 0 0100001|0101|010 0x10AA
e 1 0100010|1001|011 0x114B
BX = 100 Event : 21
0 0 0001000|0100|011 0x0423
1 0 0011001|0011|010 0x0C9A
1 1 0011010|0001|110 0x0D0E
1 2 0011100|0000|101 0x0E05
1 3 0011111|0101|110 0x0FAE
2 0 0100011|0110|010 0x11B2
3 0 0100111|0101|011 0x13AB
3 1 0101000|0110|011 0x1433
8 0 0110100|0000|100 0x1A04
9 0 0111110|0011|001 0x1F19
9 1 1000100|0001|111 0x220F
b 0 0101011|1010|111 0x15D7
b 1 0101100|0001|111 0x160F
b 2 0101101|1001|111 0x16CF
d 0 0110001|0000|011 0x1883
BX = 101 Event : 22
0 0 0001011|0000|110 0x0586
0 1 0010001|0000|100 0x0884
1 0 0010101|0101|001 0x0AA9
1 1 0010111|0101|011 0x0BAB
1 2 0011000|0110|111 0x0C37
1 3 0011001|0010|111 0x0C97
3 0 0011101|0101|000 0x0EA8
4 0 0000000|1011|000 0x0058
8 0 0100110|0000|100 0x1304
8 1 0101001|0110|101 0x14B5
8 2 0101010|0110|101 0x1535
8 3 0101011|0001|100 0x158C
9 0 0110110|0110|111 0x1B37
9 1 0110111|0010|111 0x1B97
a 0 0111010|0100|010 0x1D22
BX = 110 Event : 23
0 0 0001011|0000|010 0x0582
0 1 0001100|0001|101 0x060D
0 2 0001101|0001|101 0x068D
0 3 0001110|0001|100 0x070C
0 4 0010000|0010|100 0x0814
0 5 0010001|0110|100 0x08B4
1 0 0010011|0110|011 0x09B3
1 1 0010101|0010|001 0x0A91
1 2 0011001|0001|111 0x0C8F
2 0 0011100|0001|101 0x0E0D
2 1 0011101|0110|101 0x0EB5
3 0 0011111|0011|001 0x0F99
4 0 0000001|1011|010 0x00DA
5 0 0000101|1010|011 0x02D3
6 0 0001000|0100|111 0x0427
8 0 0101111|0000|001 0x1781
8 1 0110000|0100|110 0x1826
8 2 0110011|0010|111 0x1997
8 3 0110100|0010|111 0x1A17
8 4 0110101|0101|111 0x1AAF
9 0 0111101|0110|010 0x1EB2
9 1 0111110|0110|010 0x1F32
a 0 1000011|0011|000 0x2198
a 1 1000100|0011|001 0x2219
b 0 0100000|1000|111 0x1047
c 0 0100010|0011|101 0x111D
c 1 0100011|0001|010 0x118A
d 0 0100101|1010|000 0x12D0
d 1 0100110|0000|000 0x1300
d 2 0100111|0011|000 0x1398
e 0 0101100|1000|010 0x1642
BX = 111 Event : 24
0 0 0010100|0010|100 0x0A14
0 1 0011110|0001|111 0x0F0F
0 2 0100000|0000|110 0x1006
1 0 0100010|0110|001 0x1131
4 0 0000011|0010|000 0x0190
4 1 0000100|1001|000 0x0248
4 2 0001000|1001|010 0x044A
5 0 0001101|1001|101 0x06CD
8 0 0111110|0010|100 0x1F14
8 1 1000001|0110|111 0x20B7
8 2 1000010|0001|111 0x210F
8 3 1000100|0110|111 0x2237
a 0 1001011|0000|010 0x2582
b 0 0101111|1011|111 0x17DF
b 1 0110000|0011|100 0x181C
d 0 0110100|0010|011 0x1A13
d 1 0110101|0011|011 0x1A9B
d 2 0111000|0000|110 0x1C06
e 0 0110111|0001|001 0x1B89
e 1 0111001|0001|000 0x1C88
e 2 0111011|0001|010 0x1D8A
BX = 000 Event : 25
0 0 0001111|0001|100 0x078C
0 1 0010000|0001|011 0x080B
2 0 0010111|0100|011 0x0BA3
4 0 0000001|1010|000 0x00D0
5 0 0000100|1010|011 0x0253
5 1 0000101|0010|011 0x0293
8 0 0011111|0000|001 0x0F81
8 1 0100000|0101|101 0x102D
8 2 0100010|0110|101 0x1135
8 3 0100011|0101|011 0x11AB
8 4 0100111|0000|111 0x1387
9 0 0100110|0110|000 0x1330
d 0 0011100|0010|011 0x0E13
d 1 0011101|0001|011 0x0E8B
BX = 001 Event : 26
0 0 0001000|0000|001 0x0401
0 1 0001110|0101|100 0x072C
0 2 0001111|0000|100 0x0784
0 3 0010001|0100|100 0x08A4
1 0 0010101|0101|001 0x0AA9
1 1 0010111|0000|011 0x0B83
2 0 0011010|0110|010 0x0D32
9 0 0111100|0001|111 0x1E0F
b 0 0100000|0001|100 0x100C
BX = 010 Event : 27
0 0 0001000|0000|010 0x0402
0 1 0001001|0101|110 0x04AE
0 2 0001100|0000|100 0x0604
0 3 0010001|0101|110 0x08AE
1 0 0010110|0101|001 0x0B29
1 1 0011101|0001|111 0x0E8F
1 2 0011110|0001|111 0x0F0F
1 3 0011111|0110|111 0x0FB7
2 0 0011010|0110|001 0x0D31
2 1 0011011|0100|001 0x0DA1
2 2 0011100|0001|001 0x0E09
2 3 0100010|0000|010 0x1102
3 0 0000000|1011|101 0x005D
8 0 0110010|0100|011 0x1923
8 1 0110011|0000|010 0x1982
9 0 1000010|0100|001 0x2121
9 1 1000011|0010|100 0x2194
9 2 1000100|0010|111 0x2217
b 0 1000111|0001|000 0x2388
b 1 1001001|0001|000 0x2488
BX = 011 Event : 28
0 0 0001000|0000|011 0x0403
0 1 0001100|0001|101 0x060D
1 0 0010101|0110|001 0x0AB1
1 1 0010110|0011|001 0x0B19
1 2 0010111|0101|101 0x0BAD
1 3 0011000|0001|101 0x0C0D
2 0 0011110|0011|010 0x0F1A
2 1 0011111|0010|010 0x0F92
3 0 0000000|0011|101 0x001D
4 0 0000010|0011|110 0x011E
8 0 0100111|0100|001 0x13A1
8 1 0101000|0000|001 0x1401
8 2 0101011|0100|100 0x15A4
8 3 0110000|0010|111 0x1817
9 0 0101101|0101|001 0x16A9
9 1 0110001|0010|010 0x1892
9 2 0110011|0100|010 0x19A2
9 3 0111000|0101|001 0x1C29
9 4 1000001|0101|111 0x20AF
a 0 1000100|0001|101 0x220D
BX = 100 Event : 29
0 0 0000110|0000|011 0x0303
0 1 0001010|0000|011 0x0503
0 2 0001101|0001|111 0x068F
1 0 0001111|0001|010 0x078A
4 0 0000000|1001|000 0x0048
8 0 0100100|0000|010 0x1202
8 1 0100110|0100|001 0x1321
9 0 0101001|0110|011 0x14B3
a 0 0110000|0101|010 0x182A
d 0 0100001|1001|000 0x10C8
BX = 101 Event : 30
0 0 0010100|0010|011 0x0A13
0 1 0100001|0101|111 0x10AF
1 0 0101000|0010|111 0x1417
2 0 0101100|0100|110 0x1626
4 0 0000010|1001|110 0x014E
4 1 0000011|1000|010 0x01C2
4 2 0000100|1001|010 0x024A
5 0 0000111|1010|101 0x03D5
8 0 0110110|0000|010 0x1B02
8 1 0111010|0101|101 0x1D2D
8 2 0111011|0101|101 0x1DAD
8 3 0111101|0110|011 0x1EB3
a 0 1000101|0101|100 0x22AC
b 0 1000111|0010|011 0x2393
c 0 0110010|1001|101 0x194D
d 0 0110100|0000|000 0x1A00
BX = 110 Event : 31
0 0 0001001|0000|001 0x0481
0 1 0001010|0000|001 0x0501
0 2 0001100|0001|110 0x060E
0 3 0010000|0110|100 0x0834
0 4 0010010|0001|100 0x090C
0 5 0010011|0001|011 0x098B
0 6 0010101|0001|110 0x0A8E
1 0 0010111|0110|011 0x0BB3
4 0 0000100|1010|110 0x0256
4 1 0000111|0100|111 0x03A7
6 0 0001000|0011|010 0x041A
8 0 0110010|0000|010 0x1902
8 1 0110100|0001|100 0x1A0C
8 2 0110110|0110|100 0x1B34
8 3 0111000|0001|011 0x1C0B
9 0 1000001|0101|110 0x20AE
b 0 0100110|1010|111 0x1357
b 1 1000100|0100|001 0x2221
b 2 1000101|0000|000 0x2280
d 0 0101100|1010|000 0x1650
BX = 111 Event : 32
0 0 0010011|0010|100 0x0994
0 1 0011001|0010|111 0x0C97
0 2 0011010|0001|111 0x0D0F
1 0 0010110|0101|001 0x0B29
1 1 0011000|0010|000 0x0C10
1 2 0011101|0010|011 0x0E93
2 0 0100001|0001|000 0x1088
2 1 0100011|0011|011 0x119B
4 0 0000000|1001|000 0x0048
4 1 0000001|0011|000 0x0098
6 0 0001000|1010|001 0x0451
8 0 0110000|0000|001 0x1801
8 1 0110100|0001|101 0x1A0D
9 0 0111100|0010|110 0x1E16
a 0 0111110|0110|011 0x1F33
a 1 1000000|0100|100 0x2024
b 0 0100100|0011|111 0x121F
b 1 1000101|0111|011 0x22BB
b 2 1000110|0111|010 0x233A
c 0 0100101|0001|010 0x128A
BX = 000 Event : 33
0 0 0010011|0100|100 0x09A4
1 0 0100011|0100|011 0x11A3
2 0 0101001|0110|010 0x14B2
3 0 0000010|1001|101 0x014D
4 0 0000001|0010|000 0x0090
4 1 0000101|1010|110 0x02D6
4 2 0000110|1010|010 0x0352
4 3 0001010|1010|111 0x0557
5 0 0001000|1011|011 0x045B
5 1 0001001|1011|011 0x04DB
8 0 0110111|0001|110 0x1B8E
9 0 0111111|0100|100 0x1FA4
c 0 0101110|1010|101 0x1755
d 0 0110110|0010|110 0x1B16
BX = 001 Event : 34
0 0 0010100|0110|110 0x0A36
1 0 0011011|0000|111 0x0D87
3 0 0000011|0000|101 0x0185
4 0 0000000|0010|000 0x0010
4 1 0000001|0001|000 0x0088
8 0 0101110|0000|001 0x1701
8 1 0110000|0100|001 0x1821
8 2 0110001|0101|100 0x18AC
8 3 0110010|0001|011 0x190B
8 4 0110011|0100|011 0x19A3
8 5 0110111|0100|111 0x1BA7
8 6 0111000|0100|111 0x1C27
9 0 1000011|0000|100 0x2184
9 1 1000110|0101|100 0x232C
a 0 1001010|0000|010 0x2502
a 1 1001011|0110|100 0x25B4
a 2 1001100|0100|100 0x2624
a 3 1001101|0011|100 0x269C
a 4 1001110|0100|100 0x2724
b 0 0100000|1001|111 0x104F
c 0 0100100|1010|010 0x1252
c 1 0100101|1010|010 0x12D2
d 0 0101001|0000|011 0x1483
d 1 0101010|0011|000 0x1518
e 0 0101100|0100|010 0x1622
BX = 010 Event : 35
0 0 0001001|0001|110 0x048E
0 1 0001010|0001|110 0x050E
0 2 0001011|0110|100 0x05B4
0 3 0001100|0001|100 0x060C
0 4 0001101|0001|100 0x068C
0 5 0010001|0100|110 0x08A6
1 0 0010000|0101|000 0x0828
1 1 0010100|0010|001 0x0A11
2 0 0010110|0110|001 0x0B31
2 1 0010111|0110|010 0x0BB2
3 0 0000011|0010|101 0x0195
4 0 0000001|0010|000 0x0090
4 1 0000010|0001|000 0x0108
4 2 0000110|0010|010 0x0312
6 0 0001000|0100|111 0x0427
8 0 0101010|0000|001 0x1501
8 1 0101011|0000|110 0x1586
8 2 0101100|0010|101 0x1615
8 3 0101101|0001|100 0x168C
8 4 0101110|0101|100 0x172C
8 5 0110000|0101|100 0x182C
8 6 0110101|0010|111 0x1A97
8 7 0110111|0101|111 0x1BAF
9 0 0111001|0110|001 0x1CB1
9 1 0111101|0110|101 0x1EB5
a 0 1000100|0001|101 0x220D
b 0 0011110|0001|100 0x0F0C
BX = 011 Event : 36
0 0 0001101|0000|011 0x0683
0 1 0001111|0010|110 0x0796
1 0 0010110|0101|100 0x0B2C
1 1 0011100|0100|100 0x0E24
1 2 0011101|0100|111 0x0EA7
4 0 0000000|1000|010 0x0042
4 1 0000001|1011|010 0x00DA
6 0 0001011|1010|111 0x05D7
8 0 0101010|0001|110 0x150E
8 1 0110001|0010|110 0x1896
9 0 0101111|0100|000 0x17A0
9 1 0110000|0010|000 0x1810
9 2 0110011|0010|011 0x1993
b 0 0011111|0011|100 0x0F9C
c 0 0100011|0001|010 0x118A
e 0 0100101|1100|101 0x12E5
BX = 100 Event : 37
0 0 0011001|0100|111 0x0CA7
0 1 0011010|0101|111 0x0D2F
0 2 0011011|0101|111 0x0DAF
1 0 0100010|0100|010 0x1122
1 1 0100110|0101|100 0x132C
1 2 0100111|0110|100 0x13B4
3 0 0000001|1010|101 0x00D5
4 0 0000000|0010|000 0x0010
4 1 0000110|0010|111 0x0317
4 2 0000111|0011|111 0x039F
4 3 0001000|0000|111 0x0407
4 4 0001001|0001|111 0x048F
6 0 0001100|0001|001 0x0609
6 1 0001101|0101|111 0x06AF
8 0 0110010|0001|100 0x190C
8 1 0111000|0110|100 0x1C34
8 2 0111100|0101|011 0x1E2B
a 0 1001100|0010|010 0x2612
b 0 1010011|0111|010 0x29BA
BX = 101 Event : 38
0 0 0010001|0010|100 0x0894
0 1 0010100|0001|100 0x0A0C
0 2 0010101|0000|100 0x0A84
0 3 0010110|0001|100 0x0B0C
1 0 0011101|0101|000 0x0EA8
1 1 0011110|0101|000 0x0F28
1 2 0100111|0010|001 0x1391
1 3 0101001|0011|001 0x1499
3 0 0000010|1010|101 0x0155
4 0 0000111|0001|110 0x038E
8 0 1000000|0001|100 0x200C
8 1 1000001|0000|101 0x2085
8 2 1000010|0101|100 0x212C
8 3 1000101|0000|100 0x2284
9 0 1001011|0001|011 0x258B
9 1 1001100|0010|001 0x2611
9 2 1001101|0010|111 0x2697
9 3 1001110|0010|111 0x2717
a 0 1010000|0001|001 0x2809
c 0 0110100|0001|010 0x1A0A
e 0 0111001|1100|001 0x1CE1
BX = 110 Event : 39
0 0 0001101|0000|010 0x0682
1 0 0010100|0010|001 0x0A11
1 1 0011010|0110|100 0x0D34
1 2 0011100|0100|011 0x0E23
1 3 0011101|0101|011 0x0EAB
2 0 0100010|0100|011 0x1123
2 1 0100100|0100|011 0x1223
4 0 0000101|0011|010 0x029A
6 0 0001011|1010|011 0x05D3
8 0 0110001|0101|110 0x18AE
8 1 0110010|0001|101 0x190D
8 2 0110100|0110|101 0x1A35
8 3 0110110|0000|100 0x1B04
8 4 0111001|0010|011 0x1C93
9 0 1000001|0000|110 0x2086
a 0 0111110|0011|001 0x1F19
a 1 0111111|0010|001 0x1F91
a 2 1000000|0010|000 0x2010
a 3 1000010|0000|000 0x2100
d 0 0101011|0011|011 0x159B
d 1 0101100|0010|000 0x1610
BX = 111 Event : 40
0 0 0001110|0101|110 0x072E
1 0 0100111|0010|110 0x1396
1 1 0101000|0001|101 0x140D
1 2 0101100|0011|110 0x161E
4 0 0000100|0011|010 0x021A
4 1 0001010|1011|111 0x055F
9 0 1000110|0101|001 0x2329
9 1 1001101|0101|001 0x26A9
9 2 1001111|0100|100 0x27A4
d 0 0111101|1000|101 0x1EC5
e 0 0111011|0100|001 0x1DA1
BX = 000 Event : 41
0 0 0010000|0000|010 0x0802
0 1 0010001|0000|010 0x0882
0 2 0010010|0100|011 0x0923
0 3 0010011|0100|101 0x09A5
0 4 0010110|0101|100 0x0B2C
0 5 0010111|0010|111 0x0B97
0 6 0011000|0010|111 0x0C17
1 0 0011011|0010|011 0x0D93
1 1 0011100|0001|001 0x0E09
1 2 0011101|0010|011 0x0E93
4 0 0000000|0010|000 0x0010
4 1 0000001|0000|000 0x0080
4 2 0000100|0010|010 0x0212
5 0 0001010|1010|101 0x0555
8 0 0101011|0100|011 0x15A3
8 1 0101100|0110|110 0x1636
8 2 0110001|0000|011 0x1883
8 3 0110101|0000|111 0x1A87
8 4 0110110|0001|110 0x1B0E
9 0 0110111|0110|010 0x1BB2
9 1 0111000|0000|010 0x1C02
9 2 0111001|0101|010 0x1CAA
a 0 1000001|0000|101 0x2085
a 1 1000010|0011|110 0x211E
c 0 0100111|0000|101 0x1385
BX = 001 Event : 42
0 0 0010001|0100|011 0x08A3
1 0 0010111|0000|101 0x0B85
1 1 0011000|0101|101 0x0C2D
2 0 0100010|0111|101 0x113D
2 1 0100101|0110|110 0x12B6
3 0 0000001|0010|101 0x0095
8 0 0101001|0000|011 0x1483
8 1 0101101|0001|110 0x168E
8 2 0101111|0100|110 0x17A6
8 3 0110100|0110|100 0x1A34
8 4 0110111|0000|110 0x1B86
8 5 0111000|0001|110 0x1C0E
9 0 0111100|0101|100 0x1E2C
a 0 0111101|0010|000 0x1E90
BX = 010 Event : 43
0 0 0010000|0101|101 0x082D
0 1 0011011|0001|111 0x0D8F
0 2 0011100|0010|111 0x0E17
1 0 0011001|0010|000 0x0C90
2 0 0100100|0010|011 0x1213
3 0 0000010|1000|101 0x0145
4 0 0000000|1001|000 0x0048
4 1 0000111|1001|010 0x03CA
4 2 0001000|1000|010 0x0442
4 3 0001001|1010|010 0x04D2
4 4 0001100|0000|111 0x0607
5 0 0001011|1010|011 0x05D3
8 0 0110101|0100|001 0x1AA1
8 1 0110111|0100|000 0x1BA0
8 2 0111000|0000|100 0x1C04
9 0 0111111|0000|011 0x1F83
9 1 1000000|0000|010 0x2002
b 0 0101010|1011|111 0x155F
b 1 0101011|1001|100 0x15CC
b 2 0101100|0010|100 0x1614
c 0 0101111|0010|101 0x1795
e 0 0110011|1010|101 0x19D5
BX = 011 Event : 44
0 0 0000110|0000|110 0x0306
0 1 0001011|0001|100 0x058C
0 2 0001100|0001|100 0x060C
1 0 0010011|0011|001 0x0999
2 0 0100001|0001|110 0x108E
8 0 0101011|0100|110 0x15A6
8 1 0101100|0000|100 0x1604
9 0 0111100|0001|010 0x1E0A
9 1 0111101|0010|110 0x1E96
9 2 1000001|0010|110 0x2096
c 0 0100011|0011|010 0x119A
c 1 0100100|1001|010 0x124A
BX = 100 Event : 45
0 0 0001101|0100|011 0x06A3
0 1 0001110|0010|100 0x0714
0 2 0001111|0101|110 0x07AE
0 3 0010001|0101|110 0x08AE
0 4 0010011|0000|101 0x0985
0 5 0010100|0101|100 0x0A2C
0 6 0010101|0010|100 0x0A94
1 0 0011100|0100|010 0x0E22
2 0 0100010|0101|010 0x112A
4 0 0000001|0000|000 0x0080
4 1 0000101|1011|111 0x02DF
5 0 0000011|0010|011 0x0193
5 1 0000100|0000|011 0x0203
6 0 0000111|1100|011 0x03E3
6 1 0001000|1001|110 0x044E
8 0 0101111|0100|001 0x17A1
8 1 0110010|0010|100 0x1914
9 0 0110101|0101|000 0x1AA8
9 1 0110111|0101|010 0x1BAA
a 0 0111011|0110|001 0x1DB1
b 0 0101000|1010|100 0x1454
BX = 101 Event : 46
1 0 0010010|0011|011 0x091B
1 1 0010011|0011|011 0x099B
1 2 0010101|0000|011 0x0A83
1 3 0011101|0101|111 0x0EAF
2 0 0011110|0001|010 0x0F0A
4 0 0000011|1010|010 0x01D2
6 0 0000111|1001|001 0x03C9
8 0 0101111|0001|110 0x178E
8 1 0110010|0001|100 0x190C
9 0 0110110|0010|110 0x1B16
a 0 0111000|0110|001 0x1C31
a 1 0111001|0100|101 0x1CA5
a 2 0111010|0011|011 0x1D1B
a 3 0111011|0001|110 0x1D8E
BX = 110 Event : 47
0 0 0001011|0000|001 0x0581
0 1 0001100|0100|001 0x0621
0 2 0001101|0100|001 0x06A1
0 3 0010000|0101|101 0x082D
0 4 0010010|0000|100 0x0904
0 5 0010011|0001|100 0x098C
0 6 0010100|0101|100 0x0A2C
0 7 0010101|0010|100 0x0A94
0 8 0010110|0000|011 0x0B03
2 0 0011100|0100|010 0x0E22
3 0 0000000|1010|101 0x0055
8 0 0101010|0000|001 0x1501
8 1 0110000|0000|110 0x1806
8 2 0111000|0001|111 0x1C0F
9 0 0111100|0010|011 0x1E13
9 1 0111101|0010|010 0x1E92
9 2 1000010|0010|110 0x2116
9 3 1000011|0010|110 0x2196
a 0 1000111|0110|100 0x23B4
b 0 1001001|0110|011 0x24B3
b 1 1001010|0000|011 0x2503
b 2 1001100|0010|010 0x2612
e 0 0100110|1011|001 0x1359
e 1 0101000|1100|011 0x1463
BX = 111 Event : 48
0 0 0001101|0001|011 0x068B
1 0 0010000|0101|001 0x0829
2 0 0010010|0110|111 0x0937
4 0 0000000|1001|010 0x004A
6 0 0000001|0010|001 0x0091
8 0 0100001|0010|110 0x1096
8 1 0100010|0010|110 0x1116
8 2 0100101|0100|100 0x12A4
8 3 0100111|0010|100 0x1394
8 4 0101111|0010|110 0x1796
8 5 0110001|0001|110 0x188E
9 0 0101010|0110|001 0x1531
9 1 0111000|0000|110 0x1C06
b 0 0010100|1000|100 0x0A44
b 1 0111111|0111|001 0x1FB9
BX = 000 Event : 49
0 0 0001111|0000|011 0x0783
3 0 0101011|0010|010 0x1592
4 0 0000000|0010|000 0x0010
4 1 0000001|0010|000 0x0090
6 0 0001010|1010|001 0x0551
8 0 0110100|0010|110 0x1A16
8 1 0110101|0101|110 0x1AAE
8 2 0111000|0100|100 0x1C24
8 3 0111100|0010|111 0x1E17
9 0 0111001|0100|001 0x1CA1
9 1 0111010|0101|000 0x1D28
9 2 0111110|0011|001 0x1F19
a 0 1000111|0011|000 0x2398
a 1 1001100|0010|111 0x2617
b 0 1001111|0110|010 0x27B2
d 0 0110000|1010|011 0x1853
BX = 001 Event : 50
3 0 0011110|0101|000 0x0F28
4 0 0000011|1011|010 0x01DA
8 0 0100111|0100|010 0x13A2
8 1 0101001|0101|110 0x14AE
8 2 0101110|0010|100 0x1714
8 3 0110000|0101|100 0x182C
9 0 0111001|0110|010 0x1CB2
9 1 0111101|0000|001 0x1E81
a 0 1000000|0010|010 0x2012
BX = 010 Event : 51
0 0 0001011|0101|101 0x05AD
0 1 0001100|0100|100 0x0624
0 2 0001101|0010|011 0x0693
0 3 0010000|0100|011 0x0823
1 0 0011001|0000|001 0x0C81
2 0 0011100|0100|101 0x0E25
2 1 0011101|0011|100 0x0E9C
2 2 0011110|0010|100 0x0F14
4 0 0000000|0001|000 0x0008
4 1 0000001|1011|000 0x00D8
4 2 0000100|0001|010 0x020A
4 3 0000101|1001|010 0x02CA
4 4 0000110|1011|010 0x035A
6 0 0001000|1010|001 0x0451
6 1 0001001|0011|111 0x049F
8 0 0101000|0101|100 0x142C
9 0 0110011|0010|100 0x1994
BX = 011 Event : 52
0 0 0001100|0000|001 0x0601
0 1 0010000|0110|110 0x0836
0 2 0010001|0001|110 0x088E
0 3 0010010|0110|100 0x0934
0 4 0010111|0000|111 0x0B87
2 0 0101100|0010|010 0x1612
4 0 0000010|1011|110 0x015E
4 1 0000011|0011|010 0x019A
4 2 0000100|1001|010 0x024A
5 0 0000110|1010|011 0x0353
8 0 1000010|0000|010 0x2102
8 1 1000011|0000|010 0x2182
8 2 1001100|0101|111 0x262F
9 0 1001010|0010|001 0x2511
9 1 1001011|0100|000 0x25A0
9 2 1001110|0110|110 0x2736
9 3 1001111|0100|101 0x27A5
b 0 1010101|0110|000 0x2AB0
b 1 1010110|0110|000 0x2B30
b 2 1010111|0000|000 0x2B80
b 3 1011000|0011|000 0x2C18
b 4 1011001|0011|000 0x2C98
b 5 1011110|0111|000 0x2F38
c 0 0111000|0000|101 0x1C05
d 0 0111011|0010|000 0x1D90
BX = 100 Event : 53
0 0 0010010|0001|111 0x090F
1 0 0010110|0011|001 0x0B19
1 1 0011010|0100|100 0x0D24
4 0 0000000|0010|000 0x0010
4 1 0000100|0001|110 0x020E
5 0 0000110|0100|101 0x0325
8 0 0101101|0000|010 0x1682
8 1 0110001|0001|100 0x188C
9 0 0111000|0100|001 0x1C21
a 0 0111011|0101|000 0x1DA8
b 0 0100100|1001|100 0x124C
d 0 0100101|1011|011 0x12DB
e 0 0101011|1100|101 0x15E5
BX = 101 Event : 54
0 0 0001001|0000|011 0x0483
0 1 0001011|0100|100 0x05A4
0 2 0001100|0110|100 0x0634
0 3 0001101|0010|101 0x0695
1 0 0010010|0000|000 0x0900
1 1 0010011|0010|011 0x0993
1 2 0010100|0011|011 0x0A1B
1 3 0011101|0010|100 0x0E94
4 0 0000000|0011|000 0x0018
4 1 0000001|1000|000 0x00C0
4 2 0000011|1001|010 0x01CA
8 0 0110010|0100|010 0x1922
8 1 0110011|0000|011 0x1983
8 2 0110100|0110|011 0x1A33
9 0 0110110|0110|010 0x1B32
9 1 0111000|0000|001 0x1C01
a 0 0111010|0110|001 0x1D31
a 1 0111101|0100|110 0x1EA6
b 0 0101010|1001|100 0x154C
b 1 0111111|0111|001 0x1FB9
c 0 0101011|1001|010 0x15CA
d 0 0101101|0010|011 0x1693
e 0 0110000|1010|101 0x1855
BX = 110 Event : 55
0 0 0000111|0100|011 0x03A3
0 1 0001000|0100|011 0x0423
0 2 0001001|0000|001 0x0481
0 3 0001010|0100|010 0x0522
0 4 0001011|0110|011 0x05B3
0 5 0001111|0001|111 0x078F
1 0 0010000|0010|011 0x0813
1 1 0010001|0011|011 0x089B
1 2 0010011|0110|001 0x09B1
2 0 0011000|0001|011 0x0C0B
2 1 0011001|0011|011 0x0C9B
8 0 0101111|0001|101 0x178D
9 0 0110101|0100|000 0x1AA0
9 1 0111001|0110|001 0x1CB1
9 2 0111100|0010|111 0x1E17
9 3 0111101|0110|110 0x1EB6
a 0 1000000|0110|011 0x2033
b 0 1000010|0111|000 0x2138
b 1 1000011|0101|000 0x21A8
b 2 1000100|0111|000 0x2238
d 0 0011111|0011|000 0x0F98
d 1 0100010|0010|110 0x1116
d 2 0100011|0010|110 0x1196
e 0 0100001|1010|001 0x10D1
e 1 0101000|1010|010 0x1452
BX = 111 Event : 56
0 0 0010011|0000|001 0x0981
0 1 0011100|0010|011 0x0E13
0 2 0011111|0000|111 0x0F87
1 0 0101000|0010|100 0x1414
2 0 0101001|0100|001 0x14A1
2 1 0101100|0110|101 0x1635
4 0 0000100|1010|010 0x0252
5 0 0001110|0001|101 0x070D
6 0 0001101|0001|001 0x0689
6 1 0010000|0000|011 0x0803
8 0 0111101|0000|000 0x1E80
8 1 0111111|0100|100 0x1FA4
8 2 1000010|0110|011 0x2133
8 3 1000101|0110|110 0x22B6
9 0 1000011|0010|001 0x2191
a 0 1001010|0110|001 0x2531
a 1 1001011|0000|001 0x2581
b 0 1001110|0010|011 0x2713
c 0 0110101|1000|101 0x1AC5
c 1 0110110|1000|010 0x1B42
c 2 0110111|0010|010 0x1B92
d 0 0111001|1011|011 0x1CDB
BX = 000 Event : 57
0 0 0010001|0000|011 0x0883
0 1 0010010|0000|010 0x0902
0 2 0010100|0010|100 0x0A14
0 3 0010101|0000|100 0x0A84
0 4 0010110|0010|011 0x0B13
0 5 0011000|0000|011 0x0C03
0 6 0011010|0010|111 0x0D17
1 0 0011001|0010|000 0x0C90
1 1 0100010|0010|011 0x1113
3 0 0000010|0010|101 0x0115
3 1 0000011|1001|101 0x01CD
3 2 0000100|1001|101 0x024D
3 3 0101101|0110|011 0x16B3
8 0 0110110|0000|001 0x1B01
8 1 0111001|0100|000 0x1CA0
8 2 0111100|0001|100 0x1E0C
a 0 1001000|0101|000 0x2428
a 1 1010001|0010|100 0x2894
b 0 0101111|0001|100 0x178C
d 0 0110010|1000|110 0x1946
BX = 001 Event : 58
0 0 0000111|0110|101 0x03B5
0 1 0001010|0000|100 0x0504
4 0 0000000|1000|000 0x0040
4 1 0000010|1011|010 0x015A
8 0 0100100|0000|100 0x1204
8 1 0100101|0010|100 0x1294
8 2 0101010|0000|111 0x1507
9 0 0101000|0001|000 0x1408
9 1 0101100|0010|110 0x1616
a 0 0110000|0100|101 0x1825
a 1 0110001|0011|101 0x189D
BX = 010 Event : 59
0 0 0001011|0001|101 0x058D
0 1 0010000|0110|111 0x0837
1 0 0001111|0100|001 0x07A1
1 1 0010011|0110|010 0x09B2
1 2 0010110|0010|001 0x0B11
2 0 0011111|0011|100 0x0F9C
2 1 0100010|0110|110 0x1136
4 0 0000110|1000|010 0x0342
5 0 0001000|1011|101 0x045D
8 0 0101011|0000|010 0x1582
8 1 0101101|0000|010 0x1682
9 0 0110011|0110|000 0x19B0
9 1 0111001|0010|100 0x1C94
b 0 0100011|1001|100 0x11CC
BX = 011 Event : 60
0 0 0010000|0100|101 0x0825
0 1 0010001|0101|110 0x08AE
1 0 0011101|0101|000 0x0EA8
1 1 0100001|0110|100 0x10B4
1 2 0100010|0100|011 0x1123
1 3 0101000|0110|100 0x1434
2 0 0101011|0101|001 0x15A9
2 1 0101111|0101|001 0x17A9
4 0 0000011|1011|010 0x01DA
6 0 0001010|0010|001 0x0511
6 1 0001011|1100|111 0x05E7
6 2 0001100|0011|011 0x061B
8 0 1001100|0001|011 0x260B
8 1 1010010|0101|111 0x292F
9 0 1010110|0110|010 0x2B32
9 1 1011011|0110|011 0x2DB3
9 2 1011100|0101|100 0x2E2C
d 0 0111010|1011|011 0x1D5B
e 0 1000000|0101|101 0x202D
BX = 100 Event : 61
0 0 0010000|0100|001 0x0821
0 1 0010010|0100|001 0x0921
0 2 0011000|0101|100 0x0C2C
0 3 0011010|0000|011 0x0D03
0 4 0011100|0010|110 0x0E16
1 0 0011110|0110|011 0x0F33
1 1 0011111|0001|011 0x0F8B
1 2 0100000|0110|011 0x1033
1 3 0100001|0010|011 0x1093
1 4 0100110|0100|100 0x1324
2 0 0101100|0101|101 0x162D
2 1 0101101|0110|100 0x16B4
2 2 0101110|0100|011 0x1723
3 0 0110001|0111|010 0x18BA
5 0 0001001|1000|011 0x04C3
5 1 0001010|0000|011 0x0503
5 2 0001011|0000|011 0x0583
5 3 0001100|0010|101 0x0615
5 4 0001101|0001|101 0x068D
8 0 0111101|0100|011 0x1EA3
8 1 0111110|0001|110 0x1F0E
8 2 1000001|0000|100 0x2084
8 3 1001000|0000|111 0x2407
8 4 1001001|0000|111 0x2487
9 0 1001010|0001|010 0x250A
9 1 1001101|0001|111 0x268F
a 0 1001110|0110|011 0x2733
b 0 0110010|1011|100 0x195C
b 1 1010111|0000|000 0x2B80
d 0 0111000|0001|000 0x1C08
d 1 0111001|0100|000 0x1CA0
BX = 101 Event : 62
0 0 0000101|0000|011 0x0283
0 1 0000111|0000|110 0x0386
0 2 0001010|0001|011 0x050B
0 3 0001011|0110|011 0x05B3
1 0 0011000|0011|010 0x0C1A
3 0 0000000|0011|101 0x001D
5 0 0000011|0011|011 0x019B
6 0 0000100|1100|001 0x0261
8 0 0100110|0000|000 0x1300
8 1 0101000|0010|011 0x1413
9 0 0110010|0010|011 0x1913
9 1 0110100|0000|010 0x1A02
9 2 0110101|0100|010 0x1AA2
a 0 0111100|0110|101 0x1E35
a 1 0111101|0000|101 0x1E85
c 0 0100001|1011|010 0x10DA
d 0 0100100|0000|110 0x1206
e 0 0100011|1001|001 0x11C9
e 1 0100101|1001|101 0x12CD
BX = 110 Event : 63
0 0 0000010|0000|010 0x0102
0 1 0000011|0001|100 0x018C
0 2 0001000|0001|111 0x040F
1 0 0001100|0010|001 0x0611
1 1 0001110|0000|001 0x0701
8 0 0011101|0000|100 0x0E84
8 1 0011111|0100|011 0x0FA3
8 2 0100000|0010|011 0x1013
9 0 0110001|0010|010 0x1892
a 0 0110110|0101|101 0x1B2D
a 1 0110111|0001|101 0x1B8D
a 2 0111000|0011|011 0x1C1B
BX = 111 Event : 64
0 0 0000110|0000|011 0x0303
0 1 0000111|0000|011 0x0383
0 2 0001010|0010|101 0x0515
0 3 0001101|0001|011 0x068B
0 4 0010100|0001|110 0x0A0E
1 0 0011000|0001|101 0x0C0D
2 0 0011100|0001|000 0x0E08
2 1 0011101|0001|000 0x0E88
2 2 0011110|0010|010 0x0F12
2 3 0100000|0001|101 0x100D
3 0 0000000|0010|101 0x0015
8 0 0101011|0000|001 0x1581
8 1 0101101|0010|110 0x1696
9 0 0111011|0010|011 0x1D93
9 1 0111110|0101|011 0x1F2B
9 2 0111111|0101|011 0x1FAB
9 3 1000011|0011|111 0x219F
e 0 0100111|1011|010 0x13DA
e 1 0101000|0100|010 0x1422
BX = 000 Event : 65
0 0 0001101|0010|111 0x0697
1 0 0001011|0100|000 0x05A0
4 0 0000001|1001|110 0x00CE
8 0 0101011|0000|101 0x1585
8 1 0101101|0001|100 0x168C
8 2 0110000|0110|111 0x1837
9 0 0101110|0010|001 0x1711
9 1 0101111|0101|000 0x17A8
b 0 0111111|0100|001 0x1FA1
c 0 0100000|1000|101 0x1045
d 0 0100010|0001|011 0x110B
BX = 001 Event : 66
0 0 0000110|0000|001 0x0301
0 1 0000111|0101|110 0x03AE
0 2 0001000|0010|110 0x0416
0 3 0001001|0001|101 0x048D
0 4 0001100|0110|100 0x0634
0 5 0011001|0001|111 0x0C8F
0 6 0011010|0100|111 0x0D27
0 7 0011011|0101|110 0x0DAE
0 8 0011101|0101|110 0x0EAE
1 0 0011111|0101|001 0x0FA9
2 0 0100101|0101|011 0x12AB
2 1 0100110|0101|011 0x132B
3 0 0101001|0101|011 0x14AB
5 0 0000011|1011|011 0x01DB
8 0 0111110|0100|100 0x1F24
8 1 1000010|0110|011 0x2133
9 0 1000110|0100|000 0x2320
9 1 1000111|0100|000 0x23A0
b 0 1010010|0110|001 0x2931
d 0 0110000|1001|000 0x1848
d 1 0110011|1000|110 0x19C6
e 0 0110100|0001|010 0x1A0A
BX = 010 Event : 67
0 0 0000111|0000|010 0x0382
0 1 0001010|0100|101 0x0525
0 2 0001011|0000|101 0x0585
0 3 0001101|0100|101 0x06A5
0 4 0010100|0000|111 0x0A07
0 5 0010110|0001|110 0x0B0E
1 0 0010001|0001|001 0x0889
1 1 0011001|0101|100 0x0CAC
1 2 0011011|0011|011 0x0D9B
1 3 0011110|0000|001 0x0F01
1 4 0100100|0101|100 0x122C
2 0 0101111|0100|110 0x17A6
2 1 0110000|0111|110 0x183E
3 0 0101110|0011|000 0x1718
3 1 0110001|0011|011 0x189B
4 0 0000000|0011|000 0x0018
5 0 0000010|0011|011 0x011B
8 0 0110111|0000|000 0x1B80
8 1 0111101|0010|100 0x1E94
8 2 0111110|0010|011 0x1F13
9 0 1000001|0001|000 0x2088
9 1 1001000|0001|100 0x240C
a 0 1001101|0100|100 0x26A4
BX = 011 Event : 68
0 0 0001011|0100|011 0x05A3
0 1 0001101|0010|110 0x0696
0 2 0010010|0010|100 0x0914
1 0 0010100|0101|010 0x0A2A
1 1 0010101|0101|001 0x0AA9
1 2 0010111|0010|101 0x0B95
1 3 0011000|0101|101 0x0C2D
1 4 0011001|0010|100 0x0C94
2 0 0011101|0101|011 0x0EAB
8 0 0100101|0000|010 0x1282
8 1 0100110|0000|010 0x1302
8 2 0100111|0010|110 0x1396
8 3 0101001|0101|101 0x14AD
8 4 0101011|0101|100 0x15AC
9 0 0101101|0001|011 0x168B
9 1 0101110|0011|010 0x171A
9 2 0101111|0001|010 0x178A
9 3 0111000|0000|011 0x1C03
9 4 0111001|0000|011 0x1C83
9 5 0111010|0101|111 0x1D2F
b 0 0011111|0000|111 0x0F87
b 1 0100001|0011|100 0x109C
BX = 100 Event : 69
0 0 0001011|0000|011 0x0583
0 1 0010100|0000|011 0x0A03
0 2 0011010|0101|111 0x0D2F
0 3 0011011|0010|111 0x0D97
0 4 0011100|0010|111 0x0E17
0 5 0011101|0001|111 0x0E8F
1 0 0100000|0001|100 0x100C
1 1 0100001|0100|011 0x10A3
1 2 0100011|0100|011 0x11A3
1 3 0101000|0010|100 0x1414
1 4 0101010|0010|110 0x1516
1 5 0101011|0110|110 0x15B6
1 6 0101100|0101|100 0x162C
1 7 0101101|0000|100 0x1684
1 8 0101110|0100|011 0x1723
2 0 0110010|0011|011 0x191B
4 0 0000001|0011|110 0x009E
4 1 0000010|0000|110 0x0106
4 2 0000011|1011|110 0x01DE
8 0 1010001|0100|001 0x28A1
8 1 1010011|0101|100 0x29AC
8 2 1011010|0110|100 0x2D34
9 0 1011110|0010|000 0x2F10
a 0 1101010|0101|010 0x352A
a 1 1101100|0101|101 0x362D
b 0 0111100|0011|100 0x1E1C
b 1 0111101|0001|100 0x1E8C
d 0 1000110|1011|011 0x235B
d 1 1000111|0000|000 0x2380
BX = 101 Event : 70
0 0 0010010|0101|011 0x092B
0 1 0011000|0010|111 0x0C17
1 0 0011011|0010|011 0x0D93
1 1 0011100|0010|011 0x0E13
1 2 0011101|0100|010 0x0EA2
3 0 0100110|0001|011 0x130B
4 0 0000011|1010|010 0x01D2
5 0 0000110|1010|011 0x0353
8 0 0101101|0101|101 0x16AD
8 1 0101110|0001|100 0x170C
8 2 0101111|0001|011 0x178B
9 0 0110000|0101|000 0x1828
BX = 110 Event : 71
0 0 0001100|0110|100 0x0634
0 1 0001101|0001|100 0x068C
0 2 0010010|0101|110 0x092E
1 0 0001110|0001|001 0x0709
1 1 0010011|0110|010 0x09B2
1 2 0010100|0000|111 0x0A07
3 0 0000000|1011|101 0x005D
6 0 0001011|0000|110 0x0586
8 0 0011011|0000|001 0x0D81
8 1 0011100|0010|110 0x0E16
8 2 0011101|0010|101 0x0E95
8 3 0100000|0010|110 0x1016
9 0 0011111|0100|001 0x0FA1
b 0 0010101|1001|111 0x0ACF
BX = 111 Event : 72
0 0 0010101|0001|100 0x0A8C
0 1 0010110|0001|100 0x0B0C
0 2 0010111|0100|110 0x0BA6
0 3 0011000|0100|110 0x0C26
0 4 0011010|0100|101 0x0D25
0 5 0011100|0000|100 0x0E04
0 6 0100011|0010|111 0x1197
1 0 0100000|0001|000 0x1008
1 1 0100001|0000|000 0x1080
1 2 0101101|0010|110 0x1696
1 3 0101110|0101|100 0x172C
1 4 0101111|0000|111 0x1787
1 5 0110000|0100|110 0x1826
3 0 0000001|1000|101 0x00C5
3 1 0000010|0010|101 0x0115
5 0 0001110|0001|101 0x070D
6 0 0001101|1010|001 0x06D1
8 0 1000101|0000|010 0x2282
8 1 1000110|0100|100 0x2324
8 2 1000111|0010|110 0x2396
8 3 1001111|0100|100 0x27A4
8 4 1010001|0010|100 0x2894
8 5 1010010|0110|011 0x2933
8 6 1011000|0100|111 0x2C27
a 0 1100011|0010|011 0x3193
b 0 0111000|0000|111 0x1C07
b 1 0111001|0001|111 0x1C8F
b 2 0111010|0011|111 0x1D1F
b 3 0111011|1010|100 0x1DD4
b 4 0111100|0011|100 0x1E1C
b 5 1100101|0000|000 0x3280
d 0 1000000|0010|110 0x2016
e 0 1000001|1010|010 0x20D2
BX = 000 Event : 73
0 0 0010010|0101|100 0x092C
1 0 0011000|0000|001 0x0C01
1 1 0011001|0100|000 0x0CA0
1 2 0011101|0110|010 0x0EB2
1 3 0011111|0010|111 0x0F97
2 0 0100011|0110|010 0x11B2
2 1 0101000|0000|100 0x1404
3 0 0101010|0111|011 0x153B
3 1 0101011|0110|011 0x15B3
4 0 0000001|0011|110 0x009E
4 1 0000101|0100|111 0x02A7
6 0 0000111|0001|001 0x0389
6 1 0001001|0001|011 0x048B
8 0 0111011|0000|011 0x1D83
8 1 0111110|0001|111 0x1F0F
9 0 1000111|0101|111 0x23AF
a 0 1001010|0001|011 0x250B
b 0 0101100|1010|111 0x1657
b 1 0101110|1010|100 0x1754
b 2 1001011|0001|001 0x2589
b 3 1001100|0001|000 0x2608
c 0 0101111|0000|101 0x1785
c 1 0110000|1010|101 0x1855
d 0 0110010|1011|011 0x195B
d 1 0110011|0011|000 0x1998
BX = 001 Event : 74
0 0 0010000|0101|110 0x082E
1 0 0001110|0010|000 0x0710
1 1 0010100|0110|011 0x0A33
1 2 0010110|0110|001 0x0B31
4 0 0000000|1010|000 0x0050
4 1 0000101|0011|010 0x029A
4 2 0000110|0000|010 0x0302
8 0 0100001|0000|011 0x1083
8 1 0100010|0000|011 0x1103
8 2 0100011|0000|010 0x1182
8 3 0100110|0000|101 0x1305
8 4 0100111|0001|100 0x138C
a 0 0110010|0110|011 0x1933
b 0 0011000|1001|111 0x0C4F
c 0 0011010|1010|010 0x0D52
d 0 0011100|1010|000 0x0E50
d 1 0011101|1001|000 0x0EC8
e 0 0011111|0101|101 0x0FAD
BX = 010 Event : 75
0 0 0001111|0100|011 0x07A3
0 1 0010000|0000|001 0x0801
0 2 0010001|0000|001 0x0881
0 3 0010010|0001|110 0x090E
0 4 0010111|0101|100 0x0BAC
0 5 0011100|0010|110 0x0E16
1 0 0100111|0110|111 0x13B7
1 1 0101000|0001|111 0x140F
2 0 0100110|0001|000 0x1308
2 1 0101001|0110|011 0x14B3
2 2 0101100|0101|011 0x162B
6 0 0001010|0010|001 0x0511
6 1 0001101|0000|111 0x0687
6 2 0001110|0001|111 0x070F
8 0 0111010|0000|010 0x1D02
8 1 0111011|0100|001 0x1DA1
8 2 0111100|0100|001 0x1E21
8 3 1000001|0101|100 0x20AC
9 0 1000101|0001|010 0x228A
9 1 1000111|0010|101 0x2395
9 2 1001000|0101|100 0x242C
9 3 1001001|0101|011 0x24AB
b 0 1001101|0110|001 0x26B1
d 0 0110011|0000|000 0x1980
e 0 0111000|0101|101 0x1C2D
BX = 011 Event : 76
0 0 0001111|0100|011 0x07A3
0 1 0010010|0000|010 0x0902
0 2 0010011|0100|010 0x09A2
0 3 0011000|0100|100 0x0C24
0 4 0011100|0101|011 0x0E2B
0 5 0011101|0010|011 0x0E93
1 0 0100010|0101|000 0x1128
1 1 0100110|0010|100 0x1314
1 2 0101000|0110|011 0x1433
1 3 0110010|0101|110 0x192E
2 0 0110000|0001|001 0x1809
2 1 0110001|0000|001 0x1881
2 2 0110111|0011|110 0x1B9E
3 0 0000000|0001|101 0x000D
4 0 0000100|0000|110 0x0206
4 1 0000110|0000|111 0x0307
5 0 0001011|0001|101 0x058D
5 1 0001110|0010|110 0x0716
8 0 1000111|0000|001 0x2381
8 1 1001000|0100|100 0x2424
8 2 1001011|0000|010 0x2582
8 3 1001100|0000|010 0x2602
8 4 1001101|0100|001 0x26A1
8 5 1001110|0100|000 0x2720
8 6 1001111|0110|110 0x27B6
8 7 1010011|0110|011 0x29B3
8 8 1011000|0010|111 0x2C17
8 9 1011010|0000|111 0x2D07
9 0 1010101|0110|001 0x2AB1
9 1 1010110|0110|000 0x2B30
9 2 1100001|0110|011 0x30B3
a 0 1101010|0101|110 0x352E
BX = 100 Event : 77
0 0 0001100|0100|101 0x0625
0 1 0001101|0010|100 0x0694
0 2 0001111|0100|100 0x07A4
2 0 0011001|0110|001 0x0CB1
2 1 0011010|0100|000 0x0D20
2 2 0011011|0010|010 0x0D92
3 0 0011110|0111|001 0x0F39
8 0 0100100|0101|110 0x122E
8 1 0100111|0100|101 0x13A5
8 2 0110000|0110|111 0x1837
8 3 0110001|0100|111 0x18A7
8 4 0110100|0001|111 0x1A0F
9 0 0101101|0001|000 0x1688
9 1 0101110|0001|000 0x1708
9 2 0101111|0001|000 0x1788
9 3 0110101|0011|010 0x1A9A
a 0 0111100|0000|110 0x1E06
c 0 0100000|1010|101 0x1055
d 0 0100011|0100|000 0x11A0
BX = 101 Event : 78
0 0 0001011|0100|011 0x05A3
0 1 0001110|0100|011 0x0723
0 2 0010001|0010|111 0x0897
1 0 0010110|0101|011 0x0B2B
1 1 0010111|0001|110 0x0B8E
1 2 0011001|0010|100 0x0C94
1 3 0011010|0101|011 0x0D2B
5 0 0000110|0100|101 0x0325
5 1 0000111|0001|101 0x038D
5 2 0001000|1000|101 0x0445
8 0 0101000|0000|100 0x1404
9 0 0101101|0110|001 0x16B1
a 0 0110100|0101|000 0x1A28
a 1 0111000|0101|000 0x1C28
BX = 110 Event : 79
0 0 0010001|0001|100 0x088C
1 0 0010110|0000|100 0x0B04
2 0 0011100|0101|001 0x0E29
2 1 0011111|0101|100 0x0FAC
3 0 0000001|1000|101 0x00C5
6 0 0001000|1001|001 0x0449
6 1 0001001|1000|001 0x04C1
6 2 0001100|1000|110 0x0646
8 0 0101001|0100|100 0x14A4
8 1 0101011|0100|011 0x15A3
8 2 0101100|0000|011 0x1603
BX = 111 Event : 80
0 0 0001110|0000|011 0x0703
0 1 0010001|0010|110 0x0896
0 2 0011011|0000|111 0x0D87
0 3 0011101|0010|110 0x0E96
1 0 0011000|0010|000 0x0C10
1 1 0011110|0110|011 0x0F33
1 2 0100001|0101|010 0x10AA
1 3 0100010|0001|001 0x1109
1 4 0100100|0100|001 0x1221
1 5 0100101|0100|001 0x12A1
1 6 0101010|0010|100 0x1514
2 0 0110001|0010|011 0x1893
2 1 0110101|0010|101 0x1A95
2 2 0110110|0010|011 0x1B13
2 3 0110111|0100|011 0x1BA3
4 0 0000100|0011|000 0x0218
8 0 1011100|0100|111 0x2E27
8 1 1011101|0000|111 0x2E87
8 2 1011111|0110|110 0x2FB6
9 0 1100011|0001|010 0x318A
9 1 1100111|0010|001 0x3391
9 2 1101010|0000|101 0x3505
c 0 1000010|1011|101 0x215D
d 0 1000011|0100|011 0x21A3
d 1 1000100|0100|011 0x2223
BX = 000 Event : 81
0 0 0001010|0100|011 0x0523
0 1 0001011|0100|011 0x05A3
0 2 0001100|0001|100 0x060C
0 3 0001110|0001|100 0x070C
0 4 0001111|0000|011 0x0783
2 0 0011010|0001|101 0x0D0D
2 1 0011011|0100|101 0x0DA5
3 0 0011100|0111|000 0x0E38
4 0 0000010|0011|010 0x011A
8 0 0101110|0101|100 0x172C
8 1 0101111|0000|111 0x1787
8 2 0110000|0000|111 0x1807
9 0 0110100|0010|001 0x1A11
9 1 0110101|0001|001 0x1A89
9 2 0110110|0110|001 0x1B31
a 0 0111001|0011|100 0x1C9C
c 0 0100010|0001|101 0x110D
BX = 001 Event : 82
0 0 0001010|0101|101 0x052D
0 1 0001011|0010|100 0x0594
0 2 0001100|0010|110 0x0616
0 3 0001101|0100|110 0x06A6
0 4 0001111|0010|110 0x0796
0 5 0010001|0000|100 0x0884
0 6 0010011|0000|100 0x0984
0 7 0010101|0100|100 0x0AA4
0 8 0010110|0000|100 0x0B04
0 9 0011001|0101|100 0x0CAC
0 a 0011010|0110|100 0x0D34
0 b 0100001|0010|111 0x1097
0 c 0100011|0001|110 0x118E
1 0 0100101|0110|011 0x12B3
1 1 0100110|0010|001 0x1311
3 0 0000000|1001|101 0x004D
6 0 0000011|0011|001 0x0199
6 1 0000111|1100|011 0x03E3
8 0 0110101|0000|010 0x1A82
8 1 0110110|0000|010 0x1B02
8 2 0111000|0000|001 0x1C01
8 3 0111010|0000|100 0x1D04
8 4 0111100|0101|100 0x1E2C
8 5 0111101|0101|100 0x1EAC
9 0 1000110|0001|110 0x230E
9 1 1001000|0010|110 0x2416
a 0 1001100|0111|101 0x263D
d 0 0110010|1001|110 0x194E
BX = 010 Event : 83
0 0 0000111|0000|011 0x0383
0 1 0001000|0000|010 0x0402
1 0 0010010|0100|010 0x0922
1 1 0010011|0000|001 0x0981
1 2 0010100|0101|001 0x0A29
2 0 0010111|0001|100 0x0B8C
4 0 0000001|0000|000 0x0080
6 0 0000101|1100|011 0x02E3
8 0 0101001|0100|100 0x14A4
8 1 0101011|0001|011 0x158B
b 0 0011011|0011|100 0x0D9C
c 0 0011110|0000|101 0x0F05
c 1 0011111|0011|010 0x0F9A
d 0 0100010|0000|000 0x1100
BX = 011 Event : 84
0 0 0001101|0100|100 0x06A4
0 1 0001110|0010|110 0x0716
0 2 0010000|0000|110 0x0806
0 3 0010011|0101|100 0x09AC
0 4 0010100|0101|100 0x0A2C
0 5 0010101|0101|100 0x0AAC
1 0 0011100|0110|001 0x0E31
1 1 0100000|0110|011 0x1033
8 0 0110000|0100|010 0x1822
8 1 0110011|0000|010 0x1982
8 2 0110101|0000|001 0x1A81
8 3 0110110|0100|110 0x1B26
8 4 0110111|0001|110 0x1B8E
8 5 0111011|0001|100 0x1D8C
9 0 0111110|0110|000 0x1F30
9 1 1000010|0000|100 0x2104
9 2 1000101|0110|110 0x22B6
e 0 0101100|0100|001 0x1621
BX = 100 Event : 85
0 0 0010000|0100|001 0x0821
0 1 0010001|0000|001 0x0881
1 0 0010110|0110|000 0x0B30
1 1 0011100|0110|111 0x0E37
4 0 0000000|0000|000 0x0000
4 1 0000100|1010|010 0x0252
6 0 0001011|1000|010 0x05C2
9 0 0111011|0011|100 0x1D9C
9 1 0111101|0101|010 0x1EAA
a 0 1000110|0001|011 0x230B
a 1 1001000|0101|101 0x242D
a 2 1001001|0100|101 0x24A5
a 3 1001100|0100|110 0x2626
b 0 0100001|1000|111 0x10C7
b 1 1001011|0100|000 0x25A0
c 0 0100100|1001|010 0x124A
BX = 101 Event : 86
0 0 0001000|0100|011 0x0423
0 1 0001001|0000|001 0x0481
0 2 0001010|0000|110 0x0506
0 3 0001011|0000|110 0x0586
0 4 0001100|0010|110 0x0616
0 5 0001110|0001|100 0x070C
0 6 0010000|0001|011 0x080B
1 0 0010010|0100|001 0x0921
1 1 0010011|0110|000 0x09B0
8 0 0100110|0000|010 0x1302
8 1 0100111|0101|100 0x13AC
8 2 0101000|0101|100 0x142C
8 3 0101010|0010|110 0x1516
8 4 0101011|0100|101 0x15A5
8 5 0101100|0110|101 0x1635
8 6 0101110|0100|100 0x1724
9 0 0110001|0000|001 0x1881
9 1 0110101|0000|011 0x1A83
9 2 0111000|0010|001 0x1C11
9 3 0111001|0010|110 0x1C96
d 0 0100100|0001|011 0x120B
BX = 110 Event : 87
0 0 0000110|0000|001 0x0301
0 1 0001110|0000|111 0x0707
0 2 0001111|0001|111 0x078F
1 0 0010100|0000|011 0x0A03
1 1 0010111|0010|101 0x0B95
1 2 0011000|0001|100 0x0C0C
2 0 0011010|0101|001 0x0D29
4 0 0000010|1010|111 0x0157
6 0 0000011|1011|001 0x01D9
6 1 0000101|1001|011 0x02CB
8 0 0111000|0110|110 0x1C36
8 1 0111111|0100|100 0x1FA4
8 2 1000001|0010|011 0x2093
9 0 1001101|0000|100 0x2684
b 0 0101101|1010|111 0x16D7
c 0 0110000|1010|101 0x1855
e 0 0110101|1100|011 0x1AE3
BX = 111 Event : 88
0 0 0000101|0000|011 0x0283
0 1 0000110|0101|101 0x032D
0 2 0000111|0110|101 0x03B5
0 3 0001011|0101|110 0x05AE
1 0 0001100|0100|011 0x0623
1 1 0001101|0110|011 0x06B3
2 0 0011000|0011|111 0x0C1F
4 0 0000000|1001|010 0x004A
6 0 0000100|1100|011 0x0263
8 0 0100110|0100|100 0x1324
8 1 0101000|0001|110 0x140E
9 0 0101011|0110|001 0x15B1
9 1 0110011|0001|101 0x198D
9 2 0110100|0001|101 0x1A0D
a 0 0110111|0001|001 0x1B89
c 0 0011101|0010|101 0x0E95
e 0 0100001|0011|001 0x1099
e 1 0100010|0100|000 0x1120
e 2 0100101|0100|010 0x12A2
BX = 000 Event : 89
0 0 0011100|0010|111 0x0E17
0 1 0011110|0100|111 0x0F27
0 2 0011111|0010|110 0x0F96
0 3 0100000|0100|110 0x1026
1 0 0011001|0001|001 0x0C89
1 1 0100001|0001|100 0x108C
1 2 0100010|0000|011 0x1103
1 3 0100110|0100|100 0x1324
2 0 0101001|0000|010 0x1482
2 1 0101011|0111|100 0x15BC
2 2 0101100|0010|011 0x1613
3 0 0000001|0001|101 0x008D
3 1 0000010|0001|101 0x010D
3 2 0000011|1000|101 0x01C5
3 3 0000100|0000|101 0x0205
3 4 0000101|1000|101 0x02C5
3 5 0000110|1000|101 0x0345
3 6 0000111|0000|101 0x0385
4 0 0000000|0001|000 0x0008
4 1 0001100|0000|010 0x0602
6 0 0010000|1011|011 0x085B
8 0 0111010|0001|101 0x1D0D
a 0 1000011|0000|011 0x2183
a 1 1000110|0001|100 0x230C
BX = 001 Event : 90
0 0 0001101|0100|001 0x06A1
0 1 0001110|0101|101 0x072D
0 2 0010000|0110|100 0x0834
0 3 0010010|0110|100 0x0934
0 4 0011001|0100|111 0x0CA7
1 0 0010101|0000|001 0x0A81
1 1 0011110|0101|001 0x0F29
4 0 0000000|1010|000 0x0050
4 1 0001000|1010|010 0x0452
8 0 0111100|0100|100 0x1E24
8 1 1000001|0100|011 0x20A3
8 2 1000010|0100|011 0x2123
8 3 1000101|0010|111 0x2297
9 0 1000110|0001|011 0x230B
9 1 1000111|0110|001 0x23B1
9 2 1001010|0101|011 0x252B
9 3 1001110|0010|111 0x2717
9 4 1001111|0101|110 0x27AE
a 0 1001101|0001|001 0x2689
d 0 0110111|1001|011 0x1BCB
BX = 010 Event : 91
0 0 0001101|0000|010 0x0682
0 1 0010001|0010|100 0x0894
0 2 0010011|0001|011 0x098B
0 3 0010110|0010|111 0x0B17
1 0 0011010|0000|100 0x0D04
2 0 0011111|0100|000 0x0FA0
2 1 0100001|0001|010 0x108A
2 2 0100010|0011|010 0x111A
2 3 0100101|0101|001 0x12A9
2 4 0101000|0000|100 0x1404
3 0 0101011|0011|010 0x159A
4 0 0000000|0001|000 0x0008
4 1 0001000|0011|111 0x041F
5 0 0000111|0001|011 0x038B
6 0 0001010|0010|001 0x0511
8 0 0110001|0000|010 0x1882
8 1 0110010|0100|010 0x1922
8 2 0110100|0000|010 0x1A02
8 3 0110101|0000|110 0x1A86
8 4 1000010|0000|110 0x2106
9 0 1000100|0000|011 0x2203
b 0 1001001|0101|000 0x24A8
BX = 011 Event : 92
0 0 0000110|0000|011 0x0303
0 1 0000111|0100|011 0x03A3
0 2 0001001|0100|101 0x04A5
0 3 0001010|0110|101 0x0535
0 4 0001111|0101|110 0x07AE
1 0 0010000|0100|011 0x0823
1 1 0010001|0110|011 0x08B3
1 2 0010100|0011|001 0x0A19
1 3 0010101|0100|110 0x0AA6
1 4 0010111|0001|011 0x0B8B
2 0 0100000|0011|111 0x101F
4 0 0000000|1011|110 0x005E
6 0 0000100|1100|011 0x0263
8 0 0101101|0100|100 0x16A4
8 1 0101111|0001|110 0x178E
9 0 0111101|0001|101 0x1E8D
9 1 0111110|0001|101 0x1F0D
a 0 1000001|0001|001 0x2089
c 0 0100100|0010|101 0x1215
e 0 0101000|0011|001 0x1419
e 1 0101001|0100|000 0x14A0
e 2 0101100|0100|010 0x1622
BX = 100 Event : 93
2 0 0011011|0100|100 0x0DA4
2 1 0011111|0101|111 0x0FAF
3 0 0000001|0011|101 0x009D
3 1 0000010|0010|101 0x0115
3 2 0000011|1010|101 0x01D5
3 3 0011110|0110|000 0x0F30
3 4 0100010|0011|011 0x111B
4 0 0000000|1010|000 0x0050
4 1 0000111|0011|110 0x039E
6 0 0001101|1010|010 0x06D2
8 0 0110001|0100|010 0x18A2
8 1 0110111|0100|100 0x1BA4
8 2 0111000|0000|100 0x1C04
8 3 0111001|0110|100 0x1CB4
8 4 0111010|0010|100 0x1D14
9 0 0111110|0101|000 0x1F28
9 1 1000101|0100|001 0x22A1
a 0 1001111|0010|101 0x2795
d 0 0101101|0010|110 0x1696
BX = 101 Event : 94
0 0 0010000|0110|100 0x0834
0 1 0010101|0010|111 0x0A97
1 0 0010011|0001|001 0x0989
2 0 0011110|0101|110 0x0F2E
4 0 0000000|1010|000 0x0050
4 1 0000110|1010|010 0x0352
8 0 0110100|0100|011 0x1A23
8 1 0110101|0100|011 0x1AA3
8 2 0111011|0010|111 0x1D97
9 0 0111101|0001|011 0x1E8B
9 1 0111110|0110|001 0x1F31
9 2 1000000|0101|011 0x202B
9 3 1000101|0010|111 0x2297
9 4 1000110|0101|110 0x232E
a 0 1000100|0001|001 0x2209
d 0 0101001|1001|011 0x14CB
e 0 0101010|1001|101 0x154D
BX = 110 Event : 95
0 0 0001110|0000|010 0x0702
0 1 0001111|0100|010 0x07A2
1 0 0011011|0101|000 0x0DA8
1 1 0011111|0010|100 0x0F94
1 2 0100000|0110|011 0x1033
3 0 0000001|0001|101 0x008D
4 0 0000010|0000|110 0x0106
4 1 0000111|0000|111 0x0387
8 0 0111110|0000|001 0x1F01
8 1 1000001|0000|010 0x2082
8 2 1000010|0100|001 0x2121
8 3 1000100|0100|000 0x2220
8 4 1000101|0110|110 0x22B6
8 5 1001001|0010|111 0x2497
8 6 1001010|0000|111 0x2507
8 7 1001011|0100|111 0x25A7
8 8 1001100|0010|111 0x2617
9 0 1000111|0110|001 0x23B1
9 1 1001000|0110|000 0x2430
d 0 0110110|0010|000 0x1B10
e 0 0111011|1100|001 0x1DE1
e 1 0111100|1100|010 0x1E62
BX = 111 Event : 96
0 0 0001001|0000|001 0x0481
0 1 0001010|0010|110 0x0516
0 2 0001011|0001|110 0x058E
0 3 0001100|0010|101 0x0615
0 4 0001111|0010|100 0x0794
0 5 0010010|0110|100 0x0934
0 6 0010101|0001|111 0x0A8F
0 7 0010111|0001|110 0x0B8E
1 0 0011010|0010|001 0x0D11
1 1 0011110|0010|111 0x0F17
4 0 0000000|1001|000 0x0048
4 1 0000001|1010|010 0x00D2
4 2 0000100|0100|111 0x0227
6 0 0000111|0011|001 0x0399
6 1 0001000|1100|011 0x0463
8 0 0101001|0100|011 0x14A3
8 1 0101010|0100|010 0x1522
8 2 0101011|0000|001 0x1581
8 3 0101101|0001|110 0x168E
8 4 0101110|0010|101 0x1715
9 0 0110000|0100|000 0x1820
9 1 0110011|0100|010 0x19A2
9 2 0110101|0010|001 0x1A91
d 0 0100100|0001|000 0x1208
d 1 0100111|1001|110 0x13CE
BX = 000 Event : 97
0 0 0000101|0100|011 0x02A3
0 1 0000110|0101|100 0x032C
0 2 0001000|0101|100 0x042C
0 3 0001100|0100|011 0x0623
0 4 0010000|0100|110 0x0826
1 0 0010100|0101|011 0x0A2B
1 1 0011001|0010|100 0x0C94
1 2 0011010|0101|011 0x0D2B
2 0 0100000|0110|000 0x1030
8 0 0110001|0000|100 0x1884
9 0 0110110|0110|001 0x1B31
9 1 0111000|0110|001 0x1C31
a 0 0111010|0101|000 0x1D28
a 1 0111110|0101|000 0x1F28
b 0 0100101|0000|100 0x1284
BX = 001 Event : 98
0 0 0001001|0100|001 0x04A1
0 1 0001010|0100|100 0x0524
0 2 0001011|0100|011 0x05A3
0 3 0001100|0010|110 0x0616
0 4 0001110|0101|100 0x072C
0 5 0001111|0101|100 0x07AC
0 6 0010000|0000|100 0x0804
1 0 0100001|0001|111 0x108F
2 0 0100100|0010|001 0x1211
8 0 0110011|0010|101 0x1995
8 1 0111000|0001|111 0x1C0F
9 0 0111010|0110|001 0x1D31
a 0 1000101|0011|110 0x229E
b 0 0101000|0001|100 0x140C
b 1 1000110|0111|011 0x233B
c 0 0101011|0011|101 0x159D
c 1 0101100|1011|010 0x165A
BX = 010 Event : 99
0 0 0001011|0000|011 0x0583
0 1 0001101|0100|001 0x06A1
0 2 0001111|0010|110 0x0796
0 3 0010000|0101|110 0x082E
0 4 0010101|0000|111 0x0A87
0 5 0010111|0010|110 0x0B96
1 0 0011000|0110|011 0x0C33
1 1 0011011|0101|010 0x0DAA
1 2 0011100|0001|001 0x0E09
1 3 0011110|0100|001 0x0F21
1 4 0011111|0100|001 0x0FA1
2 0 0100110|0010|101 0x1315
3 0 0000001|0000|101 0x0085
3 1 0000010|0010|101 0x0115
5 0 0000110|1010|011 0x0353
8 0 0110010|0100|010 0x1922
8 1 1000001|0110|110 0x20B6
9 0 1000111|0010|001 0x2391
9 1 1001010|0000|101 0x2505
b 0 0101100|1001|111 0x164F
d 0 0110000|0100|011 0x1823
BX = 011 Event : 100
0 0 0000111|0000|011 0x0383
0 1 0001101|0101|100 0x06AC
0 2 0001110|0101|011 0x072B
1 0 0001111|0010|001 0x0791
1 1 0011000|0000|011 0x0C03
1 2 0011100|0010|001 0x0E11
1 3 0011101|0110|001 0x0EB1
1 4 0100010|0101|100 0x112C
2 0 0100110|0101|011 0x132B
3 0 0000001|1001|101 0x00CD
3 1 0000010|0010|101 0x0115
3 2 0100111|0110|001 0x13B1
4 0 0000000|0010|000 0x0010
4 1 0000101|0010|010 0x0292
8 0 0110111|0110|110 0x1BB6
8 1 0111000|0110|100 0x1C34
8 2 0111010|0100|011 0x1D23
9 0 1000011|0110|110 0x21B6
9 1 1000100|0101|100 0x222C
9 2 1000110|0110|110 0x2336
a 0 1001001|0101|011 0x24AB
b 0 1001100|0011|001 0x2619
c 0 0101100|0001|101 0x160D
c 1 0101101|1001|010 0x16CA
