BX = 000 Event : 1
2 0 0011000|0110|100 0x0C34
2 1 0011011|0110|110 0x0DB6
2 2 0011100|0101|110 0x0E2E
2 3 0011111|0110|100 0x0FB4
2 4 0100101|0110|111 0x12B7
3 0 0000011|0010|011 0x0193
5 0 0001011|1010|101 0x05D5
6 0 0001100|1001|001 0x0649
9 0 0111011|0010|111 0x1D97
a 0 1000001|0100|001 0x20A1
b 0 1000111|0011|001 0x2399
c 0 0101001|0010|100 0x1494
d 0 0110010|0000|101 0x1905
e 0 0110100|0011|110 0x1A1E
BX = 001 Event : 2
1 0 0010010|0000|111 0x0907
1 1 0010011|0010|110 0x0996
1 2 0010111|0001|101 0x0B8D
1 3 0100000|0000|111 0x1007
1 4 0100001|0001|111 0x108F
2 0 0011011|0000|001 0x0D81
2 1 0100110|0010|110 0x1316
3 0 0000111|0011|011 0x039B
5 0 0001110|1010|101 0x0755
5 1 0001111|1011|101 0x07DD
9 0 0111001|0010|110 0x1C96
9 1 0111011|0110|110 0x1DB6
9 2 0111101|0001|110 0x1E8E
9 3 0111110|0110|110 0x1F36
9 4 0111111|0011|110 0x1F9E
9 5 1000001|0100|110 0x20A6
9 6 1000100|0011|101 0x221D
9 7 1000101|0100|101 0x22A5
9 8 1001001|0101|111 0x24AF
9 9 1001010|0100|111 0x2527
9 a 1001011|0001|111 0x258F
a 0 1001101|0011|011 0x269B
a 1 1001110|0011|010 0x271A
a 2 1010001|0101|100 0x28AC
b 0 0101001|0011|110 0x149E
c 0 0110000|1011|001 0x1859
c 1 0110001|1000|001 0x18C1
c 2 0110010|0000|001 0x1901
d 0 0110110|1011|101 0x1B5D
e 0 0110111|1011|110 0x1BDE
BX = 010 Event : 3
1 0 0010110|0000|110 0x0B06
2 0 0011010|0001|000 0x0D08
2 1 0100001|0110|110 0x10B6
2 2 0100100|0000|111 0x1207
3 0 0001000|0010|011 0x0413
3 1 0001001|0000|011 0x0483
3 2 0100011|0000|001 0x1181
4 0 0001101|0000|001 0x0681
6 0 0010011|0010|000 0x0990
9 0 0111100|0101|110 0x1E2E
9 1 1000010|0101|111 0x212F
a 0 1000001|0010|000 0x2090
a 1 1000110|0011|010 0x231A
a 2 1001010|0010|110 0x2516
a 3 1001011|0101|100 0x25AC
a 4 1001100|0000|100 0x2604
b 0 0101001|1000|011 0x14C3
c 0 0101111|0100|001 0x17A1
c 1 0110000|1001|001 0x1849
c 2 0110001|0000|001 0x1881
e 0 0110110|0000|000 0x1B00
BX = 011 Event : 4
1 0 0001100|0100|101 0x0625
1 1 0001111|0100|100 0x07A4
1 2 0010000|0101|100 0x082C
2 0 0010010|0100|010 0x0922
2 1 0011000|0101|111 0x0C2F
3 0 0000100|1000|011 0x0243
d 0 0011110|1001|101 0x0F4D
d 1 0011111|1010|101 0x0FD5
BX = 100 Event : 5
1 0 0010010|0110|101 0x0935
1 1 0010100|0010|100 0x0A14
1 2 0010110|0010|100 0x0B14
3 0 0000011|0001|011 0x018B
3 1 0000100|0011|011 0x021B
4 0 0000101|1010|001 0x02D1
6 0 0001110|1011|011 0x075B
9 0 0110001|0000|100 0x1884
a 0 0110011|0101|010 0x19AA
a 1 0110100|0101|001 0x1A29
c 0 0100100|1001|111 0x124F
d 0 0100111|1000|101 0x13C5
BX = 101 Event : 6
1 0 0010001|0000|110 0x0886
2 0 0100010|0110|011 0x1133
2 1 0100011|0011|110 0x119E
2 2 0100100|0010|110 0x1216
2 3 0100101|0110|101 0x12B5
3 0 0000001|0001|110 0x008E
9 0 0111011|0000|111 0x1D87
9 1 0111100|0100|111 0x1E27
9 2 0111101|0110|110 0x1EB6
9 3 0111111|0000|101 0x1F85
9 4 1000000|0001|110 0x200E
9 5 1000001|0001|100 0x208C
a 0 1001100|0101|100 0x262C
a 1 1010011|0101|111 0x29AF
b 0 0101000|1010|011 0x1453
c 0 0101010|0011|100 0x151C
c 1 0101011|0011|100 0x159C
c 2 0110000|0010|111 0x1817
d 0 0101111|0010|010 0x1792
e 0 0111000|1011|011 0x1C5B
BX = 110 Event : 7
2 0 0010111|0010|100 0x0B94
2 1 0011100|0010|100 0x0E14
2 2 0011101|0100|100 0x0EA4
4 0 0001001|1001|111 0x04CF
4 1 0001010|0011|111 0x051F
5 0 0000111|0000|010 0x0382
5 1 0001000|0001|010 0x040A
9 0 0110110|0100|101 0x1B25
9 1 0110111|0000|101 0x1B85
9 2 0111000|0010|100 0x1C14
9 3 0111001|0011|100 0x1C9C
b 0 0100000|0000|110 0x1006
b 1 0100010|0010|011 0x1113
b 2 1000011|0101|001 0x21A9
c 0 0100100|1001|001 0x1249
BX = 111 Event : 8
1 0 0011011|0011|101 0x0D9D
2 0 0100100|0110|011 0x1233
3 0 0000110|0011|011 0x031B
3 1 0000111|0010|011 0x0393
3 2 0101000|0011|000 0x1418
3 3 0101001|0110|000 0x14B0
5 0 0010000|0100|101 0x0825
5 1 0010001|1011|101 0x08DD
5 2 0010010|0000|101 0x0905
9 0 0110100|0011|111 0x1A1F
9 1 0110111|0010|110 0x1B96
9 2 0111100|0101|111 0x1E2F
a 0 0111010|0101|000 0x1D28
a 1 0111111|0000|101 0x1F85
a 2 1000000|0010|100 0x2014
b 0 0101011|0000|110 0x1586
BX = 000 Event : 9
1 0 0001110|0101|111 0x072F
1 1 0001111|0010|111 0x0797
1 2 0010010|0110|110 0x0936
2 0 0001101|0101|000 0x06A8
2 1 0010100|0101|011 0x0A2B
4 0 0000001|0010|001 0x0091
4 1 0000101|0011|111 0x029F
4 2 0000110|0000|111 0x0307
9 0 0011100|0001|011 0x0E0B
9 1 0100100|0001|111 0x120F
a 0 0101010|0110|001 0x1531
c 0 0011000|1010|111 0x0C57
d 0 0010111|1001|010 0x0BCA
BX = 001 Event : 10
1 0 0010000|0101|111 0x082F
1 1 0010001|0010|110 0x0896
1 2 0011000|0100|111 0x0C27
2 0 0011110|0000|100 0x0F04
2 1 0100011|0010|111 0x1197
3 0 0000101|0011|011 0x029B
3 1 0000110|1000|110 0x0346
3 2 0000111|0011|011 0x039B
3 3 0100010|0100|001 0x1121
5 0 0001010|1000|101 0x0545
6 0 0001101|1000|011 0x06C3
6 1 0001110|1000|011 0x0743
9 0 0110000|0000|010 0x1802
a 0 0111101|0011|001 0x1E99
a 1 0111111|0110|100 0x1FB4
a 2 1000011|0000|111 0x2187
b 0 0100110|1011|110 0x135E
b 1 0100111|1010|011 0x13D3
b 2 0101000|0000|011 0x1403
b 3 0101001|1010|011 0x14D3
b 4 1000010|0011|001 0x2119
c 0 0101100|0010|001 0x1611
BX = 010 Event : 11
1 0 0001110|0110|111 0x0737
2 0 0010100|0010|100 0x0A14
3 0 0000011|1001|011 0x01CB
3 1 0000100|1010|011 0x0253
4 0 0000111|0001|111 0x038F
a 0 0100111|0010|000 0x1390
a 1 0101000|0101|000 0x1428
a 2 0101011|0001|100 0x158C
a 3 0101100|0000|100 0x1604
a 4 0101101|0000|011 0x1683
a 5 0101110|0011|001 0x1719
b 0 0010111|1000|110 0x0BC6
b 1 0011000|1000|110 0x0C46
e 0 0100010|1011|110 0x115E
BX = 011 Event : 12
1 0 0010011|0110|110 0x09B6
1 1 0011100|0000|111 0x0E07
2 0 0100000|0010|011 0x1013
2 1 0100001|0110|011 0x10B3
2 2 0100010|0111|011 0x113B
2 3 0100100|0000|100 0x1204
3 0 0000101|0010|011 0x0293
3 1 0000110|1010|011 0x0353
4 0 0001000|1010|100 0x0454
4 1 0001001|0010|100 0x0494
4 2 0001010|1000|001 0x0541
5 0 0001111|1001|101 0x07CD
9 0 1000101|0101|100 0x22AC
9 1 1000110|0100|011 0x2323
b 0 0101100|1010|110 0x1656
b 1 0101110|1000|110 0x1746
c 0 0110010|0001|100 0x190C
c 1 0110011|0100|001 0x19A1
c 2 0111001|1010|111 0x1CD7
d 0 0111000|0011|010 0x1C1A
d 1 0111110|0011|101 0x1F1D
e 0 0111100|0000|000 0x1E00
e 1 1000010|0011|010 0x211A
e 2 1000100|1001|011 0x224B
BX = 100 Event : 13
1 0 0001101|0101|100 0x06AC
1 1 0010001|0001|110 0x088E
1 2 0010010|0100|101 0x0925
2 0 0010011|0101|001 0x09A9
2 1 0010101|0101|000 0x0AA8
2 2 0010111|0010|001 0x0B91
2 3 0011000|0110|001 0x0C31
3 0 0000011|1010|110 0x01D6
3 1 0011100|0101|000 0x0E28
5 0 0000111|0010|010 0x0392
5 1 0001000|1001|101 0x044D
6 0 0001001|1001|011 0x04CB
9 0 0100111|0100|110 0x13A6
a 0 0101011|0111|001 0x15B9
d 0 0100000|1000|010 0x1042
d 1 0100011|0000|101 0x1185
BX = 101 Event : 14
1 0 0010000|0100|101 0x0825
1 1 0010001|0100|101 0x08A5
1 2 0010100|0100|101 0x0A25
2 0 0100100|0010|111 0x1217
3 0 0000100|0001|110 0x020E
3 1 0000101|0001|011 0x028B
3 2 0100011|0001|001 0x1189
4 0 0000110|1000|001 0x0341
9 0 0101010|0100|100 0x1524
9 1 0101011|0000|011 0x1583
9 2 0101100|0001|011 0x160B
9 3 0101111|0011|110 0x179E
9 4 0110001|0000|110 0x1886
a 0 0110011|0000|001 0x1981
a 1 0110111|0001|011 0x1B8B
a 2 0111000|0011|001 0x1C19
a 3 0111011|0010|110 0x1D96
b 0 0100101|1000|110 0x12C6
e 0 0101000|0011|000 0x1418
BX = 110 Event : 15
1 0 0001100|0110|101 0x0635
1 1 0001101|0101|100 0x06AC
1 2 0001110|0110|100 0x0734
2 0 0001111|0001|001 0x0789
2 1 0010011|0101|010 0x09AA
2 2 0011001|0011|111 0x0C9F
3 0 0010111|0010|001 0x0B91
3 1 0011000|0010|001 0x0C11
a 0 0101011|0000|000 0x1580
a 1 0110000|0100|100 0x1824
a 2 0110010|0101|101 0x192D
b 0 0011100|0011|011 0x0E1B
b 1 0110101|0100|001 0x1AA1
c 0 0011110|1010|100 0x0F54
c 1 0011111|0000|100 0x0F84
c 2 0100000|1001|100 0x104C
c 3 0100010|1011|111 0x115F
c 4 0100011|0001|111 0x118F
c 5 0100100|0011|111 0x121F
BX = 111 Event : 16
1 0 0001100|0100|011 0x0623
1 1 0010001|0100|111 0x08A7
2 0 0010000|0100|001 0x0821
2 1 0010100|0110|011 0x0A33
4 0 0000010|1000|001 0x0141
5 0 0000110|0011|010 0x031A
a 0 0101010|0101|100 0x152C
a 1 0101011|0011|001 0x1599
a 2 0101100|0100|001 0x1621
a 3 0101110|0100|100 0x1724
a 4 0110001|0100|111 0x18A7
a 5 0110010|0001|111 0x190F
a 6 0110100|0000|111 0x1A07
b 0 0011000|0001|110 0x0C0E
b 1 0011001|1010|011 0x0CD3
d 0 0011100|0010|010 0x0E12
d 1 0011101|1010|101 0x0ED5
BX = 000 Event : 17
1 0 0000111|0101|110 0x03AE
1 1 0001001|0001|100 0x048C
1 2 0001011|0100|111 0x05A7
2 0 0001010|0001|001 0x0509
2 1 0001101|0010|011 0x0693
5 0 0000101|0010|101 0x0295
6 0 0000011|1010|000 0x01D0
9 0 0100000|0110|101 0x1035
b 0 0010011|0010|011 0x0993
e 0 0010110|0010|000 0x0B10
e 1 0011010|0000|010 0x0D02
e 2 0011011|1010|110 0x0DD6
BX = 001 Event : 18
1 0 0001011|0001|110 0x058E
2 0 0010110|0101|111 0x0B2F
3 0 0000110|1001|110 0x034E
9 0 0101011|0001|100 0x158C
9 1 0101100|0010|110 0x1616
9 2 0101110|0100|100 0x1724
9 3 0101111|0011|100 0x179C
9 4 0110100|0010|111 0x1A17
a 0 0111001|0100|100 0x1CA4
a 1 0111010|0011|011 0x1D1B
a 2 0111011|0100|001 0x1DA1
a 3 0111100|0100|001 0x1E21
b 0 0011010|0010|011 0x0D13
b 1 0011011|1001|110 0x0DCE
b 2 0011100|0000|011 0x0E03
b 3 0011101|0001|011 0x0E8B
b 4 0011110|1010|011 0x0F53
b 5 0011111|0000|011 0x0F83
b 6 0111111|0100|001 0x1FA1
b 7 1000000|0001|001 0x2009
c 0 0100110|0010|001 0x1311
e 0 0101010|0010|011 0x1513
BX = 010 Event : 19
1 0 0010100|0110|101 0x0A35
2 0 0011000|0001|000 0x0C08
2 1 0011110|0100|011 0x0F23
2 2 0100000|0011|101 0x101D
3 0 0000010|0001|011 0x010B
4 0 0000101|1011|001 0x02D9
a 0 1000001|0101|010 0x20AA
a 1 1000010|0010|001 0x2111
c 0 0110001|0011|111 0x189F
d 0 0101110|1001|010 0x174A
BX = 011 Event : 20
1 0 0001011|0100|101 0x05A5
1 1 0001100|0101|100 0x062C
1 2 0001101|0100|100 0x06A4
1 3 0001111|0010|111 0x0797
2 0 0010010|0110|011 0x0933
2 1 0010101|0100|110 0x0AA6
3 0 0010110|0101|001 0x0B29
5 0 0000100|0011|010 0x021A
9 0 0100101|0011|100 0x129C
9 1 0101101|0001|110 0x168E
a 0 0101001|0010|000 0x1490
a 1 0110001|0011|011 0x189B
b 0 0011000|1010|011 0x0C53
c 0 0011010|0100|001 0x0D21
d 0 0011100|0011|010 0x0E1A
d 1 0011101|0100|101 0x0EA5
d 2 0011110|0010|101 0x0F15
d 3 0011111|1000|101 0x0FC5
d 4 0100000|0011|101 0x101D
BX = 100 Event : 21
1 0 0001111|0110|110 0x07B6
1 1 0010000|0110|101 0x0835
1 2 0010011|0110|101 0x09B5
1 3 0010100|0100|100 0x0A24
2 0 0011100|0100|101 0x0E25
2 1 0011110|0101|111 0x0F2F
2 2 0100001|0101|111 0x10AF
4 0 0001000|0001|111 0x040F
5 0 0000111|1010|010 0x03D2
6 0 0001001|0011|000 0x0498
6 1 0001011|1000|110 0x05C6
9 0 0110010|0011|110 0x191E
a 0 0110100|0110|000 0x1A30
a 1 0110110|0101|000 0x1B28
a 2 0110111|0100|000 0x1BA0
a 3 0111011|0110|110 0x1DB6
a 4 0111101|0010|100 0x1E94
b 0 0111111|0101|001 0x1FA9
c 0 0100100|0001|001 0x1209
BX = 101 Event : 22
1 0 0001001|0101|100 0x04AC
1 1 0001101|0000|101 0x0685
3 0 0000011|0000|110 0x0186
5 0 0000110|1001|101 0x034D
9 0 0100100|0011|101 0x121D
a 0 0100111|0010|010 0x1392
a 1 0101001|0011|001 0x1499
a 2 0101100|0110|110 0x1636
b 0 0011010|0001|110 0x0D0E
d 0 0011111|0001|010 0x0F8A
BX = 110 Event : 23
1 0 0001000|0100|011 0x0423
1 1 0001011|0101|110 0x05AE
1 2 0001100|0110|101 0x0635
1 3 0001101|0010|101 0x0695
1 4 0001110|0001|100 0x070C
1 5 0001111|0001|100 0x078C
2 0 0010011|0011|011 0x099B
4 0 0000101|1011|111 0x02DF
4 1 0000110|0001|111 0x030F
a 0 0100000|0110|100 0x1034
a 1 0100001|0010|110 0x1096
d 0 0010110|1001|010 0x0B4A
BX = 111 Event : 24
1 0 0001101|0011|110 0x069E
2 0 0001111|0110|001 0x07B1
2 1 0010001|0100|110 0x08A6
2 2 0010010|0100|110 0x0926
2 3 0010100|0110|111 0x0A37
3 0 0000010|0000|011 0x0103
3 1 0000011|0011|011 0x019B
3 2 0010011|0110|000 0x09B0
6 0 0000110|1011|001 0x0359
6 1 0001001|1001|011 0x04CB
6 2 0001010|0000|011 0x0503
9 0 0100000|0001|100 0x100C
9 1 0100110|0000|110 0x1306
9 2 0101000|0010|110 0x1416
9 3 0101001|0101|100 0x14AC
a 0 0101101|0110|001 0x16B1
a 1 0101111|0110|001 0x17B1
a 2 0110010|0100|110 0x1926
a 3 0110011|0100|110 0x19A6
b 0 0010111|0011|110 0x0B9E
b 1 0011000|1001|011 0x0C4B
b 2 0011001|0011|011 0x0C9B
c 0 0011011|1011|111 0x0DDF
BX = 000 Event : 25
1 0 0001110|0001|110 0x070E
1 1 0001111|0001|100 0x078C
1 2 0010011|0100|111 0x09A7
2 0 0010010|0000|001 0x0901
4 0 0000111|1001|111 0x03CF
4 1 0001000|1001|111 0x044F
5 0 0000110|0011|010 0x031A
9 0 0100101|0010|101 0x1295
9 1 0100110|0101|101 0x132D
9 2 0101010|0101|111 0x152F
9 3 0101011|0010|111 0x1597
a 0 0110000|0001|100 0x180C
a 1 0110001|0100|100 0x18A4
d 0 0011101|0000|010 0x0E82
d 1 0100010|1001|101 0x114D
d 2 0100011|0010|101 0x1195
BX = 001 Event : 26
1 0 0001101|0010|110 0x0696
1 1 0001110|0100|110 0x0726
1 2 0010000|0001|111 0x080F
2 0 0010010|0110|010 0x0932
2 1 0010101|0000|111 0x0A87
3 0 0000001|1000|011 0x00C3
3 1 0010100|0011|001 0x0A19
4 0 0000010|1010|100 0x0154
4 1 0000110|0010|111 0x0317
5 0 0000111|0011|101 0x039D
9 0 0100101|0010|110 0x1296
a 0 0101110|0100|111 0x1727
a 1 0110000|0000|101 0x1805
a 2 0110100|0010|111 0x1A17
a 3 0110110|0010|111 0x1B17
b 0 0010111|1011|110 0x0BDE
b 1 0011000|1001|011 0x0C4B
b 2 0011001|0000|011 0x0C83
b 3 0110101|0110|000 0x1AB0
c 0 0011100|0011|111 0x0E1F
d 0 0011011|1001|010 0x0DCA
e 0 0011110|1001|000 0x0F48
BX = 010 Event : 27
1 0 0001101|0011|110 0x069E
1 1 0001111|0101|101 0x07AD
2 0 0010100|0101|110 0x0A2E
2 1 0010101|0001|101 0x0A8D
3 0 0000010|1010|011 0x0153
3 1 0010110|0110|001 0x0B31
5 0 0000100|0011|010 0x021A
9 0 0100011|0001|111 0x118F
a 0 0100110|0001|011 0x130B
a 1 0100111|0000|011 0x1383
a 2 0101000|0110|011 0x1433
a 3 0101001|0010|010 0x1492
a 4 0101010|0110|010 0x1532
a 5 0101101|0010|100 0x1694
c 0 0011001|0011|100 0x0C9C
c 1 0011010|0011|001 0x0D19
c 2 0011100|0000|111 0x0E07
BX = 011 Event : 28
1 0 0010101|0100|011 0x0AA3
1 1 0010111|0101|110 0x0BAE
1 2 0011000|0110|110 0x0C36
1 3 0011011|0010|111 0x0D97
2 0 0011101|0010|001 0x0E91
2 1 0011111|0110|110 0x0FB6
3 0 0000110|1001|011 0x034B
3 1 0000111|1011|110 0x03DE
3 2 0001000|1011|011 0x045B
3 3 0100000|0011|001 0x1019
3 4 0100001|0001|000 0x1088
4 0 0001010|0011|001 0x0519
4 1 0001011|1010|001 0x05D1
4 2 0001111|0010|111 0x0797
4 3 0010000|1001|111 0x084F
5 0 0001110|0011|010 0x071A
9 0 0110001|0001|100 0x188C
9 1 0110111|0100|110 0x1BA6
9 2 0111100|0000|101 0x1E05
9 3 0111101|0001|100 0x1E8C
9 4 1000000|0010|100 0x2014
9 5 1000101|0000|111 0x2287
9 6 1000111|0100|111 0x23A7
a 0 1001100|0110|100 0x2634
a 1 1001101|0010|100 0x2694
a 2 1001110|0101|011 0x272B
a 3 1010011|0110|100 0x29B4
b 0 0100101|0011|011 0x129B
b 1 0100110|1010|011 0x1353
c 0 0101011|0011|111 0x159F
e 0 0110000|0001|010 0x180A
BX = 100 Event : 29
1 0 0010000|0110|100 0x0834
1 1 0010001|0100|111 0x08A7
2 0 0011010|0011|100 0x0D1C
5 0 0000101|0011|010 0x029A
5 1 0000111|1011|101 0x03DD
6 0 0000110|0010|000 0x0310
a 0 0110101|0100|010 0x1AA2
a 1 0110111|0100|110 0x1BA6
c 0 0100010|1000|111 0x1147
d 0 0100000|0001|010 0x100A
d 1 0100110|1011|101 0x135D
e 0 0100101|1000|000 0x12C0
BX = 101 Event : 30
1 0 0001111|0001|011 0x078B
2 0 0010111|0010|000 0x0B90
2 1 0011100|0110|111 0x0E37
2 2 0011101|0000|110 0x0E86
3 0 0000011|1000|110 0x01C6
6 0 0001100|1000|011 0x0643
9 0 0101010|0000|100 0x1504
9 1 0110000|0110|110 0x1836
9 2 0111000|0101|111 0x1C2F
a 0 0111011|0001|100 0x1D8C
a 1 0111100|0000|110 0x1E06
a 2 0111111|0001|111 0x1F8F
c 0 0100010|0100|100 0x1124
c 1 0100101|0011|111 0x129F
BX = 110 Event : 31
1 0 0010010|0101|110 0x092E
1 1 0010110|0101|101 0x0B2D
2 0 0011111|0000|111 0x0F87
3 0 0000010|1000|110 0x0146
3 1 0011110|0110|000 0x0F30
4 0 0000111|0010|100 0x0394
4 1 0001000|0010|001 0x0411
4 2 0001100|0000|111 0x0607
6 0 0001101|0100|001 0x06A1
6 1 0001110|1000|110 0x0746
6 2 0001111|0001|110 0x078E
6 3 0010000|0001|010 0x080A
a 0 0101111|0100|000 0x17A0
a 1 0110101|0000|101 0x1A85
c 0 0100101|0001|111 0x128F
c 1 0100110|0000|111 0x1307
BX = 111 Event : 32
1 0 0010001|0110|100 0x08B4
2 0 0010011|0101|000 0x09A8
2 1 0011000|0010|011 0x0C13
2 2 0011011|0010|100 0x0D94
2 3 0011110|0010|111 0x0F17
2 4 0011111|0110|110 0x0FB6
3 0 0000001|0010|110 0x0096
3 1 0000010|0001|011 0x010B
4 0 0000101|0010|001 0x0291
4 1 0000111|0001|111 0x038F
9 0 0101101|0100|100 0x16A4
9 1 0101110|0001|100 0x170C
9 2 0110001|0000|110 0x1886
9 3 0110010|0101|110 0x192E
9 4 0110100|0101|100 0x1A2C
a 0 0111000|0110|011 0x1C33
a 1 0111001|0000|011 0x1C83
a 2 0111010|0000|110 0x1D06
d 0 0100101|1010|010 0x12D2
BX = 000 Event : 33
1 0 0001010|0110|110 0x0536
1 1 0010000|0100|100 0x0824
1 2 0010001|0100|100 0x08A4
2 0 0010010|0101|000 0x0928
2 1 0010111|0110|110 0x0BB6
2 2 0011001|0110|111 0x0CB7
3 0 0000000|1010|011 0x0053
3 1 0000001|0001|110 0x008E
4 0 0000010|0011|001 0x0119
4 1 0000011|0010|001 0x0191
4 2 0000101|0010|111 0x0297
5 0 0001000|0001|101 0x040D
9 0 0100110|0101|100 0x132C
a 0 0110101|0001|100 0x1A8C
a 1 0111001|0000|111 0x1C87
b 0 0011010|0011|110 0x0D1E
b 1 0011011|1011|110 0x0DDE
b 2 0011100|0001|110 0x0E0E
b 3 0011101|0011|011 0x0E9B
d 0 0100000|1001|101 0x104D
BX = 001 Event : 34
1 0 0011001|0110|110 0x0CB6
2 0 0100001|0010|000 0x1090
2 1 0100101|0000|011 0x1283
2 2 0100110|0011|011 0x131B
3 0 0000010|1010|011 0x0153
4 0 0000110|0000|100 0x0304
4 1 0000111|1000|100 0x03C4
5 0 0001011|1011|101 0x05DD
6 0 0001010|1011|000 0x0558
6 1 0001100|1010|001 0x0651
6 2 0001101|0010|001 0x0691
6 3 0001110|1001|011 0x074B
6 4 0010000|1000|010 0x0842
6 5 0010001|1001|010 0x08CA
9 0 0111011|0001|011 0x1D8B
9 1 0111100|0001|011 0x1E0B
a 0 0111101|0100|000 0x1EA0
a 1 0111110|0001|000 0x1F08
a 2 1000101|0011|101 0x229D
a 3 1001000|0010|111 0x2417
b 0 0101100|0001|110 0x160E
b 1 1000110|0100|001 0x2321
BX = 010 Event : 35
1 0 0011001|0100|111 0x0CA7
1 1 0011110|0000|111 0x0F07
2 0 0011000|0100|001 0x0C21
2 1 0100000|0110|011 0x1033
2 2 0100001|0100|010 0x10A2
4 0 0000010|1000|100 0x0144
4 1 0001000|0011|111 0x041F
5 0 0000110|1011|010 0x035A
5 1 0001100|0011|101 0x061D
6 0 0001010|1010|000 0x0550
6 1 0001101|0010|110 0x0696
9 0 0110100|0001|100 0x1A0C
9 1 0110101|0100|100 0x1AA4
9 2 0111010|0100|101 0x1D25
a 0 1000101|0010|010 0x2292
a 1 1000110|0101|010 0x232A
a 2 1001000|0110|111 0x2437
a 3 1001001|0001|110 0x248E
a 4 1001010|0001|110 0x250E
a 5 1001011|0101|110 0x25AE
a 6 1001101|0000|111 0x2687
a 7 1001110|0001|111 0x270F
b 0 0100101|0001|110 0x128E
b 1 0100110|1010|011 0x1353
b 2 0100111|1011|011 0x13DB
b 3 0101000|1011|011 0x145B
c 0 0101010|1011|100 0x155C
c 1 0101011|0001|100 0x158C
e 0 0110010|0010|000 0x1910
BX = 011 Event : 36
1 0 0010011|0011|101 0x099D
2 0 0011011|0011|011 0x0D9B
2 1 0011100|0011|010 0x0E1A
3 0 0001000|1000|011 0x0443
3 1 0001001|0011|110 0x049E
a 0 0110101|0010|100 0x1A94
a 1 0110111|0110|110 0x1BB6
c 0 0100101|0100|001 0x12A1
c 1 0100110|1000|111 0x1347
c 2 0100111|0011|111 0x139F
d 0 0101001|1001|101 0x14CD
BX = 100 Event : 37
1 0 0010001|0000|110 0x0886
1 1 0010010|0001|110 0x090E
1 2 0010111|0010|111 0x0B97
2 0 0011011|0010|010 0x0D92
2 1 0011100|0010|010 0x0E12
2 2 0011111|0101|111 0x0FAF
2 3 0100000|0101|111 0x102F
3 0 0000100|0001|110 0x020E
4 0 0001011|1010|111 0x05D7
5 0 0001010|0011|010 0x051A
9 0 0111110|0100|111 0x1F27
a 0 0111111|0011|010 0x1F9A
a 1 1000000|0000|010 0x2002
a 2 1000001|0101|010 0x20AA
a 3 1000101|0000|111 0x2287
b 0 0100101|0010|011 0x1293
b 1 0100110|0010|110 0x1316
b 2 0100111|0011|110 0x139E
b 3 0101000|0001|011 0x140B
c 0 0101011|1011|001 0x15D9
c 1 0101110|1001|111 0x174F
d 0 0101100|1010|010 0x1652
d 1 0101101|1001|010 0x16CA
d 2 0110011|0001|101 0x198D
d 3 0110100|0001|101 0x1A0D
d 4 0110101|1000|101 0x1AC5
e 0 0110010|1010|000 0x1950
e 1 0110111|1010|010 0x1BD2
BX = 101 Event : 38
2 0 0010100|0010|001 0x0A11
2 1 0011000|0001|011 0x0C0B
2 2 0011010|0010|110 0x0D16
3 0 0000100|0011|011 0x021B
3 1 0000101|0010|011 0x0293
3 2 0000110|0010|011 0x0313
6 0 0001110|0001|000 0x0708
6 1 0001111|1010|011 0x07D3
6 2 0010000|0011|011 0x081B
9 0 0101100|0101|110 0x162E
9 1 0101111|0000|100 0x1784
a 0 0110001|0100|000 0x18A0
a 1 0111011|0011|011 0x1D9B
a 2 0111110|0101|110 0x1F2E
d 0 0100011|0011|010 0x119A
d 1 0100110|1000|101 0x1345
e 0 0101001|1010|010 0x14D2
BX = 110 Event : 39
1 0 0001111|0100|110 0x07A6
1 1 0010010|0011|101 0x091D
2 0 0010111|0110|011 0x0BB3
2 1 0011000|0001|001 0x0C09
3 0 0000111|0000|011 0x0383
3 1 0001000|0011|011 0x041B
4 0 0001010|1011|100 0x055C
4 1 0001100|0001|001 0x0609
9 0 0101010|0110|110 0x1536
9 1 0101011|0100|110 0x15A6
9 2 0110001|0100|100 0x18A4
9 3 0110100|0101|100 0x1A2C
a 0 0111010|0011|001 0x1D19
a 1 0111011|0011|100 0x1D9C
a 2 0111101|0001|111 0x1E8F
b 0 0011101|1001|011 0x0ECB
b 1 0011110|0010|011 0x0F13
c 0 0011111|0011|001 0x0F99
d 0 0100011|0011|101 0x119D
BX = 111 Event : 40
1 0 0010010|0110|110 0x0936
1 1 0010100|0001|110 0x0A0E
1 2 0010110|0011|110 0x0B1E
1 3 0010111|0011|110 0x0B9E
2 0 0011110|0110|011 0x0F33
2 1 0011111|0011|010 0x0F9A
2 2 0100000|0100|110 0x1026
3 0 0000001|0011|011 0x009B
3 1 0100001|0101|001 0x10A9
5 0 0001011|0010|101 0x0595
6 0 0001100|0010|011 0x0613
9 0 0110100|0001|101 0x1A0D
a 0 0111101|0101|101 0x1EAD
a 1 0111110|0101|101 0x1F2D
b 0 0100110|1000|011 0x1343
b 1 0100111|0010|011 0x1393
c 0 0101000|0011|001 0x1419
c 1 0101001|1001|001 0x14C9
d 0 0101100|1011|101 0x165D
e 0 0101101|1001|000 0x16C8
e 1 0101110|0011|000 0x1718
e 2 0110000|0010|010 0x1812
BX = 000 Event : 41
1 0 0001100|0101|100 0x062C
5 0 0000110|0011|010 0x031A
5 1 0001001|1010|101 0x04D5
5 2 0001010|0100|101 0x0525
5 3 0001011|1001|101 0x05CD
9 0 0100000|0000|100 0x1004
9 1 0100001|0100|011 0x10A3
9 2 0100100|0110|110 0x1236
a 0 0101111|0110|100 0x17B4
b 0 0010101|1010|110 0x0AD6
c 0 0010111|0010|001 0x0B91
c 1 0011000|0011|111 0x0C1F
c 2 0011001|1001|111 0x0CCF
c 3 0011010|0001|111 0x0D0F
BX = 001 Event : 42
1 0 0010010|0101|110 0x092E
1 1 0011001|0010|111 0x0C97
2 0 0011100|0110|111 0x0E37
2 1 0011101|0000|111 0x0E87
3 0 0000100|1001|110 0x024E
9 0 0100110|0001|010 0x130A
a 0 0101111|0000|010 0x1782
c 0 0100001|1001|111 0x10CF
BX = 010 Event : 43
1 0 0010000|0100|110 0x0826
2 0 0011010|0110|001 0x0D31
2 1 0011100|0110|101 0x0E35
2 2 0011111|0000|111 0x0F87
5 0 0001011|0100|101 0x05A5
6 0 0001100|0000|011 0x0603
9 0 0110010|0011|110 0x191E
9 1 0111010|0010|111 0x1D17
a 0 0111101|0000|011 0x1E83
a 1 0111110|0000|001 0x1F01
a 2 1000001|0101|100 0x20AC
c 0 0100100|0001|100 0x120C
c 1 0101011|0010|111 0x1597
d 0 0101000|0010|010 0x1412
d 1 0101001|0011|010 0x149A
d 2 0101101|0010|101 0x1695
BX = 011 Event : 44
1 0 0001001|0010|110 0x0496
2 0 0010001|0001|100 0x088C
2 1 0010010|0100|011 0x0923
3 0 0000010|0010|110 0x0116
9 0 0100101|0000|110 0x1286
9 1 0100110|0011|110 0x131E
9 2 0100111|0101|110 0x13AE
9 3 0101000|0110|101 0x1435
9 4 0101100|0101|111 0x162F
d 0 0011101|0010|010 0x0E92
d 1 0011110|1011|101 0x0F5D
d 2 0011111|1001|101 0x0FCD
BX = 100 Event : 45
1 0 0001110|0001|101 0x070D
1 1 0010010|0001|100 0x090C
2 0 0011000|0101|001 0x0C29
2 1 0011010|0010|011 0x0D13
2 2 0011011|0101|001 0x0DA9
3 0 0000011|1010|110 0x01D6
9 0 0110100|0110|111 0x1A37
a 0 0110110|0001|010 0x1B0A
a 1 0110111|0010|010 0x1B92
b 0 0100010|1000|110 0x1146
c 0 0101000|0000|111 0x1407
d 0 0100110|0010|010 0x1312
d 1 0101100|1010|101 0x1655
e 0 0101110|1010|010 0x1752
BX = 101 Event : 46
1 0 0010010|0100|110 0x0926
1 1 0010011|0010|101 0x0995
2 0 0011010|0101|001 0x0D29
2 1 0011110|0100|011 0x0F23
2 2 0100010|0101|111 0x112F
3 0 0000100|0011|110 0x021E
3 1 0000101|0000|110 0x0286
4 0 0000111|0001|100 0x038C
4 1 0001001|1001|001 0x04C9
4 2 0001110|0010|111 0x0717
9 0 0111010|0100|101 0x1D25
9 1 0111101|0001|111 0x1E8F
9 2 0111110|0010|111 0x1F17
a 0 0111100|0010|001 0x1E11
b 0 0100100|0011|110 0x121E
b 1 0100101|1010|110 0x12D6
b 2 0100110|0000|110 0x1306
b 3 0100111|0010|110 0x1396
c 0 0101010|0000|001 0x1501
c 1 0101011|0010|001 0x1591
c 2 0101111|1000|111 0x17C7
BX = 110 Event : 47
1 0 0001111|0100|110 0x07A6
1 1 0010001|0100|111 0x08A7
2 0 0010101|0010|011 0x0A93
2 1 0010110|0110|001 0x0B31
2 2 0011110|0110|111 0x0F37
3 0 0000010|1010|110 0x0156
3 1 0000011|1010|011 0x01D3
4 0 0000110|0010|111 0x0317
5 0 0001001|0000|101 0x0485
6 0 0001000|0000|000 0x0400
9 0 0110100|0101|100 0x1A2C
a 0 0110111|0101|001 0x1BA9
a 1 0111000|0110|000 0x1C30
b 0 0100010|0001|011 0x110B
b 1 0100011|0001|011 0x118B
c 0 0100111|0001|001 0x1389
c 1 0101100|0010|111 0x1617
BX = 111 Event : 48
2 0 0001111|0100|000 0x07A0
2 1 0010000|0010|000 0x0810
2 2 0010010|0101|010 0x092A
2 3 0010011|0001|010 0x098A
2 4 0010101|0010|111 0x0A97
3 0 0000010|0010|011 0x0113
3 1 0010100|0110|000 0x0A30
6 0 0000110|1010|010 0x0352
9 0 0100110|0001|101 0x130D
9 1 0100111|0000|101 0x1385
a 0 0101100|0001|001 0x1609
a 1 0110100|0000|100 0x1A04
a 2 0110101|0011|001 0x1A99
a 3 0111000|0110|100 0x1C34
a 4 0111001|0001|100 0x1C8C
b 0 0011000|1000|110 0x0C46
b 1 0011001|0010|110 0x0C96
b 2 0011010|1001|011 0x0D4B
b 3 0011011|0001|110 0x0D8E
b 4 0011100|0000|011 0x0E03
b 5 0111100|0110|001 0x1E31
c 0 0100000|1001|111 0x104F
c 1 0100001|1010|111 0x10D7
c 2 0100010|1000|111 0x1147
d 0 0100011|0010|101 0x1195
BX = 000 Event : 49
1 0 0010000|0100|101 0x0825
1 1 0010100|0010|111 0x0A17
2 0 0011100|0010|110 0x0E16
2 1 0011110|0100|110 0x0F26
2 2 0100000|0000|111 0x1007
3 0 0000010|1001|110 0x014E
4 0 0000011|1010|001 0x01D1
5 0 0001001|0000|010 0x0482
9 0 0111000|0101|111 0x1C2F
a 0 0111001|0100|110 0x1CA6
a 1 0111100|0000|111 0x1E07
b 0 0100001|1000|110 0x10C6
b 1 0100010|0011|011 0x111B
c 0 0100110|1000|001 0x1341
BX = 001 Event : 50
2 0 0010100|0101|001 0x0A29
2 1 0010101|0100|001 0x0AA1
2 2 0011101|0010|111 0x0E97
3 0 0000011|0000|011 0x0183
9 0 0101111|0100|110 0x17A6
a 0 0111000|0111|010 0x1C3A
a 1 0111010|0101|001 0x1D29
d 0 0101010|0000|101 0x1505
d 1 0101011|1011|101 0x15DD
BX = 010 Event : 51
1 0 0010100|0101|100 0x0A2C
1 1 0010110|0000|011 0x0B03
1 2 0011010|0110|110 0x0D36
1 3 0011100|0110|101 0x0E35
1 4 0011101|0001|101 0x0E8D
2 0 0100000|0001|001 0x1009
2 1 0100001|0001|001 0x1089
2 2 0101100|0011|010 0x161A
2 3 0101101|0001|010 0x168A
2 4 0101111|0100|110 0x17A6
2 5 0110000|0000|101 0x1805
3 0 0000000|1010|110 0x0056
3 1 0000001|0001|011 0x008B
3 2 0000010|0011|011 0x011B
3 3 0000011|0000|011 0x0183
3 4 0000100|1010|110 0x0256
3 5 0000101|1010|110 0x02D6
4 0 0001000|0010|100 0x0414
4 1 0001001|0000|100 0x0484
4 2 0001010|0011|100 0x051C
4 3 0001100|0000|111 0x0607
6 0 0010001|0011|010 0x089A
9 0 1000000|0110|110 0x2036
9 1 1000011|0010|111 0x2197
a 0 1000010|0100|000 0x2120
a 1 1001100|0110|010 0x2632
b 0 0110100|1010|110 0x1A56
b 1 0110101|1001|011 0x1ACB
b 2 0110110|1011|110 0x1B5E
b 3 0110111|1000|110 0x1BC6
e 0 0111100|0011|000 0x1E18
BX = 011 Event : 52
1 0 0010000|0000|011 0x0803
1 1 0010111|0110|101 0x0BB5
2 0 0011010|0000|001 0x0D01
2 1 0011100|0010|011 0x0E13
2 2 0011101|0010|010 0x0E92
2 3 0100000|0000|101 0x1005
2 4 0100001|0110|101 0x10B5
2 5 0100100|0011|111 0x121F
3 0 0000000|0011|011 0x001B
3 1 0000001|0010|011 0x0093
3 2 0000010|1000|011 0x0143
5 0 0000111|0011|010 0x039A
9 0 0101101|0011|110 0x169E
a 0 0110010|0110|011 0x1933
a 1 0110100|0010|110 0x1A16
d 0 0101010|1010|101 0x1555
BX = 100 Event : 53
1 0 0001101|0001|100 0x068C
2 0 0010010|0011|011 0x091B
2 1 0010011|0000|100 0x0984
5 0 0000011|1010|010 0x01D2
6 0 0001001|0010|011 0x0493
9 0 0011001|0001|011 0x0C8B
9 1 0011010|0011|110 0x0D1E
a 0 0011100|0101|011 0x0E2B
a 1 0011101|0100|011 0x0EA3
BX = 101 Event : 54
1 0 0001010|0001|011 0x050B
1 1 0001100|0110|111 0x0637
2 0 0010100|0101|010 0x0A2A
2 1 0010101|0100|010 0x0AA2
5 0 0000010|0000|010 0x0102
6 0 0000100|1000|000 0x0240
6 1 0000101|0010|000 0x0290
6 2 0000110|0001|001 0x0309
6 3 0000111|0001|010 0x038A
9 0 0101101|0110|110 0x16B6
9 1 0101110|0010|110 0x1716
9 2 0110000|0000|100 0x1804
c 0 0011111|1011|001 0x0FD9
c 1 0100000|1000|001 0x1041
d 0 0100100|0010|101 0x1215
e 0 0100110|0001|010 0x130A
BX = 110 Event : 55
1 0 0000111|0101|100 0x03AC
2 0 0001010|0101|001 0x0529
2 1 0001011|0110|000 0x05B0
2 2 0010001|0010|100 0x0894
3 0 0000001|0000|110 0x0086
3 1 0000010|1001|110 0x014E
3 2 0000011|1001|011 0x01CB
5 0 0000100|0011|010 0x021A
5 1 0000101|1000|010 0x02C2
9 0 0100101|0100|100 0x12A4
9 1 0100110|0100|100 0x1324
9 2 0101011|0100|100 0x15A4
d 0 0100010|1001|010 0x114A
d 1 0100011|1011|010 0x11DA
d 2 0100100|0001|101 0x120D
BX = 111 Event : 56
1 0 0001101|0100|110 0x06A6
1 1 0001110|0011|101 0x071D
2 0 0011000|0001|011 0x0C0B
2 1 0011001|0011|010 0x0C9A
2 2 0011010|0101|001 0x0D29
2 3 0100011|0100|100 0x11A4
3 0 0000001|0010|110 0x0096
3 1 0000010|1011|110 0x015E
4 0 0000100|0001|100 0x020C
4 1 0000101|0011|100 0x029C
5 0 0000110|0010|010 0x0312
5 1 0000111|0011|010 0x039A
6 0 0001010|1001|011 0x054B
6 1 0001011|1010|010 0x05D2
9 0 0110010|0001|100 0x190C
a 0 0111111|0000|011 0x1F83
a 1 1000000|0011|011 0x201B
c 0 0100110|1001|100 0x134C
c 1 0100111|1001|001 0x13C9
d 0 0101001|1001|010 0x14CA
BX = 000 Event : 57
2 0 0010111|0010|010 0x0B92
2 1 0011011|0011|101 0x0D9D
3 0 0100000|0110|001 0x1031
4 0 0000111|1010|111 0x03D7
4 1 0001000|0010|111 0x0417
5 0 0000101|1011|010 0x02DA
5 1 0000110|1001|010 0x034A
5 2 0001001|0010|101 0x0495
9 0 0110101|0100|101 0x1AA5
9 1 0110111|0000|100 0x1B84
a 0 1000011|0000|100 0x2184
a 1 1001000|0000|101 0x2405
b 0 1001100|0100|000 0x2620
BX = 001 Event : 58
1 0 0100001|0001|101 0x108D
2 0 0101000|0011|011 0x141B
2 1 0101001|0001|010 0x148A
3 0 0000100|1011|011 0x025B
3 1 0000101|0000|110 0x0286
3 2 0000110|0010|011 0x0313
3 3 0000111|1000|011 0x03C3
4 0 0001000|1001|001 0x0449
4 1 0001001|1011|001 0x04D9
9 0 1000001|0100|100 0x20A4
9 1 1000100|0100|110 0x2226
9 2 1000101|0010|110 0x2296
9 3 1000110|0010|110 0x2316
9 4 1000111|0001|100 0x238C
9 5 1001100|0100|111 0x2627
a 0 1001001|0001|000 0x2488
a 1 1010101|0011|001 0x2A99
a 2 1011011|0101|111 0x2DAF
b 0 0110010|0010|110 0x1916
b 1 0110011|1010|011 0x19D3
d 0 0111111|0100|101 0x1FA5
e 0 0111110|1001|000 0x1F48
BX = 010 Event : 59
1 0 0010001|0110|110 0x08B6
5 0 0001000|1001|101 0x044D
5 1 0001001|1010|101 0x04D5
5 2 0001010|0001|101 0x050D
5 3 0001011|1010|101 0x05D5
9 0 0011111|0100|011 0x0FA3
a 0 0100110|0101|110 0x132E
a 1 0100111|0110|110 0x13B6
a 2 0101000|0110|101 0x1435
c 0 0011001|0010|001 0x0C91
d 0 0011011|1000|010 0x0DC2
d 1 0011100|1010|101 0x0E55
BX = 011 Event : 60
1 0 0001011|0000|110 0x0586
1 1 0001100|0000|110 0x0606
1 2 0001111|0010|101 0x0795
1 3 0010000|0100|100 0x0824
2 0 0010100|0101|011 0x0A2B
3 0 0011011|0010|001 0x0D91
3 1 0011111|0001|001 0x0F89
3 2 0100000|0011|000 0x1018
6 0 0000110|1011|000 0x0358
9 0 0110101|0001|011 0x1A8B
a 0 0111001|0101|001 0x1CA9
a 1 1000000|0100|010 0x2022
b 0 0100101|0000|011 0x1283
d 0 0110000|1010|101 0x1855
BX = 100 Event : 61
1 0 0010010|0010|101 0x0915
1 1 0010011|0000|111 0x0987
2 0 0011001|0101|111 0x0CAF
3 0 0000100|0000|011 0x0203
4 0 0000101|0011|100 0x029C
6 0 0001100|0001|000 0x0608
9 0 0101001|0000|100 0x1484
9 1 0101010|0000|011 0x1503
9 2 0101011|0110|101 0x15B5
9 3 0110001|0110|100 0x18B4
9 4 0110010|0110|101 0x1935
a 0 0110110|0000|010 0x1B02
a 1 0110111|0011|010 0x1B9A
b 0 0011101|0011|110 0x0E9E
b 1 0011110|1001|110 0x0F4E
BX = 101 Event : 62
1 0 0001101|0000|101 0x0685
1 1 0010011|0010|111 0x0997
2 0 0100000|0001|111 0x100F
4 0 0000100|1000|111 0x0247
4 1 0000101|1001|111 0x02CF
6 0 0000111|1000|010 0x03C2
9 0 0110100|0001|100 0x1A0C
9 1 0110111|0110|100 0x1BB4
b 0 0100010|1010|110 0x1156
c 0 0100110|1010|111 0x1357
e 0 0101010|1001|110 0x154E
e 1 0101011|0010|110 0x1596
BX = 110 Event : 63
1 0 0001111|0101|110 0x07AE
3 0 0000011|1001|011 0x01CB
3 1 0000100|1010|011 0x0253
3 2 0010101|0101|001 0x0AA9
4 0 0000110|1000|100 0x0344
4 1 0001000|1001|001 0x0449
4 2 0001001|0010|111 0x0497
6 0 0001010|0011|000 0x0518
6 1 0001011|0010|011 0x0593
b 0 0010110|1000|110 0x0B46
b 1 0010111|0011|110 0x0B9E
d 0 0011100|1011|010 0x0E5A
e 0 0100010|1010|000 0x1150
e 1 0100100|1011|110 0x125E
BX = 111 Event : 64
1 0 0010000|0000|011 0x0803
1 1 0010011|0101|110 0x09AE
1 2 0010100|0010|101 0x0A15
1 3 0010111|0110|111 0x0BB7
1 4 0011000|0101|111 0x0C2F
2 0 0011100|0011|100 0x0E1C
2 1 0011101|0110|010 0x0EB2
2 2 0100010|0011|100 0x111C
3 0 0000001|1011|011 0x00DB
5 0 0000100|1011|010 0x025A
5 1 0000101|1001|010 0x02CA
5 2 0001001|0000|101 0x0485
5 3 0001010|0010|101 0x0515
5 4 0001011|0001|101 0x058D
6 0 0001110|1010|110 0x0756
9 0 0101111|0100|100 0x17A4
9 1 0110000|0000|011 0x1803
9 2 0110101|0010|100 0x1A94
9 3 0111100|0010|111 0x1E17
a 0 0111010|0000|001 0x1D01
a 1 0111011|0001|000 0x1D88
a 2 1000101|0110|010 0x22B2
a 3 1001001|0110|101 0x24B5
a 4 1001100|0001|111 0x260F
a 5 1001101|0011|110 0x269E
b 0 1001011|0101|000 0x25A8
d 0 0101010|1001|010 0x154A
d 1 0101011|1000|010 0x15C2
d 2 0101101|1010|101 0x16D5
BX = 000 Event : 65
2 0 0010100|0101|100 0x0A2C
2 1 0010110|0010|111 0x0B17
4 0 0001000|0011|001 0x0419
4 1 0001001|0010|001 0x0491
6 0 0001011|0000|001 0x0581
9 0 0100100|0001|011 0x120B
a 0 0110111|0101|111 0x1BAF
b 0 0110110|0101|001 0x1B29
c 0 0011011|1010|001 0x0DD1
d 0 0011110|1011|010 0x0F5A
d 1 0100010|0000|101 0x1105
BX = 001 Event : 66
1 0 0001100|0000|011 0x0603
2 0 0010110|0111|011 0x0B3B
2 1 0010111|0001|010 0x0B8A
3 0 0000001|0011|011 0x009B
6 0 0001001|1000|000 0x04C0
9 0 0110011|0011|101 0x199D
9 1 0110100|0001|101 0x1A0D
9 2 0110101|0110|101 0x1AB5
9 3 0110110|0110|100 0x1B34
9 4 0111000|0001|100 0x1C0C
b 0 0100011|0010|110 0x1196
c 0 0100111|0010|001 0x1391
c 1 0101001|0000|111 0x1487
d 0 0101100|0010|101 0x1615
d 1 0101101|1001|101 0x16CD
d 2 0101110|0100|101 0x1725
BX = 010 Event : 67
2 0 0011111|0010|110 0x0F96
2 1 0100000|0010|110 0x1016
3 0 0000010|1011|011 0x015B
5 0 0010001|1001|101 0x08CD
6 0 0010011|0001|010 0x098A
9 0 0110011|0100|111 0x19A7
9 1 0110100|0000|110 0x1A06
a 0 0111100|0001|010 0x1E0A
b 0 0101000|1001|110 0x144E
b 1 0101001|0000|110 0x1486
d 0 0101110|1000|101 0x1745
BX = 011 Event : 68
2 0 0010100|0101|101 0x0A2D
2 1 0010110|0010|111 0x0B17
3 0 0000001|0001|011 0x008B
3 1 0010101|0101|000 0x0AA8
6 0 0001000|1010|001 0x0451
6 1 0001100|1010|010 0x0652
a 0 0110010|0100|101 0x1925
c 0 0011100|0100|001 0x0E21
BX = 100 Event : 69
1 0 0001100|0010|110 0x0616
1 1 0001101|0110|101 0x06B5
1 2 0001111|0101|101 0x07AD
1 3 0010000|0001|101 0x080D
1 4 0010001|0000|101 0x0885
1 5 0011001|0101|111 0x0CAF
1 6 0011010|0100|111 0x0D27
1 7 0011011|0001|111 0x0D8F
2 0 0010111|0001|001 0x0B89
2 1 0100001|0000|110 0x1086
9 0 1000010|0011|101 0x211D
9 1 1000011|0101|101 0x21AD
9 2 1000100|0101|100 0x222C
a 0 1000101|0100|001 0x22A1
a 1 1001001|0000|001 0x2481
b 0 0101001|0000|011 0x1483
b 1 0101010|0010|011 0x1513
b 2 0101011|0011|011 0x159B
c 0 0101101|0011|001 0x1699
d 0 0110101|0001|010 0x1A8A
e 0 0111110|0011|110 0x1F1E
BX = 101 Event : 70
1 0 0001101|0110|100 0x06B4
3 0 0010111|0001|001 0x0B89
3 1 0011000|0100|000 0x0C20
4 0 0000100|1011|001 0x0259
4 1 0000101|1010|111 0x02D7
6 0 0001010|1001|110 0x054E
9 0 0101000|0010|110 0x1416
9 1 0101001|0101|110 0x14AE
9 2 0101010|0010|100 0x1514
a 0 0101011|0001|000 0x1588
a 1 0101110|0010|100 0x1714
a 2 0101111|0100|001 0x17A1
b 0 0011100|1010|110 0x0E56
b 1 0011101|0011|110 0x0E9E
b 2 0110000|0101|000 0x1828
BX = 110 Event : 71
1 0 0001010|0100|100 0x0524
2 0 0010111|0001|100 0x0B8C
2 1 0011000|0100|011 0x0C23
2 2 0011100|0010|100 0x0E14
9 0 0100111|0001|100 0x138C
a 0 0110000|0101|010 0x182A
a 1 0110101|0100|111 0x1AA7
d 0 0100000|1001|010 0x104A
e 0 0100011|1010|000 0x11D0
BX = 111 Event : 72
1 0 0001111|0001|100 0x078C
1 1 0010001|0010|101 0x0895
1 2 0010010|0010|101 0x0915
2 0 0011011|0101|100 0x0DAC
4 0 0001010|0001|111 0x050F
6 0 0001100|1000|000 0x0640
9 0 0101101|0000|110 0x1686
9 1 0101110|0001|110 0x170E
9 2 0110001|0011|110 0x189E
9 3 0110010|0010|110 0x1916
9 4 0110011|0110|100 0x19B4
9 5 0111000|0000|111 0x1C07
9 6 0111001|0000|111 0x1C87
a 0 0110111|0110|001 0x1BB1
a 1 0111101|0001|010 0x1E8A
a 2 0111110|0010|010 0x1F12
a 3 1000010|0110|111 0x2137
b 0 0011100|1010|011 0x0E53
c 0 0011101|0010|100 0x0E94
d 0 0100010|0001|010 0x110A
d 1 0100011|1011|010 0x11DA
BX = 000 Event : 73
1 0 0010011|0001|011 0x098B
2 0 0011001|0010|000 0x0C90
2 1 0011110|0010|011 0x0F13
5 0 0001001|1000|010 0x04C2
6 0 0001110|1011|000 0x0758
6 1 0001111|1011|001 0x07D9
9 0 0110101|0100|100 0x1AA4
a 0 1000000|0100|100 0x2024
a 1 1000010|0110|110 0x2136
b 0 0100111|0010|011 0x1393
b 1 0101000|0011|110 0x141E
b 2 0101001|0000|110 0x1486
b 3 0101010|0011|011 0x151B
c 0 0101101|0010|100 0x1694
d 0 0110001|0001|101 0x188D
BX = 001 Event : 74
1 0 0001000|0001|100 0x040C
1 1 0001100|0100|101 0x0625
1 2 0001101|0011|101 0x069D
9 0 0101000|0101|100 0x142C
a 0 0101100|0001|110 0x160E
b 0 0011110|0000|011 0x0F03
c 0 0100011|1010|111 0x11D7
BX = 010 Event : 75
2 0 0001101|0100|001 0x06A1
2 1 0001110|0101|000 0x0728
2 2 0010011|0111|100 0x09BC
2 3 0010101|0101|110 0x0AAE
2 4 0010111|0110|100 0x0BB4
3 0 0011001|0011|000 0x0C98
4 0 0000101|0011|111 0x029F
5 0 0000100|1010|010 0x0252
5 1 0001001|1001|101 0x04CD
6 0 0001000|1010|000 0x0450
9 0 0101100|0001|110 0x160E
a 0 0110011|0001|010 0x198A
b 0 0011100|0000|011 0x0E03
b 1 0011101|0011|011 0x0E9B
b 2 0110111|0011|001 0x1B99
c 0 0011111|1011|100 0x0FDC
e 0 0100011|1000|110 0x11C6
BX = 011 Event : 76
2 0 0010100|0000|001 0x0A01
2 1 0010101|0001|000 0x0A88
2 2 0010110|0010|000 0x0B10
2 3 0010111|0001|000 0x0B88
2 4 0011101|0011|001 0x0E99
3 0 0100010|0110|001 0x1131
4 0 0000110|1001|100 0x034C
5 0 0001010|0010|010 0x0512
5 1 0001110|0010|101 0x0715
5 2 0001111|0001|101 0x078D
6 0 0010000|0001|110 0x080E
9 0 0111101|0110|111 0x1EB7
9 1 0111110|0110|110 0x1F36
9 2 1000000|0110|100 0x2034
9 3 1000001|0010|100 0x2094
a 0 1000110|0001|000 0x2308
b 0 0100111|1011|110 0x13DE
b 1 0101000|0001|011 0x140B
b 2 1001001|0001|001 0x2489
c 0 0101001|1001|001 0x14C9
d 0 0110001|0011|101 0x189D
e 0 0110010|0011|000 0x1918
BX = 100 Event : 77
2 0 0010100|0000|001 0x0A01
2 1 0010111|0000|101 0x0B85
2 2 0011000|0000|101 0x0C05
2 3 0011001|0100|100 0x0CA4
3 0 0011101|0001|000 0x0E88
3 1 0011110|0000|001 0x0F01
4 0 0000011|0011|001 0x0199
4 1 0000101|0010|111 0x0297
6 0 0001011|1010|010 0x05D2
9 0 0101100|0001|101 0x160D
9 1 0101101|0101|100 0x16AC
a 0 0111010|0110|100 0x1D34
b 0 0100011|1011|110 0x11DE
b 1 0100100|0001|110 0x120E
b 2 0100101|0010|011 0x1293
b 3 0111101|0101|001 0x1EA9
c 0 0101000|1001|001 0x1449
c 1 0101001|0011|001 0x1499
BX = 101 Event : 78
3 0 0000011|1011|110 0x01DE
3 1 0000100|0011|011 0x021B
b 0 0010100|1010|110 0x0A56
d 0 0010111|0010|010 0x0B92
d 1 0011000|1001|010 0x0C4A
BX = 110 Event : 79
1 0 0010010|0100|100 0x0924
6 0 0001001|0011|000 0x0498
6 1 0001010|1010|000 0x0550
6 2 0001110|1010|001 0x0751
6 3 0010000|0001|011 0x080B
6 4 0010001|0001|010 0x088A
9 0 0100001|0101|011 0x10AB
9 1 0100010|0001|110 0x110E
9 2 0100011|0101|101 0x11AD
a 0 0100101|0101|000 0x12A8
b 0 0011111|1011|011 0x0FDB
d 0 0100000|0011|101 0x101D
BX = 111 Event : 80
1 0 0010100|0001|101 0x0A0D
3 0 0000001|0010|110 0x0096
3 1 0000010|1011|011 0x015B
3 2 0000011|1010|110 0x01D6
4 0 0001010|0000|100 0x0504
5 0 0001011|1010|010 0x05D2
5 1 0001100|1001|010 0x064A
9 0 0110000|0100|011 0x1823
9 1 0110001|0011|110 0x189E
9 2 0110110|0011|100 0x1B1C
9 3 0110111|0100|100 0x1BA4
9 4 0111000|0010|100 0x1C14
9 5 0111010|0100|100 0x1D24
9 6 1000001|0101|111 0x20AF
a 0 0111101|0110|000 0x1EB0
a 1 0111110|0000|000 0x1F00
a 2 1000101|0100|011 0x22A3
a 3 1000110|0011|010 0x231A
c 0 0100101|0011|001 0x1299
d 0 0101100|1011|101 0x165D
e 0 0101110|1001|110 0x174E
e 1 0101111|1001|110 0x17CE
BX = 000 Event : 81
1 0 0001111|0000|101 0x0785
1 1 0010000|0100|100 0x0824
4 0 0000010|0010|001 0x0111
5 0 0000101|0011|010 0x029A
5 1 0000110|1011|101 0x035D
6 0 0001010|1010|010 0x0552
9 0 0101010|0001|101 0x150D
9 1 0101100|0110|101 0x1635
9 2 0101110|0110|100 0x1734
a 0 0110100|0110|001 0x1A31
a 1 0111000|0100|111 0x1C27
b 0 0011101|0011|011 0x0E9B
BX = 001 Event : 82
1 0 0001101|0011|101 0x069D
3 0 0000000|1000|110 0x0046
4 0 0000011|0010|111 0x0197
6 0 0000100|1010|000 0x0250
6 1 0000111|1010|010 0x03D2
a 0 0100011|0111|010 0x11BA
b 0 0010111|0011|011 0x0B9B
b 1 0101001|0011|001 0x1499
d 0 0011011|1000|010 0x0DC2
e 0 0011101|1001|000 0x0EC8
BX = 010 Event : 83
1 0 0001110|0101|100 0x072C
1 1 0010000|0010|100 0x0814
2 0 0010101|0110|011 0x0AB3
3 0 0011001|0010|000 0x0C90
6 0 0000111|0001|110 0x038E
9 0 0101001|0000|111 0x1487
a 0 0101111|0000|110 0x1786
b 0 0011011|0000|110 0x0D86
c 0 0011111|1010|111 0x0FD7
d 0 0100000|1010|101 0x1055
e 0 0100001|0011|000 0x1098
e 1 0100011|0011|011 0x119B
BX = 011 Event : 84
2 0 0010001|0101|001 0x08A9
3 0 0000000|0011|011 0x001B
3 1 0000001|0010|011 0x0093
5 0 0000110|1001|010 0x034A
5 1 0001010|0011|101 0x051D
6 0 0001011|1010|011 0x05D3
9 0 0110010|0001|111 0x190F
9 1 0110011|0000|110 0x1986
9 2 0111010|0001|111 0x1D0F
a 0 1000001|0101|010 0x20AA
b 0 0100000|1011|110 0x105E
b 1 1000110|0110|000 0x2330
c 0 0100100|0001|001 0x1209
c 1 0100111|0010|111 0x1397
e 0 0101110|0011|110 0x171E
e 1 0101111|0000|011 0x1783
BX = 100 Event : 85
1 0 0010101|0011|100 0x0A9C
1 1 0011001|0000|111 0x0C87
3 0 0000100|0000|110 0x0206
4 0 0000111|0011|001 0x0399
4 1 0001000|1001|001 0x0449
5 0 0001100|1010|010 0x0652
6 0 0001110|0100|000 0x0720
d 0 0101010|0001|010 0x150A
d 1 0101011|0001|010 0x158A
d 2 0101100|1000|010 0x1642
d 3 0110101|1010|101 0x1AD5
d 4 0110110|1000|101 0x1B45
d 5 0110111|0010|101 0x1B95
e 0 0111000|0000|010 0x1C02
BX = 101 Event : 86
1 0 0010000|0001|011 0x080B
1 1 0010011|0110|110 0x09B6
1 2 0010101|0110|101 0x0AB5
1 3 0010110|0010|100 0x0B14
1 4 0011000|0100|111 0x0C27
2 0 0011011|0100|110 0x0DA6
2 1 0011100|0001|110 0x0E0E
2 2 0011101|0000|101 0x0E85
3 0 0000010|0000|011 0x0103
4 0 0000011|0000|100 0x0184
4 1 0000100|1000|001 0x0241
5 0 0001000|1010|010 0x0452
5 1 0001010|1011|101 0x055D
9 0 0110011|0110|110 0x19B6
9 1 0111110|0001|111 0x1F0F
a 0 0111001|0001|001 0x1C89
a 1 0111010|0101|000 0x1D28
a 2 0111011|0100|000 0x1DA0
a 3 1000100|0100|110 0x2226
a 4 1001000|0110|111 0x2437
b 0 0100010|0010|011 0x1113
b 1 1000111|0010|001 0x2391
d 0 0101000|0010|010 0x1412
e 0 0101011|0001|000 0x1588
e 1 0101100|1011|000 0x1658
BX = 110 Event : 87
2 0 0001010|0100|110 0x0526
2 1 0001100|0110|100 0x0634
2 2 0001110|0110|111 0x0737
4 0 0000010|0000|100 0x0104
9 0 0011100|0101|110 0x0E2E
9 1 0011101|0110|110 0x0EB6
9 2 0011110|0110|110 0x0F36
9 3 0011111|0011|100 0x0F9C
9 4 0100000|0100|100 0x1024
9 5 0100111|0101|110 0x13AE
a 0 0100100|0010|000 0x1210
a 1 0100101|0000|000 0x1280
a 2 0101100|0101|010 0x162A
d 0 0011010|1010|101 0x0D55
e 0 0011000|0100|000 0x0C20
BX = 111 Event : 88
1 0 0001011|0010|110 0x0596
1 1 0001111|0100|111 0x07A7
1 2 0010001|0010|111 0x0897
2 0 0010100|0000|011 0x0A03
2 1 0010101|0010|011 0x0A93
2 2 0010110|0101|011 0x0B2B
2 3 0011000|0000|111 0x0C07
2 4 0011001|0100|110 0x0CA6
2 5 0011010|0100|100 0x0D24
3 0 0000010|1001|011 0x014B
6 0 0001010|0010|000 0x0510
9 0 0101000|0001|110 0x140E
9 1 0101101|0101|110 0x16AE
9 2 0101110|0001|110 0x170E
9 3 0101111|0110|101 0x17B5
d 0 0011101|1010|010 0x0ED2
e 0 0100011|1000|010 0x11C2
e 1 0100100|1010|011 0x1253
e 2 0100101|0011|011 0x129B
BX = 000 Event : 89
1 0 0011011|0000|110 0x0D86
2 0 0011111|0110|000 0x0FB0
2 1 0100011|0100|011 0x11A3
2 2 0100101|0110|100 0x12B4
2 3 0101001|0001|111 0x148F
3 0 0000100|1010|011 0x0253
3 1 0101000|0010|001 0x1411
4 0 0000111|0000|001 0x0381
4 1 0001000|1001|001 0x0449
4 2 0001001|1001|001 0x04C9
4 3 0001010|0000|001 0x0501
4 4 0010010|0011|111 0x091F
5 0 0010110|0011|101 0x0B1D
6 0 0011000|1010|110 0x0C56
a 0 0110011|0101|010 0x19AA
d 0 0101100|1011|101 0x165D
BX = 001 Event : 90
1 0 0010010|0000|110 0x0906
1 1 0010011|0110|101 0x09B5
1 2 0010110|0101|100 0x0B2C
1 3 0011001|0010|111 0x0C97
3 0 0100001|0101|000 0x10A8
3 1 0100010|0010|000 0x1110
3 2 0100011|0010|001 0x1191
3 3 0100100|0011|001 0x1219
a 0 0110011|0101|001 0x19A9
a 1 0111000|0011|100 0x1C1C
a 2 0111001|0110|001 0x1CB1
a 3 0111100|0011|100 0x1E1C
b 0 0111101|0110|001 0x1EB1
b 1 0111110|0011|001 0x1F19
b 2 0111111|0100|000 0x1FA0
c 0 0100111|0100|001 0x13A1
BX = 010 Event : 91
1 0 0010000|0101|110 0x082E
1 1 0010011|0110|111 0x09B7
2 0 0010111|0110|011 0x0BB3
2 1 0011000|0001|010 0x0C0A
2 2 0011101|0100|100 0x0EA4
3 0 0000001|0001|011 0x008B
4 0 0000011|0010|001 0x0191
6 0 0001100|1010|000 0x0650
9 0 0101100|0101|101 0x162D
9 1 0110011|0100|111 0x19A7
a 0 0110001|0100|000 0x18A0
a 1 0110111|0011|001 0x1B99
a 2 0111000|0101|110 0x1C2E
b 0 0100001|0000|011 0x1083
b 1 0100010|0001|011 0x110B
b 2 0111100|0011|000 0x1E18
c 0 0100011|0011|100 0x119C
e 0 0101001|1001|010 0x14CA
e 1 0101010|1001|011 0x154B
BX = 011 Event : 92
1 0 0001101|0010|110 0x0696
1 1 0001110|0010|110 0x0716
1 2 0010011|0100|111 0x09A7
1 3 0010100|0010|111 0x0A17
2 0 0010111|0000|011 0x0B83
2 1 0011000|0010|011 0x0C13
2 2 0011001|0101|011 0x0CAB
2 3 0011011|0000|111 0x0D87
2 4 0011110|0100|110 0x0F26
2 5 0011111|0100|100 0x0FA4
3 0 0000010|1010|011 0x0153
6 0 0001010|0010|000 0x0510
9 0 0101111|0010|110 0x1796
9 1 0110100|0101|110 0x1A2E
9 2 0110101|0010|110 0x1A96
9 3 0110110|0110|101 0x1B35
a 0 0111100|0010|100 0x1E14
c 0 0100011|1010|111 0x11D7
d 0 0100010|1010|010 0x1152
e 0 0101010|1000|010 0x1542
e 1 0101011|1010|011 0x15D3
e 2 0101100|0011|011 0x161B
BX = 100 Event : 93
1 0 0011010|0110|101 0x0D35
1 1 0011011|0110|101 0x0DB5
1 2 0011100|0001|101 0x0E0D
1 3 0011101|0101|100 0x0EAC
1 4 0011110|0010|100 0x0F14
1 5 0011111|0010|100 0x0F94
1 6 0100000|0010|100 0x1014
2 0 0100110|0010|011 0x1313
2 1 0100111|0011|010 0x139A
2 2 0101010|0010|110 0x1516
2 3 0101011|0000|100 0x1584
2 4 0110000|0010|111 0x1817
3 0 0000011|0000|110 0x0186
3 1 0101111|0101|000 0x17A8
4 0 0001000|0100|100 0x0424
4 1 0001101|0010|111 0x0697
4 2 0001110|1011|111 0x075F
5 0 0001011|0010|010 0x0592
5 1 0001100|1001|010 0x064A
9 0 1000100|0001|111 0x220F
9 1 1000110|0001|101 0x230D
9 2 1000111|0110|100 0x23B4
9 3 1001000|0010|100 0x2414
9 4 1001101|0101|111 0x26AF
9 5 1001110|0010|111 0x2717
9 6 1001111|0010|111 0x2797
a 0 1010101|0010|010 0x2A92
b 0 0110101|0010|011 0x1A93
b 1 0110110|0010|011 0x1B13
e 0 0111001|1001|000 0x1CC8
BX = 101 Event : 94
1 0 0001110|0000|110 0x0706
1 1 0010000|0110|101 0x0835
1 2 0010011|0101|100 0x09AC
1 3 0010111|0010|111 0x0B97
3 0 0011111|0101|000 0x0FA8
3 1 0100000|0010|000 0x1010
3 2 0100001|0010|001 0x1091
6 0 0000111|1011|000 0x03D8
a 0 0101111|0101|001 0x17A9
a 1 0110010|0011|100 0x191C
a 2 0110011|0110|001 0x19B1
a 3 0110110|0011|100 0x1B1C
b 0 0111000|0110|001 0x1C31
b 1 0111001|0011|001 0x1C99
b 2 0111010|0100|000 0x1D20
BX = 110 Event : 95
1 0 0010001|0011|101 0x089D
2 0 0010011|0000|001 0x0981
2 1 0010100|0010|000 0x0A10
2 2 0010101|0001|000 0x0A88
2 3 0011100|0101|011 0x0E2B
2 4 0011101|0011|001 0x0E99
3 0 0100010|0110|001 0x1131
4 0 0000011|1001|100 0x01CC
5 0 0000110|0010|010 0x0312
5 1 0001100|0010|101 0x0615
5 2 0001101|0001|101 0x068D
6 0 0001110|0001|110 0x070E
6 1 0001111|0000|011 0x0783
9 0 0110111|0110|111 0x1BB7
9 1 0111000|0110|110 0x1C36
9 2 0111011|0000|110 0x1D86
9 3 0111110|0001|100 0x1F0C
9 4 1000000|0110|100 0x2034
a 0 1001001|0100|110 0x24A6
a 1 1001010|0000|101 0x2505
b 0 0100110|1010|110 0x1356
c 0 0101000|1001|001 0x1449
c 1 0101011|0000|111 0x1587
d 0 0101111|0011|101 0x179D
e 0 0110000|0011|000 0x1818
BX = 111 Event : 96
1 0 0001101|0000|110 0x0686
2 0 0010001|0101|001 0x08A9
2 1 0010010|0110|111 0x0937
4 0 0000100|1000|100 0x0244
5 0 0000111|0001|010 0x038A
5 1 0001000|0000|101 0x0405
5 2 0001001|1000|101 0x04C5
9 0 0100101|0010|110 0x1296
9 1 0101001|0010|100 0x1494
a 0 0101111|0011|100 0x179C
c 0 0011001|1001|100 0x0CCC
c 1 0011011|1010|001 0x0DD1
c 2 0011100|0011|001 0x0E19
c 3 0011110|1000|111 0x0F47
d 0 0100000|1001|101 0x104D
d 1 0100001|0100|101 0x10A5
e 0 0100011|1001|010 0x11CA
e 1 0100100|1010|011 0x1253
BX = 000 Event : 97
1 0 0001011|0000|011 0x0583
1 1 0001110|0001|110 0x070E
2 0 0011100|0101|111 0x0E2F
3 0 0000110|1010|110 0x0356
4 0 0001000|1000|100 0x0444
a 0 0110000|0001|000 0x1808
a 1 0110110|0010|011 0x1B13
a 2 0110111|0000|101 0x1B85
a 3 0111000|0000|101 0x1C05
b 0 0011101|1010|110 0x0ED6
b 1 0011110|1000|110 0x0F46
c 0 0100001|0011|001 0x1099
d 0 0100011|0010|010 0x1192
d 1 0100100|1001|010 0x124A
BX = 001 Event : 98
1 0 0001010|0000|100 0x0504
1 1 0001011|0000|100 0x0584
1 2 0001100|0100|011 0x0623
1 3 0001101|0010|110 0x0696
1 4 0010000|0100|101 0x0825
1 5 0010001|0100|100 0x08A4
2 0 0010101|0001|100 0x0A8C
2 1 0011000|0001|100 0x0C0C
2 2 0011011|0011|111 0x0D9F
2 3 0011100|0101|111 0x0E2F
3 0 0000001|0010|011 0x0093
4 0 0000010|1011|100 0x015C
9 0 0110001|0001|011 0x188B
9 1 0110101|0101|110 0x1AAE
a 0 1000010|0010|010 0x2112
b 0 0011110|1010|011 0x0F53
b 1 0011111|1011|110 0x0FDE
b 2 0100000|1010|011 0x1053
b 3 0100001|1010|011 0x10D3
c 0 0100111|0011|111 0x139F
e 0 0101110|0000|011 0x1703
BX = 010 Event : 99
1 0 0010011|0001|100 0x098C
1 1 0010110|0101|110 0x0B2E
1 2 0010111|0001|101 0x0B8D
2 0 0011110|0001|101 0x0F0D
2 1 0011111|0001|100 0x0F8C
3 0 0000001|0010|110 0x0096
3 1 0000100|1011|011 0x025B
3 2 0000101|0011|110 0x029E
3 3 0000110|1010|011 0x0353
4 0 0001111|1001|111 0x07CF
5 0 0001101|1001|010 0x06CA
9 0 0110100|0110|110 0x1A36
9 1 0110110|0011|100 0x1B1C
9 2 0110111|0100|100 0x1BA4
9 3 0111000|0100|100 0x1C24
a 0 0111010|0110|000 0x1D30
a 1 0111011|0000|000 0x1D80
a 2 1000000|0011|011 0x201B
a 3 1000001|0011|010 0x209A
a 4 1000010|0100|001 0x2121
a 5 1000111|0010|101 0x2395
c 0 0100111|0011|001 0x1399
c 1 0101000|1010|001 0x1451
e 0 0101101|1001|110 0x16CE
e 1 0101111|1001|110 0x17CE
BX = 011 Event : 100
1 0 0000111|0011|111 0x039F
1 1 0001001|0000|101 0x0485
1 2 0001011|0101|100 0x05AC
1 3 0001100|0101|100 0x062C
3 0 0000000|0011|110 0x001E
3 1 0010000|0010|001 0x0811
3 2 0010001|0000|001 0x0881
4 0 0000011|0011|111 0x019F
9 0 0011110|0101|110 0x0F2E
9 1 0011111|0010|110 0x0F96
9 2 0100001|0001|101 0x108D
a 0 0101000|0110|111 0x1437
d 0 0010110|1001|010 0x0B4A
e 0 0011011|1001|110 0x0DCE
