BX = 000 Event : 1
1 0 0010001|0000|111 0x0887
2 0 0001111|0101|001 0x07A9
2 1 0010000|0100|000 0x0820
3 0 0011101|0100|000 0x0EA0
4 0 0000101|0000|111 0x0287
4 1 0000110|1010|111 0x0357
5 0 0000010|1010|010 0x0152
5 1 0000011|1001|010 0x01CA
5 2 0001000|1010|101 0x0455
6 0 0000111|0000|000 0x0380
6 1 0001010|0000|010 0x0502
9 0 0110011|0000|011 0x1983
9 1 0110110|0001|101 0x1B0D
9 2 0110111|0101|100 0x1BAC
a 0 1000010|0010|111 0x2117
a 1 1000011|0110|110 0x21B6
c 0 0100110|1011|001 0x1359
d 0 0101000|1001|010 0x144A
BX = 001 Event : 2
1 0 0010101|0001|011 0x0A8B
1 1 0010110|0100|011 0x0B23
1 2 0010111|0000|110 0x0B86
1 3 0011001|0000|100 0x0C84
1 4 0011100|0100|111 0x0E27
2 0 0011110|0100|011 0x0F23
2 1 0011111|0110|010 0x0FB2
2 2 0100010|0010|111 0x1117
3 0 0000000|0011|110 0x001E
3 1 0000001|1001|011 0x00CB
4 0 0001001|1001|111 0x04CF
5 0 0001010|0001|010 0x050A
6 0 0001110|1011|000 0x0758
6 1 0001111|0010|000 0x0790
9 0 0110011|0001|100 0x198C
9 1 0110100|0001|100 0x1A0C
9 2 0110111|0010|110 0x1B96
a 0 0111100|0010|000 0x1E10
a 1 0111110|0010|100 0x1F14
b 0 0100111|0010|011 0x1393
c 0 0101101|0000|111 0x1687
d 0 0101100|0011|010 0x161A
e 0 0110001|1000|110 0x18C6
BX = 010 Event : 3
1 0 0011000|0101|110 0x0C2E
1 1 0011010|0101|101 0x0D2D
2 0 0100111|0001|001 0x1389
2 1 0101010|0010|001 0x1511
2 2 0101111|0100|100 0x17A4
3 0 0000000|0000|110 0x0006
4 0 0001001|0011|111 0x049F
5 0 0001000|1000|010 0x0442
5 1 0001101|1010|101 0x06D5
5 2 0001110|1010|101 0x0755
9 0 0111111|0011|100 0x1F9C
9 1 1000000|0000|100 0x2004
9 2 1000010|0011|100 0x211C
a 0 1001010|0100|001 0x2521
a 1 1001011|0001|000 0x2588
a 2 1001111|0001|100 0x278C
a 3 1010000|0100|101 0x2825
a 4 1010100|0000|111 0x2A07
b 0 0110001|1010|110 0x18D6
b 1 0110010|0011|011 0x191B
d 0 0110110|0000|101 0x1B05
d 1 0111000|0001|101 0x1C0D
e 0 0110111|1010|000 0x1BD0
e 1 0111010|0000|110 0x1D06
BX = 011 Event : 4
1 0 0010010|0100|011 0x0923
2 0 0011110|0001|111 0x0F0F
3 0 0011111|0110|000 0x0FB0
6 0 0001000|1010|000 0x0450
9 0 0110100|0100|100 0x1A24
9 1 0110110|0100|100 0x1B24
a 0 0111011|0101|010 0x1DAA
a 1 1000001|0101|111 0x20AF
b 0 0100011|1010|011 0x11D3
c 0 0101011|1010|100 0x15D4
BX = 100 Event : 5
1 0 0001010|0110|110 0x0536
1 1 0001101|0000|101 0x0685
1 2 0001110|0110|101 0x0735
1 3 0001111|0000|101 0x0785
2 0 0010101|0000|001 0x0A81
2 1 0010110|0001|001 0x0B09
2 2 0011000|0001|001 0x0C09
3 0 0000000|0010|110 0x0016
4 0 0000011|1001|111 0x01CF
4 1 0000101|0011|111 0x029F
5 0 0000100|1010|010 0x0252
9 0 0101100|0100|100 0x1624
a 0 0110011|0000|010 0x1982
a 1 0110100|0010|010 0x1A12
a 2 0110101|0100|010 0x1AA2
a 3 0111001|0100|110 0x1CA6
a 4 0111010|0101|110 0x1D2E
d 0 0100101|0001|101 0x128D
BX = 101 Event : 6
1 0 0010000|0100|110 0x0826
3 0 0000000|1001|110 0x004E
3 1 0000001|0011|011 0x009B
3 2 0000010|0001|011 0x010B
3 3 0100010|0000|000 0x1100
4 0 0000101|0001|100 0x028C
4 1 0000110|1000|101 0x0345
4 2 0000111|1010|101 0x03D5
4 3 0001011|0010|111 0x0597
4 4 0001100|1010|111 0x0657
9 0 0110000|0010|110 0x1816
9 1 0111001|0010|110 0x1C96
a 0 0111000|0010|000 0x1C10
c 0 0101000|0100|001 0x1421
c 1 0101001|0010|111 0x1497
c 2 0101010|1010|111 0x1557
c 3 0101011|0001|111 0x158F
BX = 110 Event : 7
1 0 0010111|0100|100 0x0BA4
1 1 0011011|0001|111 0x0D8F
1 2 0011110|0101|110 0x0F2E
1 3 0100010|0000|111 0x1107
2 0 0100011|0011|010 0x119A
2 1 0100100|0101|001 0x1229
3 0 0000001|0010|011 0x0093
4 0 0000101|0010|001 0x0291
5 0 0000111|0000|010 0x0382
5 1 0001000|1001|010 0x044A
6 0 0001100|0000|001 0x0601
6 1 0001101|0001|000 0x0688
6 2 0010010|0001|010 0x090A
9 0 1000000|0100|100 0x2024
a 0 1000111|0010|001 0x2391
b 0 0110100|1000|011 0x1A43
b 1 0110101|1001|011 0x1ACB
b 2 0110110|0010|011 0x1B13
b 3 1010000|0001|000 0x2808
BX = 111 Event : 8
1 0 0010101|0110|110 0x0AB6
2 0 0010111|0100|001 0x0BA1
3 0 0000000|1010|110 0x0056
3 1 0000001|1000|011 0x00C3
3 2 0000010|0001|011 0x010B
3 3 0000011|0000|011 0x0183
4 0 0000111|1001|100 0x03CC
4 1 0001000|1001|100 0x044C
4 2 0001001|0011|001 0x0499
4 3 0001011|1000|111 0x05C7
5 0 0001010|1001|010 0x054A
5 1 0001100|0010|010 0x0612
5 2 0001111|0100|101 0x07A5
6 0 0010010|1000|110 0x0946
a 0 0110110|0100|000 0x1B20
a 1 1000001|0101|110 0x20AE
a 2 1000010|0101|111 0x212F
a 3 1000011|0100|111 0x21A7
a 4 1000111|0101|111 0x23AF
a 5 1001000|0011|111 0x241F
b 0 0011100|1001|110 0x0E4E
b 1 0011101|0011|011 0x0E9B
b 2 1000110|0001|001 0x2309
c 0 0100011|1000|111 0x11C7
d 0 0100100|1010|010 0x1252
d 1 0100101|0011|010 0x129A
e 0 0101011|0100|000 0x15A0
e 1 0101100|0010|000 0x1610
BX = 000 Event : 9
1 0 0001011|0001|101 0x058D
3 0 0000000|1011|011 0x005B
3 1 0000001|1001|011 0x00CB
3 2 0000010|1001|011 0x014B
3 3 0010110|0110|001 0x0B31
5 0 0000101|0010|101 0x0295
6 0 0000100|1011|000 0x0258
6 1 0001000|1000|110 0x0446
6 2 0001001|1001|010 0x04CA
9 0 0100011|0010|110 0x1196
a 0 0100111|0001|100 0x138C
a 1 0101000|0101|011 0x142B
a 2 0101001|0011|010 0x149A
d 0 0011101|0000|010 0x0E82
BX = 001 Event : 10
1 0 0010000|0100|100 0x0824
1 1 0010010|0110|110 0x0936
1 2 0010011|0110|101 0x09B5
1 3 0010100|0101|101 0x0A2D
1 4 0010110|0010|111 0x0B17
2 0 0011100|0011|100 0x0E1C
4 0 0000011|1000|111 0x01C7
5 0 0000100|1001|010 0x024A
5 1 0001001|1010|101 0x04D5
5 2 0001010|0011|101 0x051D
5 3 0001011|1001|101 0x05CD
5 4 0001100|0010|101 0x0615
9 0 0101001|0001|110 0x148E
9 1 0101010|0010|101 0x1515
9 2 0101100|0100|100 0x1624
a 0 0101110|0100|000 0x1720
a 1 0101111|0101|000 0x17A8
a 2 0110000|0000|010 0x1802
a 3 0110011|0100|110 0x19A6
a 4 0110101|0010|111 0x1A97
b 0 0011110|0001|011 0x0F0B
b 1 0011111|0011|011 0x0F9B
c 0 0100101|0000|111 0x1287
BX = 010 Event : 11
1 0 0001010|0000|100 0x0504
1 1 0001011|0101|100 0x05AC
1 2 0001100|0000|011 0x0603
1 3 0001110|0011|101 0x071D
2 0 0011001|0000|111 0x0C87
2 1 0011010|0001|111 0x0D0F
3 0 0011000|0000|001 0x0C01
5 0 0000011|1001|010 0x01CA
5 1 0000101|1010|010 0x02D2
9 0 0100111|0101|100 0x13AC
a 0 0101111|0101|010 0x17AA
c 0 0011111|0100|001 0x0FA1
d 0 0100010|1001|010 0x114A
BX = 011 Event : 12
1 0 0010001|0010|110 0x0896
1 1 0010010|0010|110 0x0916
1 2 0010011|0101|110 0x09AE
1 3 0010100|0100|110 0x0A26
1 4 0010101|0101|110 0x0AAE
2 0 0011100|0101|100 0x0E2C
2 1 0011101|0110|100 0x0EB4
3 0 0000010|1010|110 0x0156
4 0 0001001|0011|001 0x0499
5 0 0001010|0000|010 0x0502
9 0 0110010|0101|110 0x192E
9 1 0110101|0001|100 0x1A8C
a 0 0111100|0001|010 0x1E0A
c 0 0100101|0010|001 0x1291
c 1 0101000|0011|111 0x141F
e 0 0101010|1000|000 0x1540
e 1 0101011|0000|000 0x1580
BX = 100 Event : 13
9 0 0011100|0100|110 0x0E26
a 0 0100100|0100|000 0x1220
a 1 0100111|0101|100 0x13AC
a 2 0101000|0010|100 0x1414
a 3 0101001|0110|001 0x14B1
a 4 0101100|0010|100 0x1614
b 0 0101101|0110|001 0x16B1
b 1 0101111|0110|001 0x17B1
c 0 0010010|0100|100 0x0924
c 1 0010011|0010|111 0x0997
c 2 0010101|0011|111 0x0A9F
d 0 0011000|1001|101 0x0C4D
BX = 101 Event : 14
1 0 0010000|0101|011 0x082B
1 1 0010001|0000|111 0x0887
1 2 0010011|0110|100 0x09B4
2 0 0011010|0110|101 0x0D35
4 0 0000101|0100|100 0x02A4
5 0 0000111|0000|010 0x0382
5 1 0001000|1010|010 0x0452
5 2 0001001|0010|010 0x0492
5 3 0001011|1000|101 0x05C5
6 0 0001101|0011|110 0x069E
6 1 0001110|0000|010 0x0702
9 0 0110100|0100|100 0x1A24
9 1 0111000|0101|111 0x1C2F
a 0 0111001|0110|011 0x1CB3
a 1 0111010|0011|010 0x1D1A
c 0 0100001|1010|111 0x10D7
e 0 0101000|0000|000 0x1400
e 1 0110010|0010|010 0x1912
BX = 110 Event : 15
3 0 0000000|0011|110 0x001E
3 1 0000001|1011|011 0x00DB
4 0 0000011|0010|001 0x0191
4 1 0000101|0010|001 0x0291
5 0 0001001|1001|101 0x04CD
6 0 0001010|1011|010 0x055A
9 0 0101000|0100|100 0x1424
9 1 0101101|0101|110 0x16AE
9 2 0110000|0000|111 0x1807
a 0 0110101|0000|110 0x1A86
d 0 0100000|0011|010 0x101A
BX = 111 Event : 16
1 0 0000011|0100|100 0x01A4
3 0 0000000|1001|011 0x004B
3 1 0000111|0010|001 0x0391
6 0 0000010|0011|110 0x011E
a 0 0011111|0011|100 0x0F9C
a 1 0100000|0001|011 0x100B
a 2 0100001|0101|011 0x10AB
c 0 0001110|1001|111 0x074F
d 0 0001111|0011|010 0x079A
e 0 0010010|0010|000 0x0910
BX = 000 Event : 17
2 0 0001111|0110|100 0x07B4
2 1 0010001|0110|100 0x08B4
2 2 0010100|0110|100 0x0A34
2 3 0010101|0110|100 0x0AB4
3 0 0010111|0010|000 0x0B90
5 0 0000101|0011|010 0x029A
5 1 0000110|0000|010 0x0302
6 0 0001001|1010|001 0x04D1
6 1 0001100|0000|011 0x0603
9 0 0100101|0000|100 0x1284
9 1 0101000|0010|110 0x1416
9 2 0101101|0001|111 0x168F
a 0 0110001|0100|110 0x18A6
a 1 0110010|0101|101 0x192D
a 2 0110011|0110|101 0x19B5
a 3 0110100|0110|110 0x1A36
a 4 0110101|0101|100 0x1AAC
c 0 0011101|1001|111 0x0ECF
d 0 0100001|0001|101 0x108D
BX = 001 Event : 18
1 0 0001010|0000|101 0x0505
1 1 0001110|0100|111 0x0727
1 2 0001111|0100|111 0x07A7
1 3 0010000|0101|111 0x082F
1 4 0010001|0000|110 0x0886
2 0 0010101|0000|101 0x0A85
2 1 0010110|0010|111 0x0B17
2 2 0010111|0001|110 0x0B8E
3 0 0000000|1010|011 0x0053
a 0 0110011|0001|100 0x198C
a 1 0110101|0011|111 0x1A9F
b 0 0011001|0011|110 0x0C9E
b 1 0011010|0001|011 0x0D0B
c 0 0011100|0010|100 0x0E14
d 0 0100010|0100|101 0x1125
e 0 0100101|1010|011 0x12D3
e 1 0100110|0000|011 0x1303
BX = 010 Event : 19
1 0 0001110|0001|110 0x070E
1 1 0001111|0001|110 0x078E
1 2 0010000|0110|101 0x0835
1 3 0010001|0101|101 0x08AD
1 4 0011000|0010|111 0x0C17
2 0 0010110|0001|001 0x0B09
2 1 0010111|0101|001 0x0BA9
2 2 0011010|0110|001 0x0D31
2 3 0011011|0000|001 0x0D81
2 4 0011101|0001|110 0x0E8E
3 0 0000000|1010|110 0x0056
3 1 0000001|0000|011 0x0083
b 0 0100010|0011|110 0x111E
c 0 0100111|0001|001 0x1389
c 1 0101001|0001|001 0x1489
d 0 0101010|1010|010 0x1552
d 1 0110000|0000|101 0x1805
e 0 0110010|1000|011 0x1943
e 1 0110011|1001|010 0x19CA
BX = 011 Event : 20
1 0 0001100|0011|100 0x061C
1 1 0010010|0001|111 0x090F
3 0 0000000|1000|110 0x0046
3 1 0000001|0011|110 0x009E
3 2 0000010|0010|011 0x0113
5 0 0000111|1001|101 0x03CD
9 0 0100010|0000|101 0x1105
9 1 0100100|0101|100 0x122C
b 0 0010111|1000|110 0x0BC6
d 0 0011110|0011|101 0x0F1D
BX = 100 Event : 21
1 0 0000110|0100|110 0x0326
1 1 0000111|0110|101 0x03B5
1 2 0001000|0000|100 0x0404
1 3 0001001|0001|100 0x048C
1 4 0001010|0001|100 0x050C
1 5 0001011|0001|100 0x058C
2 0 0001101|0001|001 0x0689
2 1 0001111|0000|110 0x0786
2 2 0010000|0010|100 0x0814
2 3 0010001|0100|110 0x08A6
2 4 0010010|0001|100 0x090C
2 5 0010100|0010|111 0x0A17
2 6 0010110|0110|111 0x0B37
3 0 0000000|0011|011 0x001B
5 0 0000011|0001|010 0x018A
9 0 0100100|0000|100 0x1204
9 1 0100101|0010|101 0x1295
a 0 0101001|0000|000 0x1480
c 0 0011100|0000|111 0x0E07
d 0 0100010|0100|101 0x1125
e 0 0100011|1010|110 0x11D6
BX = 101 Event : 22
2 0 0010110|0100|111 0x0B27
3 0 0000000|0000|110 0x0006
9 0 0101001|0101|111 0x14AF
a 0 0101000|0000|000 0x1400
a 1 0101101|0110|010 0x16B2
a 2 0101110|0011|010 0x171A
a 3 0101111|0101|001 0x17A9
a 4 0110110|0010|111 0x1B17
b 0 0011010|1001|110 0x0D4E
b 1 0011011|0011|110 0x0D9E
b 2 0011100|1001|011 0x0E4B
c 0 0011101|1001|001 0x0EC9
c 1 0011111|0010|111 0x0F97
c 2 0100000|1010|111 0x1057
BX = 110 Event : 23
1 0 0010011|0000|011 0x0983
1 1 0010100|0000|011 0x0A03
1 2 0010111|0100|100 0x0BA4
2 0 0100101|0000|100 0x1284
2 1 0100110|0001|100 0x130C
3 0 0000000|1010|110 0x0056
3 1 0000011|1001|011 0x01CB
3 2 0101000|0100|001 0x1421
3 3 0101001|0101|001 0x14A9
a 0 0111101|0111|011 0x1EBB
a 1 0111110|0111|010 0x1F3A
a 2 0111111|0101|001 0x1FA9
c 0 0101111|0011|001 0x1799
c 1 0110000|0011|111 0x181F
c 2 0110010|0011|111 0x191F
d 0 0110001|0010|010 0x1892
d 1 0110101|1011|101 0x1ADD
e 0 0110111|1010|010 0x1BD2
BX = 111 Event : 24
1 0 0000110|0010|110 0x0316
2 0 0001110|0011|100 0x071C
9 0 0011110|0100|110 0x0F26
9 1 0011111|0010|110 0x0F96
c 0 0010010|1010|001 0x0951
d 0 0010100|1011|010 0x0A5A
d 1 0010110|1011|010 0x0B5A
BX = 000 Event : 25
1 0 0010001|0101|111 0x08AF
1 1 0010010|0100|111 0x0927
2 0 0010110|0110|011 0x0B33
2 1 0011000|0100|110 0x0C26
2 2 0011001|0011|100 0x0C9C
2 3 0011010|0100|100 0x0D24
3 0 0000000|1010|011 0x0053
4 0 0000011|1001|001 0x01C9
6 0 0000110|0011|000 0x0318
6 1 0001001|0011|010 0x049A
b 0 0011101|0010|011 0x0E93
BX = 001 Event : 26
1 0 0001101|0100|100 0x06A4
1 1 0001111|0010|101 0x0795
2 0 0010110|0100|011 0x0B23
2 1 0010111|0000|011 0x0B83
3 0 0011111|0011|001 0x0F99
3 1 0100000|0000|000 0x1000
4 0 0000010|1001|100 0x014C
5 0 0000101|0011|101 0x029D
6 0 0001001|0001|110 0x048E
9 0 0110010|0101|100 0x192C
9 1 0110011|0010|100 0x1994
9 2 0110100|0100|100 0x1A24
a 0 0110110|0100|001 0x1B21
a 1 0111001|0101|011 0x1CAB
a 2 0111010|0010|010 0x1D12
d 0 0100101|1000|010 0x12C2
d 1 0100110|0011|010 0x131A
d 2 0100111|0010|010 0x1392
e 0 0101100|1000|110 0x1646
BX = 010 Event : 27
1 0 0001010|0001|100 0x050C
1 1 0001011|0000|011 0x0583
1 2 0001100|0000|110 0x0606
1 3 0001110|0010|101 0x0715
1 4 0010000|0110|101 0x0835
3 0 0000001|1001|110 0x00CE
4 0 0001000|0011|111 0x041F
9 0 0101000|0110|110 0x1436
9 1 0101001|0010|110 0x1496
9 2 0101011|0101|101 0x15AD
a 0 0110100|0101|011 0x1A2B
a 1 0110111|0001|101 0x1B8D
b 0 0010101|1000|011 0x0AC3
d 0 0011100|0001|010 0x0E0A
d 1 0011101|0011|010 0x0E9A
BX = 011 Event : 28
1 0 0000111|0100|101 0x03A5
2 0 0010111|0110|010 0x0BB2
2 1 0011000|0110|001 0x0C31
3 0 0000000|1001|110 0x004E
6 0 0000100|0100|000 0x0220
9 0 0101101|0010|110 0x1696
9 1 0101110|0110|110 0x1736
9 2 0101111|0011|110 0x179E
b 0 0100011|1001|011 0x11CB
b 1 0100100|1000|011 0x1243
c 0 0100111|1010|111 0x13D7
d 0 0100110|0010|010 0x1312
e 0 0101010|1010|011 0x1553
BX = 100 Event : 29
1 0 0010000|0110|100 0x0834
1 1 0010100|0101|111 0x0A2F
2 0 0010110|0001|110 0x0B0E
2 1 0011000|0000|100 0x0C04
4 0 0000100|0001|111 0x020F
4 1 0000101|0001|111 0x028F
6 0 0001010|1001|000 0x0548
6 1 0001100|0011|011 0x061B
9 0 0100100|0010|100 0x1214
a 0 0101011|0110|100 0x15B4
a 1 0101100|0110|100 0x1634
a 2 0101101|0001|100 0x168C
d 0 0011011|1001|010 0x0DCA
BX = 101 Event : 30
1 0 0001100|0001|111 0x060F
1 1 0001101|0100|110 0x06A6
3 0 0000000|0010|011 0x0013
5 0 0001010|0010|101 0x0515
6 0 0001000|1001|001 0x0449
6 1 0001001|1001|000 0x04C8
9 0 0100111|0001|100 0x138C
9 1 0101010|0011|110 0x151E
9 2 0101100|0000|100 0x1604
9 3 0101101|0100|100 0x16A4
9 4 0101110|0101|100 0x172C
a 0 0110111|0111|011 0x1BBB
a 1 0111001|0110|111 0x1CB7
a 2 0111010|0001|101 0x1D0D
b 0 0010110|1001|011 0x0B4B
c 0 0011000|1000|100 0x0C44
c 1 0011001|1011|100 0x0CDC
d 0 0011111|0000|101 0x0F85
BX = 110 Event : 31
1 0 0001011|0110|110 0x05B6
2 0 0010001|0010|000 0x0890
2 1 0010011|0100|010 0x09A2
2 2 0010100|0101|010 0x0A2A
3 0 0011001|0100|001 0x0CA1
3 1 0011011|0101|000 0x0DA8
a 0 0101011|0101|011 0x15AB
c 0 0011101|1011|001 0x0ED9
d 0 0100100|0000|101 0x1205
e 0 0100011|0010|000 0x1190
BX = 111 Event : 32
1 0 0001111|0110|110 0x07B6
2 0 0010010|0011|011 0x091B
2 1 0011001|0010|110 0x0C96
3 0 0011011|0101|001 0x0DA9
4 0 0000100|0010|100 0x0214
5 0 0001000|0011|101 0x041D
5 1 0001001|0011|101 0x049D
9 0 0101001|0101|110 0x14AE
a 0 0110000|0101|000 0x1828
a 1 0110001|0001|000 0x1888
a 2 0110101|0010|100 0x1A94
d 0 0100011|0011|101 0x119D
d 1 0100100|1001|101 0x124D
BX = 000 Event : 33
1 0 0001101|0000|101 0x0685
2 0 0010011|0001|100 0x098C
2 1 0010100|0110|010 0x0A32
3 0 0000001|1010|011 0x00D3
3 1 0000010|0001|011 0x010B
5 0 0001001|0010|101 0x0495
a 0 0100000|0001|000 0x1008
a 1 0100010|0101|000 0x1128
a 2 0101001|0110|111 0x14B7
a 3 0101010|0010|111 0x1517
d 0 0011000|0010|010 0x0C12
d 1 0011001|0010|010 0x0C92
BX = 001 Event : 34
1 0 0010001|0100|111 0x08A7
2 0 0010000|0110|001 0x0831
2 1 0010101|0001|011 0x0A8B
3 0 0000000|1000|110 0x0046
3 1 0000001|1001|011 0x00CB
4 0 0000011|0011|001 0x0199
9 0 0101011|0101|011 0x15AB
9 1 0101101|0101|110 0x16AE
9 2 0101110|0100|101 0x1725
9 3 0101111|0010|100 0x1794
9 4 0110000|0110|100 0x1834
a 0 0110111|0011|001 0x1B99
a 1 0111011|0011|111 0x1D9F
b 0 0011011|1010|110 0x0DD6
d 0 0100101|1011|101 0x12DD
e 0 0100100|0010|000 0x1210
BX = 010 Event : 35
1 0 0000111|0101|101 0x03AD
1 1 0001001|0100|111 0x04A7
2 0 0001101|0110|110 0x06B6
2 1 0010000|0001|110 0x080E
9 0 0100010|0000|100 0x1104
9 1 0100100|0000|110 0x1206
9 2 0100101|0100|110 0x12A6
9 3 0100110|0110|100 0x1334
9 4 0110101|0101|111 0x1AAF
a 0 0110001|0100|000 0x18A0
a 1 0111000|0101|011 0x1C2B
a 2 0111001|0010|011 0x1C93
a 3 0111111|0010|111 0x1F97
b 0 0010011|0001|110 0x098E
b 1 0010101|0011|011 0x0A9B
d 0 0011001|1001|010 0x0CCA
BX = 011 Event : 36
1 0 0001111|0101|110 0x07AE
2 0 0010101|0010|001 0x0A91
3 0 0011100|0011|000 0x0E18
4 0 0000110|1010|100 0x0354
5 0 0001100|0011|101 0x061D
9 0 0100100|0010|110 0x1216
9 1 0100110|0010|100 0x1314
9 2 0100111|0100|100 0x13A4
9 3 0101110|0100|111 0x1727
a 0 0110001|0000|010 0x1882
a 1 0110010|0100|010 0x1922
b 0 0110100|0101|000 0x1A28
BX = 100 Event : 37
1 0 0001111|0001|100 0x078C
1 1 0010001|0110|110 0x08B6
1 2 0010010|0001|101 0x090D
1 3 0010011|0110|101 0x09B5
1 4 0010111|0100|100 0x0BA4
2 0 0011110|0101|000 0x0F28
3 0 0000000|0000|011 0x0003
5 0 0001000|0011|010 0x041A
6 0 0001100|0001|000 0x0608
6 1 0001110|0010|010 0x0712
a 0 1000011|0101|000 0x21A8
a 1 1001001|0101|011 0x24AB
a 2 1001111|0001|110 0x278E
b 0 0101010|0010|110 0x1516
c 0 0110100|1001|001 0x1A49
BX = 101 Event : 38
1 0 0001110|0001|100 0x070C
1 1 0001111|0000|110 0x0786
1 2 0010000|0010|100 0x0814
2 0 0011100|0101|110 0x0E2E
3 0 0000000|0001|110 0x000E
4 0 0000111|1010|111 0x03D7
4 1 0001010|0011|111 0x051F
9 0 0101111|0001|100 0x178C
9 1 0110001|0001|100 0x188C
9 2 0110010|0011|100 0x191C
a 0 0110101|0010|101 0x1A95
a 1 0110110|0010|101 0x1B15
b 0 0110111|0010|000 0x1B90
c 0 0101101|1001|111 0x16CF
d 0 0101110|1010|010 0x1752
BX = 110 Event : 39
1 0 0010001|0010|110 0x0896
2 0 0010111|0000|000 0x0B80
2 1 0011011|0011|001 0x0D99
3 0 0000000|0000|110 0x0006
4 0 0000110|0010|001 0x0311
5 0 0001001|0000|010 0x0482
9 0 0110010|0010|110 0x1916
a 0 0110101|0011|011 0x1A9B
a 1 0110111|0010|100 0x1B94
a 2 0111000|0100|100 0x1C24
e 0 0101101|1010|110 0x16D6
e 1 0101110|0000|011 0x1703
BX = 111 Event : 40
1 0 0001000|0100|110 0x0426
1 1 0001101|0000|111 0x0687
2 0 0010001|0101|100 0x08AC
2 1 0010100|0001|111 0x0A0F
3 0 0000000|0011|110 0x001E
3 1 0000001|0010|011 0x0093
5 0 0000100|0011|101 0x021D
6 0 0000011|0011|000 0x0198
a 0 0110011|0100|111 0x19A7
b 0 0010110|0011|011 0x0B1B
b 1 0110000|0000|001 0x1801
b 2 0110001|0110|001 0x18B1
c 0 0011101|1010|111 0x0ED7
c 1 0011110|0010|111 0x0F17
d 0 0100001|0011|101 0x109D
BX = 000 Event : 41
1 0 0001111|0100|110 0x07A6
1 1 0010000|0101|110 0x082E
1 2 0010100|0000|110 0x0A06
2 0 0010110|0000|100 0x0B04
3 0 0000000|1001|110 0x004E
3 1 0000001|1001|011 0x00CB
4 0 0000011|1010|001 0x01D1
5 0 0000101|0010|010 0x0292
5 1 0000110|0010|010 0x0312
9 0 0110011|0000|110 0x1986
9 1 0110100|0100|100 0x1A24
a 0 0111100|0010|100 0x1E14
a 1 0111101|0000|100 0x1E84
a 2 0111110|0101|011 0x1F2B
a 3 1000001|0010|100 0x2094
a 4 1000111|0101|111 0x23AF
a 5 1001000|0010|111 0x2417
b 0 0011010|0010|011 0x0D13
b 1 1000110|0001|000 0x2308
c 0 0011110|0001|100 0x0F0C
c 1 0011111|1011|100 0x0FDC
c 2 0100000|0000|111 0x1007
e 0 0101100|0001|110 0x160E
BX = 001 Event : 42
1 0 0001011|0000|101 0x0585
2 0 0001101|0001|000 0x0688
2 1 0010000|0001|101 0x080D
2 2 0010001|0101|100 0x08AC
2 3 0010010|0000|110 0x0906
5 0 0000101|0010|010 0x0292
5 1 0000110|0001|101 0x030D
9 0 0100100|0101|111 0x122F
a 0 0101010|0010|100 0x1514
b 0 0010111|0000|110 0x0B86
c 0 0011010|1010|100 0x0D54
c 1 0011011|1000|001 0x0DC1
e 0 0011111|0100|000 0x0FA0
e 1 0100000|1000|000 0x1040
BX = 010 Event : 43
1 0 0010101|0010|110 0x0A96
1 1 0010110|0110|110 0x0B36
1 2 0010111|0000|110 0x0B86
1 3 0011000|0011|110 0x0C1E
1 4 0011001|0110|110 0x0CB6
1 5 0011100|0100|101 0x0E25
2 0 0100101|0000|110 0x1286
4 0 0001011|1000|111 0x05C7
5 0 0001010|1000|010 0x0542
6 0 0010000|1001|000 0x0848
9 0 0110101|0000|011 0x1A83
9 1 0110110|0000|010 0x1B02
9 2 0110111|0010|100 0x1B94
a 0 1000000|0001|101 0x200D
a 1 1000001|0110|101 0x20B5
b 0 0101010|1010|110 0x1556
d 0 0110001|0000|101 0x1885
e 0 0110011|0011|110 0x199E
BX = 011 Event : 44
1 0 0010000|0100|111 0x0827
4 0 0000101|1000|001 0x02C1
4 1 0000110|0000|001 0x0301
5 0 0000111|1001|010 0x03CA
9 0 0101010|0100|011 0x1523
9 1 0101100|0001|100 0x160C
a 0 0111010|0111|011 0x1D3B
c 0 0011011|1010|001 0x0DD1
c 1 0011101|1001|111 0x0ECF
d 0 0100010|0001|101 0x110D
BX = 100 Event : 45
1 0 0001010|0101|101 0x052D
2 0 0001111|0100|010 0x07A2
4 0 0000001|1011|100 0x00DC
5 0 0000110|0010|101 0x0315
6 0 0000101|0100|000 0x02A0
9 0 0100111|0001|100 0x138C
9 1 0110000|0000|111 0x1807
a 0 0110011|0001|100 0x198C
a 1 0110101|0001|011 0x1A8B
a 2 0111000|0001|100 0x1C0C
a 3 0111001|0001|100 0x1C8C
b 0 0010101|0011|110 0x0A9E
b 1 0010110|1001|011 0x0B4B
c 0 0011001|1000|111 0x0CC7
c 1 0011010|1001|111 0x0D4F
d 0 0011110|1010|101 0x0F55
BX = 101 Event : 46
1 0 0010110|0001|011 0x0B0B
1 1 0010111|0000|101 0x0B85
1 2 0011100|0110|111 0x0E37
2 0 0011111|0111|011 0x0FBB
2 1 0100001|0010|111 0x1097
3 0 0000000|1000|011 0x0043
3 1 0100000|0110|001 0x1031
4 0 0001001|1010|100 0x04D4
6 0 0010000|0001|000 0x0808
6 1 0010101|0010|010 0x0A92
9 0 0110110|0100|100 0x1B24
9 1 0111110|0101|111 0x1F2F
a 0 0111101|0000|000 0x1E80
a 1 0111111|0000|011 0x1F83
a 2 1000000|0011|001 0x2019
a 3 1000001|0011|001 0x2099
b 0 0100110|1000|011 0x1343
b 1 0100111|0010|011 0x1393
d 0 0101110|0100|101 0x1725
d 1 0101111|0011|101 0x179D
e 0 0110101|0011|110 0x1A9E
BX = 110 Event : 47
1 0 0001000|0110|110 0x0436
2 0 0001111|0001|100 0x078C
2 1 0010000|0000|011 0x0803
3 0 0000000|1010|011 0x0053
a 0 0100101|0101|000 0x12A8
a 1 0101011|0101|011 0x15AB
a 2 0101100|0001|001 0x1609
d 0 0100010|0001|101 0x110D
e 0 0100001|0100|000 0x10A0
BX = 111 Event : 48
1 0 0001011|0110|100 0x05B4
2 0 0001110|0100|001 0x0721
2 1 0010011|0000|010 0x0982
2 2 0010110|0100|111 0x0B27
2 3 0010111|0010|110 0x0B96
3 0 0000000|0011|110 0x001E
3 1 0000010|1001|011 0x014B
5 0 0000111|1011|101 0x03DD
a 0 0101111|0100|010 0x17A2
a 1 0110000|0110|010 0x1832
a 2 0110001|0001|010 0x188A
a 3 0110111|0101|110 0x1BAE
d 0 0011110|1001|010 0x0F4A
d 1 0011111|0000|010 0x0F82
e 0 0100100|1001|110 0x124E
BX = 000 Event : 49
9 0 0101001|0000|100 0x1484
9 1 0101010|0100|100 0x1524
9 2 0101011|0100|011 0x15A3
9 3 0101100|0011|110 0x161E
9 4 0101101|0000|100 0x1684
a 0 0110010|0000|011 0x1903
a 1 0110011|0111|011 0x19BB
a 2 0110100|0110|011 0x1A33
c 0 0011001|1000|100 0x0CC4
c 1 0011010|1000|100 0x0D44
c 2 0011111|0001|111 0x0F8F
d 0 0100010|0011|101 0x111D
d 1 0100011|0011|101 0x119D
BX = 001 Event : 50
1 0 0011011|0010|101 0x0D95
2 0 0100111|0000|110 0x1386
2 1 0101000|0000|100 0x1404
4 0 0001000|1001|100 0x044C
4 1 0001001|0001|100 0x048C
4 2 0001010|0011|001 0x0519
4 3 0001111|1000|111 0x07C7
4 4 0010000|1010|111 0x0857
5 0 0010100|1001|101 0x0A4D
5 1 0010101|0010|101 0x0A95
9 0 0111111|0101|011 0x1FAB
9 1 1000001|0110|111 0x20B7
9 2 1000010|0001|101 0x210D
9 3 1000100|0101|100 0x222C
b 0 0101010|1010|110 0x1556
b 1 0101011|0001|011 0x158B
c 0 0110001|1000|001 0x18C1
d 0 0110110|0010|010 0x1B12
d 1 0110111|1010|010 0x1BD2
BX = 010 Event : 51
1 0 0001110|0011|110 0x071E
2 0 0010011|0101|001 0x09A9
2 1 0010101|0100|011 0x0AA3
2 2 0010110|0110|011 0x0B33
4 0 0000010|1001|111 0x014F
4 1 0000011|1010|111 0x01D7
6 0 0001100|1000|110 0x0646
9 0 0100011|0010|110 0x1196
9 1 0100100|0100|110 0x1226
a 0 0101000|0000|101 0x1405
a 1 0101001|0001|101 0x148D
a 2 0101100|0101|101 0x162D
a 3 0101101|0100|100 0x16A4
c 0 0011010|1001|001 0x0D49
e 0 0011111|0010|110 0x0F96
e 1 0100000|0000|110 0x1006
BX = 011 Event : 52
2 0 0011000|0110|010 0x0C32
2 1 0011001|0101|010 0x0CAA
2 2 0011111|0011|111 0x0F9F
3 0 0011110|0101|000 0x0F28
4 0 0000101|0011|111 0x029F
4 1 0000110|0011|111 0x031F
4 2 0000111|0011|111 0x039F
4 3 0001010|0000|111 0x0507
5 0 0001100|1011|101 0x065D
5 1 0001101|0011|101 0x069D
9 0 0110010|0000|100 0x1904
9 1 0110011|0000|100 0x1984
9 2 0110110|0110|111 0x1B37
a 0 0110101|0001|000 0x1A88
a 1 0111000|0111|011 0x1C3B
a 2 0111001|0000|010 0x1C82
a 3 0111010|0010|001 0x1D11
a 4 1000001|0100|111 0x20A7
a 5 1000010|0101|110 0x212E
a 6 1000011|0100|110 0x21A6
a 7 1000101|0100|110 0x22A6
b 0 0100010|0010|011 0x1113
b 1 0100011|0011|011 0x119B
b 2 1001001|0110|001 0x24B1
c 0 0101000|1011|100 0x145C
c 1 0101001|1010|001 0x14D1
d 0 0101011|1011|010 0x15DA
BX = 100 Event : 53
1 0 0001010|0001|101 0x050D
4 0 0000010|1000|111 0x0147
a 0 0101000|0000|110 0x1406
b 0 0010010|0001|110 0x090E
c 0 0010111|1000|001 0x0BC1
d 0 0011101|1001|101 0x0ECD
e 0 0011100|1000|000 0x0E40
e 1 0011111|0001|011 0x0F8B
e 2 0100000|0001|110 0x100E
e 3 0100001|1000|110 0x10C6
BX = 101 Event : 54
2 0 0001011|0101|100 0x05AC
5 0 0000011|0011|010 0x019A
5 1 0000100|0011|010 0x021A
5 2 0000101|1010|010 0x02D2
9 0 0011011|0100|011 0x0DA3
9 1 0011100|0000|110 0x0E06
9 2 0011101|0011|110 0x0E9E
9 3 0011110|0100|110 0x0F26
c 0 0010001|0010|100 0x0894
BX = 110 Event : 55
1 0 0010000|0101|110 0x082E
1 1 0010001|0011|100 0x089C
1 2 0010111|0101|111 0x0BAF
2 0 0011001|0000|011 0x0C83
2 1 0011010|0000|011 0x0D03
2 2 0011011|0000|001 0x0D81
2 3 0011101|0001|100 0x0E8C
4 0 0000100|0001|111 0x020F
4 1 0000101|0001|111 0x028F
6 0 0001101|1010|110 0x06D6
a 0 0111000|0101|000 0x1C28
a 1 0111011|0110|101 0x1DB5
a 2 0111100|0110|101 0x1E35
a 3 1000000|0010|111 0x2017
b 0 0100100|1011|011 0x125B
c 0 0100111|0011|001 0x1399
BX = 111 Event : 56
1 0 0010000|0001|101 0x080D
2 0 0011100|0101|100 0x0E2C
2 1 0011101|0101|100 0x0EAC
2 2 0011111|0110|111 0x0FB7
3 0 0000000|0011|110 0x001E
3 1 0000001|0001|011 0x008B
5 0 0001000|1000|101 0x0445
6 0 0000111|1010|000 0x03D0
6 1 0001001|1001|010 0x04CA
9 0 0101111|0100|111 0x17A7
9 1 0110010|0010|101 0x1915
9 2 0110011|0010|101 0x1995
9 3 0110100|0100|100 0x1A24
a 0 0111011|0010|000 0x1D90
a 1 0111100|0000|000 0x1E00
a 2 0111101|0001|011 0x1E8B
a 3 0111110|0110|101 0x1F35
a 4 0111111|0001|100 0x1F8C
a 5 1000000|0110|101 0x2035
e 0 0101000|0001|000 0x1408
e 1 0101001|0100|000 0x14A0
e 2 0101010|0011|000 0x1518
BX = 000 Event : 57
1 0 0010100|0110|101 0x0A35
1 1 0010110|0000|101 0x0B05
1 2 0010111|0110|101 0x0BB5
2 0 0011110|0001|001 0x0F09
2 1 0011111|0001|001 0x0F89
2 2 0100011|0001|100 0x118C
2 3 0100100|0010|100 0x1214
3 0 0000000|0011|011 0x001B
4 0 0000011|0010|111 0x0197
4 1 0000100|0001|111 0x020F
4 2 0000101|1010|111 0x02D7
4 3 0000110|0001|111 0x030F
9 0 0110110|0001|101 0x1B0D
9 1 0111000|0100|100 0x1C24
a 0 0111110|0000|001 0x1F01
a 1 1000110|0110|011 0x2333
b 0 0100110|0011|011 0x131B
e 0 0101111|1011|011 0x17DB
e 1 0110000|0001|110 0x180E
BX = 001 Event : 58
1 0 0011010|0100|101 0x0D25
1 1 0011100|0110|101 0x0E35
2 0 0100010|0010|001 0x1111
2 1 0100101|0011|100 0x129C
2 2 0100110|0010|101 0x1315
2 3 0100111|0101|101 0x13AD
2 4 0101000|0001|100 0x140C
3 0 0000000|1010|110 0x0056
3 1 0000100|1001|011 0x024B
3 2 0000101|1010|011 0x02D3
4 0 0001001|1011|100 0x04DC
4 1 0001010|0011|001 0x0519
4 2 0001111|0010|111 0x0797
6 0 0010110|0000|110 0x0B06
9 0 0111101|0110|111 0x1EB7
9 1 0111110|0100|111 0x1F27
a 0 1000100|0111|100 0x223C
a 1 1001011|0001|111 0x258F
d 0 0110011|1010|010 0x19D2
BX = 010 Event : 59
1 0 0001110|0100|110 0x0726
1 1 0001111|0001|101 0x078D
2 0 0011101|0101|100 0x0EAC
2 1 0011110|0100|100 0x0F24
2 2 0011111|0110|100 0x0FB4
4 0 0000111|0000|111 0x0387
9 0 0110101|0010|110 0x1A96
9 1 0111100|0010|110 0x1E16
a 0 0111010|0100|001 0x1D21
a 1 1000000|0110|101 0x2035
a 2 1000010|0010|111 0x2117
b 0 0100101|1011|110 0x12DE
c 0 0101001|0010|111 0x1497
d 0 0101010|0011|010 0x151A
d 1 0101110|1001|101 0x174D
d 2 0101111|0011|101 0x179D
BX = 011 Event : 60
1 0 0010101|0010|110 0x0A96
1 1 0010110|0101|101 0x0B2D
2 0 0011000|0110|001 0x0C31
3 0 0000000|1001|011 0x004B
3 1 0000001|1011|011 0x00DB
4 0 0000011|1011|100 0x01DC
4 1 0000100|1011|100 0x025C
4 2 0000101|1000|001 0x02C1
4 3 0000110|0001|001 0x0309
6 0 0010001|1000|010 0x08C2
9 0 0110010|0110|110 0x1936
9 1 0110011|0010|110 0x1996
9 2 0110101|0010|100 0x1A94
9 3 0111010|0101|111 0x1D2F
a 0 0111011|0011|011 0x1D9B
c 0 0100011|0011|001 0x1199
c 1 0100100|1001|001 0x1249
d 0 0100110|1000|010 0x1342
d 1 0100111|0010|010 0x1392
d 2 0101000|1000|010 0x1442
e 0 0101100|1000|000 0x1640
BX = 100 Event : 61
1 0 0010100|0000|100 0x0A04
1 1 0011101|0001|111 0x0E8F
2 0 0011111|0010|100 0x0F94
2 1 0100000|0011|001 0x1019
2 2 0100001|0111|001 0x10B9
2 3 0100100|0101|100 0x122C
4 0 0001010|1010|111 0x0557
5 0 0000111|1000|010 0x03C2
5 1 0001000|1001|010 0x044A
5 2 0001110|1010|101 0x0755
6 0 0001100|1011|000 0x0658
6 1 0010001|1010|010 0x08D2
6 2 0010010|1000|010 0x0942
9 0 1000011|0001|110 0x218E
9 1 1000100|0101|100 0x222C
9 2 1001010|0100|111 0x2527
a 0 1001001|0101|000 0x24A8
a 1 1001110|0001|011 0x270B
a 2 1010011|0001|110 0x298E
a 3 1010100|0110|101 0x2A35
c 0 0101110|1000|001 0x1741
c 1 0101111|0000|001 0x1781
c 2 0110000|0010|001 0x1811
d 0 0110011|1011|010 0x19DA
e 0 0111111|0001|110 0x1F8E
BX = 101 Event : 62
1 0 0001001|0000|100 0x0484
3 0 0000000|1000|011 0x0043
a 0 0110011|0110|100 0x19B4
a 1 0110100|0011|010 0x1A1A
a 2 0111011|0110|100 0x1DB4
a 3 0111101|0101|110 0x1EAE
a 4 1000001|0110|100 0x20B4
a 5 1000010|0101|111 0x212F
b 0 0010111|0011|110 0x0B9E
b 1 0011000|1000|011 0x0C43
c 0 0011101|1010|001 0x0ED1
c 1 0011110|1010|001 0x0F51
d 0 0100000|0011|010 0x101A
e 0 0100001|0000|000 0x1080
e 1 0100010|0001|000 0x1108
e 2 0100011|1001|011 0x11CB
BX = 110 Event : 63
1 0 0001100|0100|100 0x0624
1 1 0001101|0110|110 0x06B6
2 0 0010010|0000|010 0x0902
2 1 0010110|0000|111 0x0B07
2 2 0010111|0001|111 0x0B8F
5 0 0001000|1001|010 0x044A
5 1 0001001|1010|010 0x04D2
5 2 0001010|1010|010 0x0552
9 0 0100101|0101|100 0x12AC
a 0 0101010|0101|011 0x152B
a 1 0101111|0010|110 0x1796
BX = 111 Event : 64
1 0 0010010|0100|100 0x0924
1 1 0010011|0001|100 0x098C
2 0 0011100|0011|011 0x0E1B
2 1 0011110|0100|011 0x0F23
2 2 0011111|0110|010 0x0FB2
2 3 0100000|0100|010 0x1022
2 4 0100001|0010|001 0x1091
2 5 0100010|0000|001 0x1101
2 6 0101000|0101|100 0x142C
3 0 0000001|1010|110 0x00D6
3 1 0000010|1010|110 0x0156
4 0 0000101|0100|100 0x02A4
4 1 0000110|1011|001 0x0359
4 2 0000111|0010|101 0x0395
5 0 0001001|0010|010 0x0492
6 0 0001101|0100|000 0x06A0
9 0 0111100|0110|101 0x1E35
9 1 0111110|0101|101 0x1F2D
9 2 0111111|0001|101 0x1F8D
a 0 1000100|0100|011 0x2223
c 0 0101111|0010|001 0x1791
c 1 0110000|0100|001 0x1821
c 2 0110101|1001|111 0x1ACF
e 0 0111001|0001|000 0x1C88
BX = 000 Event : 65
1 0 0001100|0001|100 0x060C
1 1 0001110|0110|110 0x0736
1 2 0001111|0110|110 0x07B6
1 3 0010000|0000|110 0x0806
2 0 0010011|0101|001 0x09A9
2 1 0010111|0101|100 0x0BAC
2 2 0011000|0011|100 0x0C1C
9 0 0100100|0101|101 0x122D
9 1 0101001|0000|111 0x1487
a 0 0101000|0100|000 0x1420
a 1 0101011|0010|100 0x1594
b 0 0110001|0101|000 0x18A8
b 1 0110010|0110|001 0x1931
c 0 0011100|0010|001 0x0E11
d 0 0011111|1000|010 0x0FC2
d 1 0100001|0010|010 0x1092
BX = 001 Event : 66
1 0 0001111|0110|110 0x07B6
1 1 0010000|0100|100 0x0824
1 2 0010001|0110|100 0x08B4
2 0 0011011|0100|011 0x0DA3
2 1 0011100|0101|011 0x0E2B
2 2 0011101|0010|001 0x0E91
2 3 0011111|0001|110 0x0F8E
2 4 0100000|0110|110 0x1036
2 5 0100001|0100|111 0x10A7
2 6 0100011|0001|111 0x118F
3 0 0000000|0010|110 0x0016
3 1 0000001|1011|110 0x00DE
3 2 0000010|0010|011 0x0113
9 0 0110000|0100|101 0x1825
a 0 0110110|0001|100 0x1B0C
b 0 0100101|1010|011 0x12D3
c 0 0101011|0100|001 0x15A1
e 0 0101110|0000|000 0x1700
e 1 0101111|0001|000 0x1788
BX = 010 Event : 67
2 0 0011111|0101|100 0x0FAC
2 1 0100000|0011|011 0x101B
2 2 0100100|0110|111 0x1237
2 3 0100111|0000|100 0x1384
3 0 0000000|0000|110 0x0006
3 1 0000001|0011|110 0x009E
9 0 0111101|0001|100 0x1E8C
9 1 0111111|0011|110 0x1F9E
9 2 1000000|0100|110 0x2026
9 3 1000001|0110|101 0x20B5
a 0 1001011|0110|100 0x25B4
e 0 0110101|0000|000 0x1A80
e 1 0110110|1000|000 0x1B40
BX = 011 Event : 68
1 0 0000110|0100|011 0x0323
1 1 0000111|0110|110 0x03B6
1 2 0001000|0101|110 0x042E
1 3 0001001|0100|101 0x04A5
1 4 0001010|0110|100 0x0534
2 0 0010010|0001|110 0x090E
2 1 0010011|0001|111 0x098F
3 0 0000000|0011|011 0x001B
6 0 0000011|1010|010 0x01D2
9 0 0011110|0001|011 0x0F0B
9 1 0100000|0101|110 0x102E
9 2 0100001|0001|101 0x108D
9 3 0100010|0110|100 0x1134
c 0 0010101|0001|100 0x0A8C
c 1 0010110|1011|100 0x0B5C
c 2 0011010|1011|111 0x0D5F
c 3 0011011|1001|111 0x0DCF
e 0 0011100|1011|000 0x0E58
e 1 0011101|1001|011 0x0ECB
BX = 100 Event : 69
1 0 0001011|0101|100 0x05AC
2 0 0010001|0101|001 0x08A9
2 1 0010111|0110|100 0x0BB4
2 2 0011000|0100|001 0x0C21
2 3 0011001|0101|001 0x0CA9
2 4 0011011|0110|100 0x0DB4
2 5 0011100|0110|100 0x0E34
2 6 0011101|0110|100 0x0EB4
3 0 0100001|0010|000 0x1090
5 0 0000101|0001|101 0x028D
6 0 0001010|0000|011 0x0503
9 0 0101101|0000|100 0x1684
9 1 0101110|0001|011 0x170B
9 2 0101111|0101|110 0x17AE
9 3 0110010|0001|100 0x190C
9 4 0110111|0001|111 0x1B8F
a 0 0111010|0011|101 0x1D1D
a 1 0111110|0010|101 0x1F15
a 2 1000100|0011|111 0x221F
c 0 0100110|0011|100 0x131C
c 1 0100111|0001|100 0x138C
d 0 0101001|1000|010 0x14C2
e 0 0101100|1010|000 0x1650
BX = 101 Event : 70
1 0 0001110|0110|110 0x0736
1 1 0001111|0011|110 0x079E
1 2 0010000|0000|110 0x0806
1 3 0010001|0001|101 0x088D
2 0 0010101|0001|011 0x0A8B
2 1 0010110|0110|011 0x0B33
3 0 0011000|0011|001 0x0C19
9 0 0100001|0001|100 0x108C
9 1 0100100|0100|110 0x1226
9 2 0100101|0101|100 0x12AC
a 0 0100111|0101|000 0x13A8
e 0 0011111|1001|110 0x0FCE
BX = 110 Event : 71
1 0 0001111|0101|101 0x07AD
2 0 0010110|0100|111 0x0B27
4 0 0000100|0000|111 0x0207
9 0 0101000|0000|110 0x1406
9 1 0101100|0100|111 0x1627
a 0 0101011|0010|000 0x1590
a 1 0110000|0010|100 0x1814
c 0 0011010|0001|001 0x0D09
c 1 0011100|0001|001 0x0E09
e 0 0100000|1001|011 0x104B
BX = 111 Event : 72
1 0 0010000|0000|100 0x0804
1 1 0010001|0100|101 0x08A5
1 2 0010110|0101|111 0x0B2F
2 0 0010101|0010|001 0x0A91
2 1 0011110|0010|111 0x0F17
3 0 0000001|0000|011 0x0083
4 0 0000101|1011|001 0x02D9
9 0 0110000|0001|011 0x180B
9 1 0110010|0011|110 0x191E
9 2 0110011|0110|110 0x19B6
a 0 0111001|0110|010 0x1CB2
b 0 0100001|1000|011 0x10C3
b 1 1000010|0010|000 0x2110
c 0 0100111|1010|100 0x13D4
c 1 0101000|1010|001 0x1451
d 0 0101001|1000|010 0x14C2
e 0 0101101|0011|110 0x169E
BX = 000 Event : 73
1 0 0010000|0000|100 0x0804
1 1 0010011|0101|111 0x09AF
1 2 0010100|0110|110 0x0A36
1 3 0010110|0011|110 0x0B1E
1 4 0011101|0110|111 0x0EB7
2 0 0011110|0001|100 0x0F0C
2 1 0011111|0110|010 0x0FB2
3 0 0101000|0010|001 0x1411
4 0 0000100|1011|100 0x025C
4 1 0000111|0001|111 0x038F
4 2 0001000|1001|111 0x044F
9 0 0110111|0000|101 0x1B85
a 0 0111100|0000|011 0x1E03
a 1 0111101|0000|010 0x1E82
a 2 0111110|0101|001 0x1F29
b 0 0101011|0001|011 0x158B
b 1 0101100|1010|011 0x1653
c 0 0110010|0010|001 0x1911
c 1 0110011|0000|001 0x1981
BX = 001 Event : 74
2 0 0010010|0001|001 0x0909
3 0 0011001|0110|001 0x0CB1
4 0 0000100|1000|100 0x0244
4 1 0001000|1011|111 0x045F
5 0 0000111|1001|010 0x03CA
9 0 0100110|0100|100 0x1324
9 1 0100111|0001|011 0x138B
a 0 0101011|0010|111 0x1597
a 1 0101100|0000|100 0x1604
a 2 0101101|0010|110 0x1696
d 0 0100010|0000|010 0x1102
BX = 010 Event : 75
1 0 0010100|0110|101 0x0A35
3 0 0000000|0000|110 0x0006
3 1 0000001|1000|110 0x00C6
3 2 0000010|0010|110 0x0116
3 3 0000011|1001|011 0x01CB
4 0 0000111|1001|100 0x03CC
4 1 0001000|1001|001 0x0449
6 0 0001010|0100|000 0x0520
6 1 0001111|0010|110 0x0796
9 0 0110101|0100|011 0x1AA3
a 0 0111010|0110|001 0x1D31
a 1 0111011|0101|001 0x1DA9
a 2 0111100|0110|100 0x1E34
b 0 0101000|1011|011 0x145B
c 0 0101011|1001|111 0x15CF
d 0 0101010|1010|010 0x1552
d 1 0101111|1011|101 0x17DD
BX = 011 Event : 76
1 0 0001111|0001|011 0x078B
2 0 0010011|0010|001 0x0991
2 1 0011001|0011|001 0x0C99
2 2 0011010|0010|001 0x0D11
2 3 0011011|0010|001 0x0D91
5 0 0001000|0010|010 0x0412
a 0 0111000|0010|000 0x1C10
a 1 0111110|0010|011 0x1F13
a 2 0111111|0011|011 0x1F9B
a 3 1000000|0001|111 0x200F
a 4 1000001|0001|101 0x208D
c 0 0100101|1000|100 0x12C4
e 0 0101110|0001|000 0x1708
e 1 0101111|1001|000 0x17C8
e 2 0110001|0001|011 0x188B
BX = 100 Event : 77
1 0 0001010|0100|100 0x0524
2 0 0001101|0010|000 0x0690
2 1 0001110|0011|100 0x071C
2 2 0001111|0010|010 0x0792
4 0 0000011|1000|111 0x01C7
6 0 0000111|1011|010 0x03DA
6 1 0001000|0011|010 0x041A
a 0 0110001|0010|010 0x1892
b 0 0011000|0010|011 0x0C13
d 0 0100000|1000|010 0x1042
d 1 0100001|1000|010 0x10C2
d 2 0100010|1001|010 0x114A
BX = 101 Event : 78
1 0 0001100|0100|100 0x0624
2 0 0010000|0010|000 0x0810
3 0 0000000|0011|110 0x001E
3 1 0000010|0010|011 0x0113
3 2 0000011|0010|011 0x0193
4 0 0001000|0001|001 0x0409
5 0 0001010|0100|101 0x0525
6 0 0001011|0011|010 0x059A
9 0 0101010|0101|100 0x152C
a 0 0110010|0001|101 0x190D
a 1 0110011|0110|100 0x19B4
d 0 0100110|0001|101 0x130D
e 0 0101001|0011|110 0x149E
BX = 110 Event : 79
1 0 0010000|0101|110 0x082E
2 0 0100100|0010|110 0x1216
2 1 0100101|0101|110 0x12AE
2 2 0100110|0110|110 0x1336
2 3 0101010|0000|111 0x1507
3 0 0000000|0010|110 0x0016
4 0 0000111|0001|111 0x038F
5 0 0000110|0001|010 0x030A
5 1 0001011|0000|101 0x0585
6 0 0001010|0100|000 0x0520
9 0 0111001|0100|100 0x1CA4
a 0 0111011|0000|000 0x1D80
a 1 0111101|0010|011 0x1E93
a 2 0111110|0010|010 0x1F12
a 3 0111111|0101|111 0x1FAF
a 4 1000000|0110|101 0x2035
a 5 1000001|0110|111 0x20B7
b 0 0101011|1000|110 0x15C6
b 1 0101100|0010|011 0x1613
c 0 0110010|1000|100 0x1944
e 0 0110111|1011|011 0x1BDB
BX = 111 Event : 80
1 0 0010001|0100|011 0x08A3
1 1 0010010|0000|011 0x0903
1 2 0010101|0100|101 0x0AA5
1 3 0010110|0001|101 0x0B0D
1 4 0011000|0100|101 0x0C25
1 5 0011010|0001|100 0x0D0C
2 0 0100001|0010|010 0x1092
2 1 0100010|0100|001 0x1121
2 2 0100011|0101|111 0x11AF
2 3 0100100|0100|100 0x1224
2 4 0100101|0000|100 0x1284
2 5 0100111|0011|100 0x139C
2 6 0101000|0110|111 0x1437
2 7 0101001|0101|111 0x14AF
4 0 0000111|1010|001 0x03D1
6 0 0001110|1000|000 0x0740
6 1 0010000|1010|010 0x0852
9 0 0111101|0010|110 0x1E96
9 1 0111110|0101|101 0x1F2D
9 2 0111111|0010|100 0x1F94
9 3 1000010|0010|111 0x2117
b 0 0101011|1000|011 0x15C3
b 1 0101100|0011|011 0x161B
c 0 0110000|1001|100 0x184C
d 0 0110101|0010|101 0x1A95
BX = 000 Event : 81
1 0 0001101|0001|011 0x068B
1 1 0001111|0001|110 0x078E
1 2 0010001|0000|101 0x0885
1 3 0010010|0011|101 0x091D
2 0 0011010|0100|000 0x0D20
3 0 0000001|0001|011 0x008B
3 1 0011100|0101|001 0x0E29
4 0 0000011|0100|100 0x01A4
4 1 0000101|1010|111 0x02D7
a 0 0101000|0110|010 0x1432
BX = 001 Event : 82
1 0 0001010|0001|100 0x050C
1 1 0001011|0001|100 0x058C
1 2 0001110|0100|111 0x0727
1 3 0010001|0011|101 0x089D
1 4 0010010|0011|100 0x091C
1 5 0010100|0100|111 0x0A27
2 0 0010011|0001|000 0x0988
3 0 0000000|1011|011 0x005B
4 0 0000010|0010|111 0x0117
4 1 0000100|0010|111 0x0217
5 0 0001000|0010|101 0x0415
d 0 0100100|0001|101 0x120D
BX = 010 Event : 83
1 0 0001111|0100|011 0x07A3
2 0 0010100|0100|001 0x0A21
2 1 0010101|0110|001 0x0AB1
2 2 0011000|0110|110 0x0C36
4 0 0000100|0001|100 0x020C
4 1 0000101|1001|100 0x02CC
4 2 0000110|1001|001 0x0349
5 0 0001101|1010|101 0x06D5
9 0 0101000|0010|100 0x1414
9 1 0101011|0100|111 0x15A7
a 0 0101100|0001|011 0x160B
a 1 0101101|0101|001 0x16A9
a 2 0101110|0001|001 0x1709
c 0 0011110|1011|001 0x0F59
d 0 0100010|0010|101 0x1115
e 0 0100100|0001|110 0x120E
BX = 011 Event : 84
1 0 0011000|0100|111 0x0C27
2 0 0010110|0101|001 0x0B29
2 1 0011001|0000|110 0x0C86
2 2 0011010|0100|110 0x0D26
4 0 0000101|0001|111 0x028F
5 0 0000111|0000|101 0x0385
9 0 0100110|0000|101 0x1305
9 1 0100111|0110|100 0x13B4
a 0 0101101|0110|100 0x16B4
a 1 0101110|0101|011 0x172B
a 2 0110010|0010|110 0x1916
c 0 0011110|1000|100 0x0F44
c 1 0011111|0010|001 0x0F91
c 2 0100000|0000|111 0x1007
d 0 0100010|0010|101 0x1115
d 1 0100011|0001|101 0x118D
BX = 100 Event : 85
1 0 0001110|0000|110 0x0706
1 1 0010000|0100|100 0x0824
2 0 0010100|0100|011 0x0A23
2 1 0010101|0101|011 0x0AAB
2 2 0011001|0000|110 0x0C86
2 3 0100000|0011|111 0x101F
3 0 0011110|0101|001 0x0F29
4 0 0000000|0010|100 0x0014
4 1 0000001|0011|100 0x009C
4 2 0000010|1000|001 0x0141
4 3 0000101|0011|111 0x029F
6 0 0000111|1011|000 0x03D8
9 0 0110110|0101|111 0x1B2F
a 0 0111110|0101|101 0x1F2D
a 1 0111111|0100|100 0x1FA4
a 2 1000010|0011|111 0x211F
b 0 0100001|0001|011 0x108B
b 1 1000101|0010|000 0x2290
c 0 0100101|1011|001 0x12D9
c 1 0100110|0001|001 0x1309
d 0 0101011|1000|101 0x15C5
e 0 0101010|1000|000 0x1540
e 1 0101111|0010|011 0x1793
BX = 101 Event : 86
2 0 0010010|0100|001 0x0921
2 1 0010100|0001|011 0x0A0B
2 2 0010101|0110|011 0x0AB3
2 3 0010110|0111|001 0x0B39
4 0 0000010|0000|100 0x0104
4 1 0000011|0000|101 0x0185
9 0 0110000|0011|110 0x181E
9 1 0110001|0011|101 0x189D
9 2 0110110|0101|111 0x1B2F
a 0 0111010|0000|100 0x1D04
a 1 0111011|0001|100 0x1D8C
b 0 0100001|1000|011 0x10C3
BX = 110 Event : 87
1 0 0010100|0110|110 0x0A36
1 1 0010101|0110|101 0x0AB5
2 0 0011100|0101|001 0x0E29
4 0 0000011|1000|001 0x01C1
4 1 0000100|0011|001 0x0219
4 2 0001000|0010|111 0x0417
4 3 0001010|0001|111 0x050F
5 0 0000111|0001|010 0x038A
6 0 0001110|0011|000 0x0718
6 1 0010000|1011|010 0x085A
9 0 0110010|0001|011 0x190B
9 1 0110110|0000|100 0x1B04
9 2 0111000|0010|100 0x1C14
a 0 1000000|0011|011 0x201B
b 0 0100011|1010|110 0x11D6
b 1 0100100|0001|011 0x120B
e 0 0101111|0011|110 0x179E
BX = 111 Event : 88
1 0 0010000|0100|110 0x0826
2 0 0011011|0111|010 0x0DBA
2 1 0100100|0010|111 0x1217
3 0 0000000|0011|110 0x001E
3 1 0000001|0010|011 0x0093
3 2 0100101|0001|000 0x1288
4 0 0000111|0010|111 0x0397
9 0 0101110|0101|110 0x172E
9 1 0110001|0101|110 0x18AE
a 0 0110101|0110|011 0x1AB3
b 0 0100110|0001|110 0x130E
b 1 0110110|0110|001 0x1B31
d 0 0101011|0001|010 0x158A
d 1 0101100|1001|010 0x164A
BX = 000 Event : 89
1 0 0011000|0110|101 0x0C35
1 1 0011001|0011|100 0x0C9C
4 0 0001001|0001|111 0x048F
5 0 0000110|1001|010 0x034A
5 1 0000111|0011|010 0x039A
5 2 0001011|1010|101 0x05D5
9 0 0110110|0100|101 0x1B25
9 1 0110111|0100|101 0x1BA5
9 2 0111011|0000|111 0x1D87
b 0 0100101|1000|110 0x12C6
e 0 0110000|0100|000 0x1820
e 1 0110001|1001|000 0x18C8
e 2 0110010|0000|000 0x1900
BX = 001 Event : 90
2 0 0010000|0100|000 0x0820
3 0 0000000|0001|110 0x000E
3 1 0010101|0110|001 0x0AB1
3 2 0010110|0110|000 0x0B30
4 0 0000111|1011|111 0x03DF
4 1 0001001|0010|111 0x0497
4 2 0001010|1010|111 0x0557
4 3 0001011|0011|111 0x059F
9 0 0100100|0100|010 0x1222
9 1 0100101|0100|101 0x12A5
9 2 0101010|0000|111 0x1507
9 3 0101011|0100|111 0x15A7
a 0 0101001|0010|000 0x1490
a 1 0101101|0111|011 0x16BB
a 2 0110000|0100|111 0x1827
c 0 0011100|0001|111 0x0E0F
d 0 0011110|1011|010 0x0F5A
e 0 0100001|1001|110 0x10CE
BX = 010 Event : 91
1 0 0000111|0100|101 0x03A5
4 0 0000000|0010|100 0x0014
4 1 0000011|0011|111 0x019F
5 0 0000010|1000|010 0x0142
9 0 0100101|0100|011 0x12A3
9 1 0100110|0110|100 0x1334
a 0 0101110|0000|100 0x1704
a 1 0101111|0110|011 0x17B3
a 2 0110000|0011|010 0x181A
a 3 0110100|0000|101 0x1A05
a 4 0110101|0001|100 0x1A8C
a 5 0110110|0001|100 0x1B0C
b 0 0010110|1011|110 0x0B5E
c 0 0011001|1010|100 0x0CD4
c 1 0011010|1000|001 0x0D41
c 2 0011011|0010|001 0x0D91
BX = 011 Event : 92
1 0 0001110|0100|110 0x0726
1 1 0001111|0001|101 0x078D
2 0 0010111|0111|010 0x0BBA
2 1 0011110|0010|111 0x0F17
3 0 0000000|0010|011 0x0013
3 1 0011111|0001|000 0x0F88
4 0 0000110|0010|111 0x0317
9 0 0101010|0101|110 0x152E
9 1 0101101|0101|110 0x16AE
a 0 0110001|0110|011 0x18B3
b 0 0100010|0010|110 0x1116
b 1 0110010|0110|001 0x1931
d 0 0100111|0001|010 0x138A
d 1 0101000|1001|010 0x144A
BX = 100 Event : 93
1 0 0001010|0100|100 0x0524
1 1 0001100|0001|111 0x060F
2 0 0010111|0101|011 0x0BAB
2 1 0011000|0010|011 0x0C13
4 0 0000010|1010|111 0x0157
4 1 0000011|1010|111 0x01D7
6 0 0000110|0011|000 0x0318
6 1 0000111|0100|000 0x03A0
6 2 0001001|1000|010 0x04C2
9 0 0110011|0000|100 0x1984
a 0 0110110|0001|010 0x1B0A
a 1 0111001|0000|101 0x1C85
a 2 0111011|0110|100 0x1DB4
b 0 0100111|0010|011 0x1393
c 0 0101100|0010|111 0x1617
BX = 101 Event : 94
1 0 0010001|0010|100 0x0894
2 0 0010010|0101|000 0x0928
4 0 0000111|1011|111 0x03DF
4 1 0001000|0010|111 0x0417
4 2 0001001|1010|111 0x04D7
4 3 0001010|0011|111 0x051F
6 0 0001011|1000|000 0x05C0
9 0 0100011|0100|011 0x11A3
9 1 0100100|0101|101 0x122D
a 0 0100111|0010|000 0x1390
a 1 0101001|0110|011 0x14B3
b 0 0010111|0010|110 0x0B96
b 1 0011000|1000|110 0x0C46
c 0 0011100|0001|111 0x0E0F
BX = 110 Event : 95
1 0 0001100|0010|110 0x0616
1 1 0001101|0000|110 0x0686
2 0 0010110|0011|001 0x0B19
2 1 0010111|0010|001 0x0B91
2 2 0011011|0100|110 0x0DA6
4 0 0000110|1001|111 0x034F
4 1 0001000|1001|111 0x044F
5 0 0000101|0011|010 0x029A
6 0 0001010|0001|000 0x0508
9 0 0110010|0010|110 0x1916
9 1 0110011|0110|101 0x19B5
a 0 0111000|0010|000 0x1C10
a 1 0111111|0001|111 0x1F8F
a 2 1000000|0100|101 0x2025
a 3 1000010|0001|111 0x210F
b 0 0100001|0011|011 0x109B
c 0 0100100|1000|100 0x1244
e 0 0101101|0001|000 0x1688
e 1 0101110|1001|000 0x1748
e 2 0101111|0001|011 0x178B
BX = 111 Event : 96
1 0 0001100|0011|101 0x061D
2 0 0010100|0010|010 0x0A12
4 0 0000001|1011|001 0x00D9
5 0 0000010|0011|010 0x011A
5 1 0000100|1010|010 0x0252
9 0 0100010|0101|110 0x112E
9 1 0100011|0101|100 0x11AC
a 0 0100101|0101|001 0x12A9
a 1 0100110|0100|001 0x1321
BX = 000 Event : 97
1 0 0001111|0100|100 0x07A4
1 1 0010000|0001|011 0x080B
2 0 0010100|0110|000 0x0A30
2 1 0010101|0010|000 0x0A90
3 0 0000000|1001|110 0x004E
3 1 0000001|0011|110 0x009E
3 2 0000011|0010|011 0x0193
4 0 0001001|0001|001 0x0489
5 0 0001101|0100|101 0x06A5
6 0 0001110|0011|010 0x071A
9 0 0101111|0101|100 0x17AC
9 1 0110101|0000|111 0x1A87
a 0 0111010|0001|101 0x1D0D
a 1 0111011|0110|100 0x1DB4
b 0 0111110|0100|001 0x1F21
e 0 0101001|1000|000 0x14C0
BX = 001 Event : 98
1 0 0010001|0101|110 0x08AE
1 1 0010010|0110|110 0x0936
1 2 0010011|0010|101 0x0995
2 0 0010110|0100|011 0x0B23
2 1 0010111|0110|011 0x0BB3
2 2 0011000|0000|111 0x0C07
4 0 0000100|0000|001 0x0201
4 1 0000101|1011|001 0x02D9
5 0 0001010|1011|101 0x055D
a 0 0110110|0100|110 0x1B26
b 0 0011101|0001|011 0x0E8B
b 1 0011110|0011|011 0x0F1B
d 0 0100010|0010|101 0x1115
d 1 0100011|0001|101 0x118D
BX = 010 Event : 99
1 0 0010011|0100|011 0x09A3
1 1 0010110|0010|100 0x0B14
2 0 0011111|0000|100 0x0F84
2 1 0100000|0000|100 0x1004
2 2 0100001|0100|100 0x10A4
2 3 0100010|0100|001 0x1121
2 4 0100011|0101|111 0x11AF
2 5 0100110|0101|111 0x132F
3 0 0100101|0101|001 0x12A9
4 0 0001000|1010|001 0x0451
5 0 0001101|0011|010 0x069A
6 0 0010000|1000|000 0x0840
6 1 0010010|1010|010 0x0952
9 0 0111000|0010|110 0x1C16
9 1 0111010|0101|101 0x1D2D
9 2 0111011|0000|100 0x1D84
9 3 0111100|0010|100 0x1E14
9 4 1000100|0010|111 0x2217
b 0 0100111|0000|110 0x1386
c 0 0101100|0010|100 0x1614
d 0 0110000|1010|010 0x1852
e 0 0110100|0000|110 0x1A06
BX = 011 Event : 100
1 0 0001011|0011|100 0x059C
1 1 0001100|0110|100 0x0634
2 0 0001111|0101|000 0x07A8
2 1 0010011|0101|010 0x09AA
4 0 0000110|1001|111 0x034F
5 0 0001001|0011|101 0x049D
6 0 0000111|0010|000 0x0390
6 1 0001000|1010|000 0x0450
9 0 0101000|0010|101 0x1415
a 0 0101100|0100|010 0x1622
b 0 0011111|1011|011 0x0FDB
e 0 0100010|1001|000 0x1148
