BX = 000 Event : 1
0 0 0101101|000|100 0x0B44
1 0 0011111|101|110 0x07EE
2 0 0100000|100|000 0x0820
2 1 0100001|010|001 0x0851
2 2 0100010|010|001 0x0891
2 3 0100011|100|100 0x08E4
2 4 0110010|010|000 0x0C90
2 5 0110110|101|100 0x0DAC
3 0 0100100|010|000 0x0910
3 1 0100101|001|001 0x0949
3 2 0100111|001|100 0x09CC
3 3 0101001|010|101 0x0A55
3 4 1000000|010|001 0x1011
4 0 0000101|001|111 0x014F
4 1 0011010|001|100 0x068C
4 2 0011011|000|100 0x06C4
5 0 0001010|000|100 0x0284
5 1 0001111|000|101 0x03C5
5 2 0011100|110|101 0x0735
5 3 0011101|000|110 0x0746
BX = 001 Event : 2
0 0 0111010|000|111 0x0E87
1 0 0011100|000|000 0x0700
1 1 0111011|000|000 0x0EC0
1 2 0111100|000|000 0x0F00
1 3 0111101|000|000 0x0F40
1 4 1000001|101|111 0x106F
2 0 0011101|100|001 0x0761
2 1 0011110|100|100 0x07A4
2 2 0011111|101|101 0x07ED
2 3 0100000|101|101 0x082D
2 4 0100001|101|101 0x086D
2 5 0100010|010|101 0x0895
2 6 0100100|110|111 0x0937
2 7 1000101|100|001 0x1161
3 0 0000001|000|110 0x0046
3 1 0100101|101|000 0x0968
3 2 0100110|100|000 0x09A0
3 3 0100111|010|010 0x09D2
3 4 0101010|000|100 0x0A84
3 5 0101110|001|110 0x0B8E
4 0 0000101|000|000 0x0140
4 1 0000110|000|000 0x0180
4 2 0000111|101|000 0x01E8
4 3 0001000|010|001 0x0211
4 4 0010011|110|110 0x04F6
4 5 0010100|001|111 0x050F
4 6 0010101|010|111 0x0557
5 0 0011000|110|011 0x0633
5 1 0011001|010|110 0x0656
5 2 0011010|100|111 0x06A7
7 0 0010010|000|111 0x0487
BX = 010 Event : 3
0 0 0101101|000|100 0x0B44
0 1 1000011|001|100 0x10CC
1 0 0101110|000|010 0x0B82
1 1 0101111|100|101 0x0BE5
1 2 1000101|000|010 0x1142
2 0 0110000|000|100 0x0C04
2 1 1001001|000|101 0x1245
3 0 0110001|000|010 0x0C42
3 1 0110010|010|011 0x0C93
3 2 0110011|010|011 0x0CD3
3 3 0110100|001|011 0x0D0B
3 4 0110101|010|011 0x0D53
3 5 0110110|110|100 0x0DB4
3 6 0111011|001|111 0x0ECF
3 7 1001100|100|001 0x1321
3 8 1001101|001|010 0x134A
4 0 0000010|101|001 0x00A9
4 1 0000011|000|001 0x00C1
4 2 0000100|001|001 0x0109
4 3 0001000|100|100 0x0224
4 4 0001001|011|101 0x025D
4 5 0100000|001|110 0x080E
4 6 0111110|001|010 0x0F8A
4 7 1000001|001|011 0x104B
5 0 0001110|100|100 0x03A4
5 1 0001111|101|101 0x03ED
5 2 0100010|101|011 0x08AB
5 3 0100011|101|100 0x08EC
6 0 0010011|100|000 0x04E0
6 1 0010111|100|001 0x05E1
6 2 0011000|000|010 0x0602
6 3 0100101|100|000 0x0960
6 4 0100110|100|000 0x09A0
6 5 0101000|001|010 0x0A0A
6 6 0101001|001|100 0x0A4C
6 7 0101010|001|100 0x0A8C
6 8 0101011|000|101 0x0AC5
7 0 0101100|000|011 0x0B03
BX = 011 Event : 4
0 0 0100011|000|001 0x08C1
0 1 0100100|100|011 0x0923
1 0 0100101|001|000 0x0948
1 1 0110010|001|000 0x0C88
2 0 0111000|010|011 0x0E13
3 0 0000000|101|011 0x002B
3 1 0000001|000|011 0x0043
3 2 0000010|001|100 0x008C
3 3 0100110|010|000 0x0990
3 4 0100111|110|001 0x09F1
3 5 0101000|110|010 0x0A32
3 6 0101001|010|100 0x0A54
4 0 0000111|001|010 0x01CA
4 1 0001001|001|100 0x024C
4 2 0011101|001|100 0x074C
4 3 0011110|101|111 0x07AF
5 0 0010010|100|101 0x04A5
5 1 0011111|010|001 0x07D1
5 2 0100000|010|110 0x0816
6 0 0100001|101|000 0x0868
7 0 0100010|000|100 0x0884
BX = 100 Event : 5
0 0 0010100|100|000 0x0520
0 1 0100100|000|101 0x0905
1 0 0100110|001|011 0x098B
2 0 0010111|001|001 0x05C9
2 1 0101010|110|011 0x0AB3
3 0 0011000|001|000 0x0608
3 1 0011001|101|000 0x0668
3 2 0011010|000|100 0x0684
3 3 0011101|101|101 0x076D
4 0 0001110|101|110 0x03AE
4 1 0001111|110|111 0x03F7
4 2 0010000|110|111 0x0437
5 0 0000100|110|001 0x0131
5 1 0000110|110|011 0x01B3
5 2 0010001|010|010 0x0452
5 3 0010010|100|010 0x04A2
6 0 0010011|000|100 0x04C4
BX = 101 Event : 6
0 0 0101101|000|011 0x0B43
0 1 0111100|100|010 0x0F22
1 0 0101110|000|101 0x0B85
2 0 1001010|000|110 0x1286
2 1 1001011|000|110 0x12C6
3 0 0000000|001|111 0x000F
3 1 0000001|100|111 0x0067
3 2 0000010|100|111 0x00A7
3 3 0110000|011|011 0x0C1B
3 4 0110001|110|011 0x0C73
4 0 0000011|000|011 0x00C3
4 1 0000110|110|110 0x01B6
4 2 0001001|110|111 0x0277
4 3 0011110|100|100 0x07A4
4 4 0011111|001|101 0x07CD
4 5 0100000|001|101 0x080D
4 6 0100001|001|101 0x084D
5 0 0001010|101|000 0x02A8
5 1 0001011|100|001 0x02E1
5 2 0001110|000|010 0x0382
5 3 0001111|000|011 0x03C3
5 4 0010001|110|011 0x0473
5 5 0010011|101|101 0x04ED
5 6 0100010|101|001 0x08A9
5 7 0100011|001|001 0x08C9
5 8 0100100|101|001 0x0929
5 9 0100110|100|011 0x09A3
5 a 0100111|000|100 0x09C4
5 b 0101000|000|100 0x0A04
5 c 0101001|110|110 0x0A76
6 0 0010110|101|011 0x05AB
7 0 0101011|000|100 0x0AC4
BX = 110 Event : 7
1 0 0011100|000|011 0x0703
1 1 0011101|001|100 0x074C
3 0 0000000|000|011 0x0003
3 1 0011110|100|011 0x07A3
3 2 0011111|010|011 0x07D3
3 3 0100000|101|011 0x082B
3 4 0100001|001|100 0x084C
4 0 0000100|001|001 0x0109
4 1 0000101|100|100 0x0164
4 2 0000110|100|100 0x01A4
4 3 0011000|010|110 0x0616
4 4 0011001|000|111 0x0647
4 5 0100011|100|000 0x08E0
5 0 0011010|101|000 0x06A8
6 0 0011011|001|001 0x06C9
BX = 111 Event : 8
1 0 0111000|100|000 0x0E20
2 0 0011111|110|101 0x07F5
2 1 0100000|110|101 0x0835
2 2 0100001|100|110 0x0866
2 3 0100010|100|110 0x08A6
2 4 0100011|100|111 0x08E7
2 5 0100100|110|111 0x0937
2 6 0111001|110|001 0x0E71
2 7 0111100|100|100 0x0F24
2 8 0111101|101|101 0x0F6D
3 0 0100101|011|010 0x095A
3 1 0100110|101|010 0x09AA
3 2 0100111|001|010 0x09CA
3 3 0101000|001|010 0x0A0A
3 4 0101001|000|011 0x0A43
3 5 0101010|001|011 0x0A8B
3 6 0101011|110|011 0x0AF3
3 7 0101100|110|011 0x0B33
3 8 0101110|000|110 0x0B86
3 9 1000011|101|001 0x10E9
3 a 1000101|100|010 0x1162
3 b 1000111|001|010 0x11CA
3 c 1001000|001|011 0x120B
4 0 0000100|010|010 0x0112
4 1 0110101|100|010 0x0D62
5 0 0001001|100|000 0x0260
6 0 0010111|100|100 0x05E4
7 0 0010110|100|110 0x05A6
7 1 0011010|100|100 0x06A4
7 2 0011011|100|100 0x06E4
7 3 0011100|100|110 0x0726
7 4 0011101|100|111 0x0767
BX = 000 Event : 9
2 0 0100010|011|111 0x089F
2 1 0100011|001|110 0x08CE
2 2 0100100|101|111 0x092F
2 3 0100101|010|111 0x0957
2 4 0110000|110|010 0x0C32
3 0 0000000|101|110 0x002E
3 1 0100111|010|010 0x09D2
3 2 0101000|001|110 0x0A0E
4 0 0000011|100|100 0x00E4
4 1 0000111|010|111 0x01D7
4 2 0011001|100|100 0x0664
4 3 0011010|001|100 0x068C
4 4 0011011|000|101 0x06C5
4 5 0011100|010|101 0x0715
5 0 0001100|101|100 0x032C
5 1 0001101|101|100 0x036C
5 2 0001110|101|100 0x03AC
5 3 0011101|000|001 0x0741
5 4 0011110|110|100 0x07B4
6 0 0010110|100|111 0x05A7
6 1 0100000|101|101 0x082D
BX = 001 Event : 10
0 0 0011111|000|100 0x07C4
0 1 0110001|000|100 0x0C44
1 0 0100000|101|100 0x082C
2 0 0100001|100|001 0x0861
2 1 0100010|110|001 0x08B1
2 2 0100011|010|011 0x08D3
3 0 0000000|100|100 0x0024
3 1 0000001|101|100 0x006C
3 2 0000010|001|110 0x008E
3 3 0000111|100|111 0x01E7
3 4 0100100|011|010 0x091A
3 5 0100101|101|011 0x096B
3 6 0100110|010|111 0x0997
3 7 0111100|101|001 0x0F29
3 8 0111101|110|001 0x0F71
4 0 0001000|101|000 0x0228
4 1 0001001|101|000 0x0268
4 2 0001100|100|001 0x0321
4 3 0001101|000|001 0x0341
4 4 0100111|001|000 0x09C8
4 5 0101011|000|001 0x0AC1
5 0 0010010|101|010 0x04AA
5 1 0011100|110|010 0x0732
BX = 010 Event : 11
0 0 0101110|001|010 0x0B8A
1 0 0101111|000|001 0x0BC1
1 1 0111001|001|000 0x0E48
1 2 0111011|100|000 0x0EE0
2 0 0110000|100|100 0x0C24
2 1 0110001|110|111 0x0C77
2 2 0110010|110|110 0x0CB6
2 3 1000011|101|011 0x10EB
2 4 1000100|101|011 0x112B
2 5 1000101|000|110 0x1146
2 6 1000110|110|111 0x11B7
3 0 0110011|110|010 0x0CF2
3 1 0110100|000|011 0x0D03
4 0 0000001|100|000 0x0060
4 1 0000010|101|000 0x00A8
4 2 0000011|000|010 0x00C2
4 3 0000100|001|010 0x010A
4 4 0000110|110|101 0x01B5
4 5 0000111|101|101 0x01ED
4 6 0001010|101|110 0x02AE
4 7 0011001|001|011 0x064B
4 8 0011010|001|100 0x068C
4 9 0011011|001|100 0x06CC
4 a 0011100|000|110 0x0706
4 b 0011101|100|110 0x0766
4 c 0011110|100|111 0x07A7
4 d 0011111|101|111 0x07EF
5 0 0010000|100|010 0x0422
5 1 0100000|100|000 0x0820
5 2 0100010|100|010 0x08A2
5 3 0100011|011|010 0x08DA
5 4 0100100|001|010 0x090A
5 5 0100101|100|010 0x0962
5 6 0100111|110|010 0x09F2
6 0 0101001|101|001 0x0A69
6 1 0101011|001|110 0x0ACE
7 0 0101100|000|101 0x0B05
7 1 0101101|000|100 0x0B44
BX = 011 Event : 12
0 0 0011010|000|001 0x0681
0 1 0011011|100|100 0x06E4
0 2 0101111|000|011 0x0BC3
0 3 0110000|100|100 0x0C24
1 0 0110001|001|000 0x0C48
1 1 0110011|000|100 0x0CC4
1 2 0110101|000|111 0x0D47
2 0 0011100|101|100 0x072C
2 1 0011101|100|111 0x0767
2 2 0011110|000|111 0x0787
2 3 0011111|101|111 0x07EF
2 4 0111000|101|110 0x0E2E
3 0 0000000|010|100 0x0014
3 1 0000001|000|100 0x0044
3 2 0100000|011|001 0x0819
3 3 0100001|110|011 0x0873
3 4 0100011|001|100 0x08CC
3 5 0100100|000|101 0x0905
3 6 0100110|001|111 0x098F
3 7 0100111|010|111 0x09D7
3 8 0101000|001|111 0x0A0F
4 0 0000011|010|000 0x00D0
4 1 0000100|100|000 0x0120
4 2 0000111|001|001 0x01C9
4 3 0001000|010|011 0x0213
4 4 0010110|000|100 0x0584
6 0 0010001|000|100 0x0444
6 1 0010100|100|111 0x0527
6 2 0010101|001|111 0x054F
6 3 0011000|101|101 0x062D
6 4 0011001|100|110 0x0666
BX = 100 Event : 13
0 0 0011101|001|010 0x074A
0 1 0011110|000|110 0x0786
0 2 0101110|001|110 0x0B8E
1 0 0011111|001|001 0x07C9
1 1 0100000|001|110 0x080E
1 2 0100001|100|110 0x0866
1 3 0100010|000|111 0x0887
2 0 0100011|110|010 0x08F2
2 1 0110010|101|010 0x0CAA
3 0 0000000|101|100 0x002C
3 1 0100100|101|000 0x0928
3 2 0100101|011|001 0x0959
3 3 0100110|101|010 0x09AA
3 4 0100111|101|100 0x09EC
3 5 0110011|100|000 0x0CE0
4 0 0000010|101|001 0x00A9
4 1 0000111|001|101 0x01CD
4 2 0010011|000|101 0x04C5
4 3 0010100|101|110 0x052E
4 4 0010101|000|110 0x0546
4 5 0101100|000|001 0x0B01
5 0 0010111|001|111 0x05CF
7 0 0011001|000|010 0x0642
7 1 0011010|000|010 0x0682
7 2 0011011|100|101 0x06E5
7 3 0011100|000|111 0x0707
BX = 101 Event : 14
0 0 0011101|000|000 0x0740
0 1 0101010|100|000 0x0AA0
0 2 0101101|100|001 0x0B61
1 0 0011110|000|001 0x0781
1 1 0011111|000|001 0x07C1
1 2 0110000|001|000 0x0C08
1 3 0110001|001|000 0x0C48
1 4 0110011|101|011 0x0CEB
1 5 0110100|000|100 0x0D04
1 6 0110101|000|100 0x0D44
2 0 0100000|010|100 0x0814
3 0 0000000|001|111 0x000F
3 1 0100010|000|001 0x0881
3 2 0100011|010|010 0x08D2
3 3 0100100|101|010 0x092A
3 4 0100101|110|011 0x0973
3 5 0100110|001|101 0x098D
3 6 0100111|001|111 0x09CF
3 7 1000001|010|010 0x1052
4 0 0000001|000|000 0x0040
4 1 0000010|101|001 0x00A9
4 2 0000011|100|010 0x00E2
4 3 0101000|010|001 0x0A11
5 0 0010101|010|001 0x0551
5 1 0010110|100|001 0x05A1
5 2 0010111|100|111 0x05E7
6 0 0001011|001|010 0x02CA
6 1 0011000|100|101 0x0625
7 0 0001110|001|010 0x038A
7 1 0011011|001|110 0x06CE
BX = 110 Event : 15
0 0 0100000|001|110 0x080E
0 1 0100001|101|111 0x086F
1 0 0100010|100|000 0x08A0
1 1 0111000|100|000 0x0E20
2 0 0100011|001|001 0x08C9
2 1 0100100|000|001 0x0901
2 2 0100101|100|001 0x0961
2 3 0100110|010|100 0x0994
2 4 0100111|110|101 0x09F5
2 5 0101000|110|110 0x0A36
2 6 0111110|101|001 0x0FA9
2 7 0111111|001|001 0x0FC9
3 0 0000000|001|101 0x000D
3 1 0000001|000|110 0x0046
3 2 0101001|010|011 0x0A53
3 3 0101100|010|100 0x0B14
3 4 0101110|010|101 0x0B95
3 5 1000011|100|000 0x10E0
3 6 1000101|101|001 0x1169
4 0 0000101|101|000 0x0168
4 1 0000110|000|001 0x0181
4 2 0001000|101|001 0x0229
4 3 0001001|101|010 0x026A
4 4 0001010|001|100 0x028C
4 5 0011001|001|011 0x064B
4 6 0011010|100|100 0x06A4
4 7 0011011|101|100 0x06EC
4 8 0011100|110|111 0x0737
4 9 0110100|101|011 0x0D2B
5 0 0001110|101|000 0x03A8
5 1 0001111|110|011 0x03F3
5 2 0011101|001|110 0x074E
6 0 0010001|100|011 0x0463
7 0 0010100|100|011 0x0523
7 1 0010101|100|100 0x0564
7 2 0010110|100|100 0x05A4
7 3 0010111|100|101 0x05E5
7 4 0011110|100|011 0x07A3
7 5 0011111|000|011 0x07C3
BX = 111 Event : 16
1 0 0110010|100|101 0x0CA5
3 0 0101001|011|010 0x0A5A
3 1 0101010|110|010 0x0AB2
3 2 0101011|100|011 0x0AE3
3 3 0101100|100|011 0x0B23
4 0 0000000|101|001 0x0029
4 1 0000001|100|001 0x0061
4 2 0000011|010|011 0x00D3
4 3 0011100|001|100 0x070C
4 4 0011110|100|111 0x07A7
5 0 0001101|101|100 0x036C
5 1 0100000|011|000 0x0818
5 2 0100001|011|001 0x0859
6 0 0001111|100|000 0x03E0
6 1 0010000|001|000 0x0408
6 2 0010001|101|001 0x0469
6 3 0100010|101|000 0x08A8
6 4 0100011|001|000 0x08C8
6 5 0100101|101|001 0x0969
6 6 0100110|000|101 0x0985
6 7 0100111|100|110 0x09E6
7 0 0011010|100|100 0x06A4
7 1 0011011|000|111 0x06C7
7 2 0101000|100|001 0x0A21
BX = 000 Event : 17
0 0 0101111|100|010 0x0BE2
1 0 0011011|100|110 0x06E6
1 1 0011100|010|111 0x0717
2 0 0011101|010|011 0x0753
2 1 0011110|010|110 0x0796
2 2 0011111|001|110 0x07CE
3 0 0000001|000|110 0x0046
3 1 0000010|000|111 0x0087
3 2 0100000|001|000 0x0808
3 3 0100001|100|001 0x0861
3 4 0100100|100|110 0x0926
4 0 0000100|100|000 0x0120
4 1 0001001|100|101 0x0265
4 2 0001010|000|110 0x0286
4 3 0001011|000|110 0x02C6
4 4 0010111|101|110 0x05EE
4 5 0011000|010|110 0x0616
4 6 0100110|010|001 0x0991
4 7 0101000|001|001 0x0A09
4 8 0101010|100|010 0x0AA2
4 9 0101011|000|010 0x0AC2
4 a 0101100|100|011 0x0B23
5 0 0001111|010|110 0x03D6
5 1 0011001|100|010 0x0662
5 2 0011010|110|100 0x06B4
BX = 001 Event : 18
0 0 0100100|001|000 0x0908
0 1 0100101|100|001 0x0961
0 2 0100110|100|001 0x09A1
0 3 0101110|001|000 0x0B88
0 4 0110000|001|000 0x0C08
2 0 0100111|000|000 0x09C0
2 1 0110011|001|000 0x0CC8
4 0 0000010|101|000 0x00A8
4 1 0000011|100|000 0x00E0
4 2 0000100|000|000 0x0100
4 3 0000101|001|100 0x014C
4 4 0000110|001|100 0x018C
4 5 0000111|101|100 0x01EC
4 6 0001100|100|111 0x0327
4 7 0011000|001|011 0x060B
4 8 0011001|100|100 0x0664
4 9 0011011|100|111 0x06E7
4 a 0011100|101|111 0x072F
4 b 0101011|100|000 0x0AE0
5 0 0001101|100|000 0x0360
5 1 0001111|010|100 0x03D4
5 2 0011101|010|011 0x0753
5 3 0011110|001|100 0x078C
6 0 0011111|001|100 0x07CC
6 1 0100000|000|110 0x0806
6 2 0100001|100|110 0x0866
7 0 0100011|001|000 0x08C8
BX = 010 Event : 19
0 0 0011110|001|000 0x0788
0 1 0011111|001|000 0x07C8
2 0 0100010|100|111 0x08A7
2 1 0100011|100|111 0x08E7
2 2 0100100|101|111 0x092F
2 3 0110101|110|010 0x0D72
2 4 0110110|100|101 0x0DA5
3 0 0000000|010|011 0x0013
3 1 0000001|100|111 0x0067
3 2 0100101|100|000 0x0960
3 3 0100111|000|011 0x09C3
3 4 0101100|100|101 0x0B25
3 5 0101110|100|111 0x0BA7
3 6 0111100|101|010 0x0F2A
4 0 0000010|100|000 0x00A0
4 1 0000011|001|001 0x00C9
4 2 0000101|000|100 0x0144
4 3 0001001|100|111 0x0267
5 0 0010110|001|001 0x0589
5 1 0011000|010|100 0x0614
5 2 0011001|000|111 0x0647
6 0 0010001|001|101 0x044D
6 1 0011010|001|011 0x068B
6 2 0011011|001|110 0x06CE
7 0 0010101|000|111 0x0547
7 1 0011100|001|111 0x070F
7 2 0011101|001|111 0x074F
BX = 011 Event : 20
0 0 0010001|000|010 0x0442
0 1 0011101|100|000 0x0760
0 2 0011110|100|000 0x07A0
2 0 0010101|010|001 0x0551
2 1 0010110|110|001 0x05B1
2 2 0100111|101|001 0x09E9
3 0 0010111|000|010 0x05C2
5 0 0000011|101|011 0x00EB
5 1 0001011|000|011 0x02C3
5 2 0001100|001|100 0x030C
5 3 0001101|110|101 0x0375
5 4 0001110|010|101 0x0395
6 0 0001111|001|011 0x03CB
BX = 100 Event : 21
0 0 0010110|001|000 0x0588
1 0 0010111|100|111 0x05E7
1 1 0110010|001|110 0x0C8E
2 0 0011000|101|001 0x0629
2 1 0011001|100|100 0x0664
2 2 0011010|000|100 0x0684
2 3 0011011|100|100 0x06E4
2 4 0011100|110|101 0x0735
2 5 0111000|010|100 0x0E14
2 6 0111100|110|100 0x0F34
3 0 0000000|101|110 0x002E
3 1 0011101|101|001 0x0769
3 2 0011110|000|010 0x0782
3 3 0011111|110|010 0x07F2
3 4 0100111|100|110 0x09E6
3 5 1000001|101|010 0x106A
3 6 1000011|101|010 0x10EA
3 7 1000101|100|010 0x1162
4 0 0000001|101|011 0x006B
4 1 0000011|110|110 0x00F6
4 2 0101010|100|010 0x0AA2
5 0 0010001|010|011 0x0453
5 1 0010010|110|011 0x04B3
6 0 0000111|001|000 0x01C8
6 1 0001000|100|000 0x0220
6 2 0001001|100|001 0x0261
6 3 0010011|000|001 0x04C1
6 4 0010100|100|100 0x0524
6 5 0010101|100|111 0x0567
BX = 101 Event : 22
0 0 0010001|000|000 0x0440
0 1 0010111|001|000 0x05C8
2 0 0010010|101|000 0x04A8
2 1 0011000|100|000 0x0620
3 0 0000000|000|011 0x0003
3 1 0000001|101|101 0x006D
3 2 0010011|000|101 0x04C5
4 0 0000010|100|000 0x00A0
4 1 0000100|101|101 0x012D
4 2 0001101|101|101 0x036D
5 0 0001110|001|111 0x038F
6 0 0001001|100|000 0x0260
6 1 0001111|101|000 0x03E8
7 0 0001100|100|010 0x0322
7 1 0010000|000|110 0x0406
BX = 110 Event : 23
0 0 0011010|001|010 0x068A
1 0 0011011|001|100 0x06CC
1 1 0011100|001|101 0x070D
1 2 0011101|001|101 0x074D
1 3 0011110|101|111 0x07AF
1 4 0110001|100|111 0x0C67
3 0 0000000|101|011 0x002B
3 1 0000010|000|100 0x0084
3 2 0011111|001|001 0x07C9
3 3 0100111|001|110 0x09CE
4 0 0000101|101|001 0x0169
4 1 0000110|000|011 0x0183
4 2 0000111|001|011 0x01CB
4 3 0001000|100|100 0x0224
4 4 0101010|000|000 0x0A80
4 5 0101100|010|000 0x0B10
5 0 0010010|101|001 0x04A9
5 1 0010111|101|001 0x05E9
6 0 0011000|100|010 0x0622
6 1 0011001|000|111 0x0647
BX = 111 Event : 24
1 0 0100100|100|111 0x0927
2 0 0100101|101|100 0x096C
2 1 0100110|110|100 0x09B4
3 0 0000000|100|101 0x0025
3 1 0000001|100|110 0x0066
3 2 0101001|000|100 0x0A44
3 3 0101010|010|100 0x0A94
3 4 0101101|100|110 0x0B66
3 5 0101110|100|111 0x0BA7
4 0 0000011|100|000 0x00E0
4 1 0000101|010|101 0x0155
4 2 0010110|001|100 0x058C
4 3 0110001|100|001 0x0C61
5 0 0001110|001|101 0x038D
5 1 0010111|101|001 0x05E9
5 2 0011000|110|011 0x0633
5 3 0011001|101|011 0x066B
5 4 0011010|010|100 0x0694
5 5 0011100|110|101 0x0735
5 6 0011101|010|110 0x0756
6 0 0010000|100|101 0x0425
6 1 0011111|001|001 0x07C9
6 2 0100000|100|011 0x0823
6 3 0100001|001|101 0x084D
7 0 0010010|000|010 0x0482
7 1 0010101|001|111 0x054F
7 2 0100011|001|111 0x08CF
BX = 000 Event : 25
0 0 0011111|000|010 0x07C2
0 1 0100000|001|011 0x080B
0 2 0110011|100|010 0x0CE2
0 3 0110101|100|110 0x0D66
1 0 0100001|101|011 0x086B
2 0 0100010|101|000 0x08A8
2 1 0100101|000|001 0x0941
2 2 0100110|001|101 0x098D
2 3 0111000|101|001 0x0E29
2 4 0111001|100|010 0x0E62
2 5 0111010|101|011 0x0EAB
2 6 0111100|100|111 0x0F27
3 0 0000001|101|110 0x006E
3 1 0101000|000|010 0x0A02
3 2 0101010|001|101 0x0A8D
3 3 0101011|000|101 0x0AC5
3 4 0101110|101|111 0x0BAF
4 0 0000101|110|110 0x0176
4 1 0010011|110|110 0x04F6
4 2 0010100|100|110 0x0526
4 3 0010101|110|111 0x0577
5 0 0010110|110|001 0x05B1
5 1 0011000|011|010 0x061A
5 2 0011001|100|010 0x0662
6 0 0011010|100|110 0x06A6
7 0 0010000|000|000 0x0400
7 1 0011011|001|100 0x06CC
7 2 0011100|001|100 0x070C
7 3 0011101|000|111 0x0747
7 4 0011110|000|111 0x0787
BX = 001 Event : 26
0 0 0100110|001|111 0x098F
1 0 0010110|001|000 0x0588
1 1 0010111|000|001 0x05C1
1 2 0100111|001|000 0x09C8
1 3 0101000|001|000 0x0A08
2 0 0011000|110|000 0x0630
2 1 0011001|000|110 0x0646
2 2 0110010|100|111 0x0CA7
3 0 0011010|010|001 0x0691
3 1 0011011|001|001 0x06C9
4 0 0000000|001|000 0x0008
4 1 0000011|001|101 0x00CD
4 2 0001100|001|100 0x030C
4 3 0100000|000|011 0x0803
5 0 0001110|100|100 0x03A4
6 0 0001111|001|000 0x03C8
6 1 0010000|001|010 0x040A
7 0 0010010|100|001 0x04A1
7 1 0010011|100|010 0x04E2
7 2 0010100|000|110 0x0506
BX = 010 Event : 27
0 0 0010110|100|000 0x05A0
0 1 0100111|100|001 0x09E1
1 0 0011000|100|110 0x0626
1 1 0011001|001|110 0x064E
1 2 0011010|100|110 0x06A6
1 3 0101010|100|101 0x0AA5
1 4 0101100|001|110 0x0B0E
2 0 0011011|110|011 0x06F3
2 1 0011100|000|101 0x0705
2 2 0011101|101|101 0x076D
2 3 0011110|100|110 0x07A6
2 4 0101111|100|110 0x0BE6
3 0 0000000|010|101 0x0015
4 0 0000001|001|010 0x004A
4 1 0000100|000|011 0x0103
4 2 0100011|100|010 0x08E2
4 3 0100100|000|010 0x0902
5 0 0001010|001|100 0x028C
5 1 0010000|100|010 0x0422
6 0 0001100|100|100 0x0324
6 1 0001101|000|111 0x0347
6 2 0010001|000|101 0x0445
6 3 0010010|101|101 0x04AD
6 4 0010011|100|110 0x04E6
7 0 0001110|100|111 0x03A7
7 1 0010100|100|101 0x0525
7 2 0010101|000|111 0x0547
BX = 011 Event : 28
0 0 0101100|000|111 0x0B07
1 0 0111000|101|011 0x0E2B
1 1 0111011|101|110 0x0EEE
3 0 0000010|001|101 0x008D
3 1 0101110|001|000 0x0B88
3 2 0110011|001|111 0x0CCF
4 0 0000011|101|010 0x00EA
4 1 0001000|101|011 0x022B
4 2 0001111|110|100 0x03F4
4 3 0010000|100|100 0x0424
4 4 0100100|101|100 0x092C
4 5 0100101|100|100 0x0964
4 6 0100110|100|101 0x09A5
5 0 0101000|001|111 0x0A0F
6 0 0011111|100|111 0x07E7
7 0 0101001|001|111 0x0A4F
7 1 0101010|100|111 0x0AA7
7 2 0101011|001|111 0x0ACF
BX = 100 Event : 29
1 0 0011010|001|000 0x0688
1 1 0011011|001|011 0x06CB
1 2 0011100|001|011 0x070B
1 3 0101100|100|001 0x0B21
2 0 0011101|101|000 0x0768
2 1 0101101|100|000 0x0B60
2 2 0110001|110|110 0x0C76
2 3 0110010|110|111 0x0CB7
3 0 0011110|011|000 0x0798
3 1 0100000|010|000 0x0810
3 2 0100001|010|010 0x0852
3 3 0100010|100|111 0x08A7
3 4 0111000|110|010 0x0E32
4 0 0000010|000|011 0x0083
4 1 0010011|000|011 0x04C3
4 2 0010100|010|110 0x0516
4 3 0100011|001|000 0x08C8
4 4 0100111|000|011 0x09C3
5 0 0010101|101|001 0x0569
5 1 0010110|010|001 0x0591
5 2 0010111|110|001 0x05F1
5 3 0011000|010|111 0x0617
7 0 0011001|001|111 0x064F
BX = 101 Event : 30
0 0 0101100|100|000 0x0B20
1 0 0101101|010|111 0x0B57
2 0 0101110|000|100 0x0B84
2 1 0101111|010|101 0x0BD5
2 2 0110000|001|101 0x0C0D
2 3 0110001|011|111 0x0C5F
2 4 1010000|100|010 0x1422
2 5 1010101|010|101 0x1555
3 0 0000000|001|011 0x000B
3 1 0000001|100|011 0x0063
3 2 0000010|000|100 0x0084
3 3 0110010|101|001 0x0CA9
3 4 0110100|010|011 0x0D13
3 5 0111011|010|110 0x0ED6
3 6 1011000|010|000 0x1610
3 7 1011100|000|001 0x1701
3 8 1011101|100|010 0x1762
3 9 1011110|001|010 0x178A
4 0 0000101|101|001 0x0169
4 1 0011101|100|100 0x0764
4 2 0011110|101|100 0x07AC
4 3 0011111|101|101 0x07ED
4 4 0100000|001|110 0x080E
4 5 0100001|010|111 0x0857
5 0 0001100|101|001 0x0329
5 1 0010001|000|110 0x0446
5 2 0010010|001|110 0x048E
5 3 0100010|100|001 0x08A1
5 4 0100011|001|100 0x08CC
5 5 0100100|101|110 0x092E
6 0 0010101|001|100 0x054C
6 1 0010111|000|110 0x05C6
6 2 0011000|101|111 0x062F
6 3 0100101|101|000 0x0968
6 4 0100110|000|001 0x0981
6 5 0100111|000|100 0x09C4
7 0 0011001|100|000 0x0660
7 1 0101000|100|001 0x0A21
7 2 0101001|000|001 0x0A41
7 3 0101010|001|100 0x0A8C
7 4 0101011|000|111 0x0AC7
BX = 110 Event : 31
2 0 0011011|101|011 0x06EB
2 1 0011100|010|101 0x0715
2 2 0110011|101|011 0x0CEB
3 0 0000000|101|011 0x002B
3 1 0000001|001|111 0x004F
3 2 0011111|010|010 0x07D2
3 3 0100000|011|100 0x081C
3 4 0100001|110|100 0x0874
4 0 0000010|100|000 0x00A0
4 1 0000011|100|010 0x00E2
4 2 0000111|110|101 0x01F5
4 3 0010011|110|101 0x04F5
4 4 0010100|101|110 0x052E
4 5 0010101|110|111 0x0577
4 6 0101000|000|010 0x0A02
5 0 0001010|101|000 0x02A8
6 0 0010111|100|001 0x05E1
7 0 0011000|001|110 0x060E
BX = 111 Event : 32
0 0 0100110|100|011 0x09A3
0 1 0100111|000|100 0x09C4
2 0 0111110|000|100 0x0F84
3 0 0000000|000|011 0x0003
3 1 0000001|101|100 0x006C
3 2 0000010|010|111 0x0097
3 3 0000011|010|111 0x00D7
3 4 0101010|010|000 0x0A90
3 5 0101101|100|111 0x0B67
3 6 1000100|110|010 0x1132
4 0 0000100|101|000 0x0128
4 1 0000111|000|001 0x01C1
4 2 0001000|001|011 0x020B
4 3 0001010|100|110 0x02A6
4 4 0100001|110|110 0x0876
4 5 0100010|110|110 0x08B6
5 0 0010010|100|100 0x04A4
6 0 0011001|100|011 0x0663
6 1 0011011|101|111 0x06EF
7 0 0100000|000|111 0x0807
7 1 0100011|100|110 0x08E6
7 2 0100100|100|111 0x0927
7 3 0100101|001|111 0x094F
BX = 000 Event : 33
0 0 0100010|000|011 0x0883
2 0 0010101|001|101 0x054D
2 1 0101000|100|111 0x0A27
3 0 0000001|000|111 0x0047
3 1 0000010|101|111 0x00AF
3 2 0010110|101|000 0x05A8
3 3 0010111|101|000 0x05E8
3 4 0011000|101|000 0x0628
3 5 0011011|000|111 0x06C7
3 6 0011100|100|111 0x0727
4 0 0011111|000|011 0x07C3
4 1 0100000|101|011 0x082B
4 2 0100001|010|100 0x0854
5 0 0000111|101|011 0x01EB
5 1 0001001|001|111 0x024F
5 2 0010010|101|101 0x04AD
7 0 0010011|000|011 0x04C3
7 1 0010100|001|111 0x050F
BX = 001 Event : 34
0 0 0011100|000|011 0x0703
0 1 0011101|000|011 0x0743
1 0 0011110|101|001 0x07A9
2 0 0100000|000|100 0x0804
3 0 0100011|100|100 0x08E4
4 0 0000010|010|000 0x0090
4 1 0101101|001|010 0x0B4A
4 2 0101111|000|010 0x0BC2
4 3 0110000|100|011 0x0C23
4 4 0110001|001|010 0x0C4A
4 5 0110010|001|011 0x0C8B
5 0 0001011|001|100 0x02CC
5 1 0011001|000|100 0x0644
6 0 0010010|001|110 0x048E
6 1 0010011|100|111 0x04E7
BX = 010 Event : 35
0 0 0011110|000|000 0x0780
0 1 0011111|000|101 0x07C5
0 2 0100000|100|110 0x0826
1 0 0100001|001|101 0x084D
2 0 0100010|010|010 0x0892
2 1 0100011|010|111 0x08D7
3 0 0000010|101|110 0x00AE
4 0 0000011|100|000 0x00E0
4 1 0000100|010|000 0x0110
4 2 0001001|101|111 0x026F
5 0 0011011|100|110 0x06E6
6 0 0001110|100|011 0x03A3
6 1 0010011|001|111 0x04CF
6 2 0011100|001|110 0x070E
7 0 0010111|000|100 0x05C4
7 1 0011101|100|000 0x0760
BX = 011 Event : 36
1 0 0100011|001|011 0x08CB
1 1 0100100|100|101 0x0925
1 2 0100101|001|111 0x094F
1 3 0110101|100|100 0x0D64
1 4 0110111|100|101 0x0DE5
2 0 0100110|101|110 0x09AE
3 0 0000010|010|100 0x0094
3 1 0000011|001|110 0x00CE
3 2 0000110|010|111 0x0197
3 3 0000111|100|111 0x01E7
3 4 0100111|101|001 0x09E9
3 5 0101001|001|111 0x0A4F
4 0 0001000|001|000 0x0208
4 1 0001001|001|001 0x0249
4 2 0011100|001|111 0x070F
5 0 0011110|000|001 0x0781
5 1 0011111|101|001 0x07E9
6 0 0010101|101|101 0x056D
6 1 0011000|000|111 0x0607
6 2 0100001|001|100 0x084C
7 0 0011011|000|010 0x06C2
BX = 100 Event : 37
0 0 0101000|000|110 0x0A06
0 1 1001000|100|101 0x1225
1 0 0101001|100|011 0x0A63
1 1 1001101|100|101 0x1365
2 0 0101011|001|011 0x0ACB
2 1 0101100|101|101 0x0B2D
2 2 0101101|000|101 0x0B45
2 3 0101110|010|110 0x0B96
2 4 1001111|101|101 0x13ED
2 5 1010000|100|101 0x1425
3 0 0000001|010|110 0x0056
3 1 0000011|001|111 0x00CF
3 2 0110000|001|011 0x0C0B
3 3 0110001|110|011 0x0C73
3 4 0110010|100|100 0x0CA4
4 0 0000101|001|000 0x0148
4 1 0000111|001|001 0x01C9
4 2 0011101|001|111 0x074F
4 3 1000000|100|010 0x1022
4 4 1000011|000|011 0x10C3
4 5 1000100|000|011 0x1103
5 0 0001100|000|001 0x0301
5 1 0011110|001|010 0x078A
6 0 0011111|100|001 0x07E1
6 1 0100000|101|001 0x0829
7 0 0100010|100|000 0x08A0
7 1 0100100|100|100 0x0924
7 2 0100101|001|100 0x094C
7 3 0100110|001|101 0x098D
7 4 0100111|001|111 0x09CF
BX = 101 Event : 38
0 0 0100010|000|000 0x0880
0 1 0100100|000|101 0x0905
1 0 0010110|001|100 0x058C
2 0 0011001|010|101 0x0655
3 0 0000000|100|011 0x0023
3 1 0000001|000|100 0x0044
3 2 0011010|001|001 0x0689
3 3 0011011|101|010 0x06EA
3 4 0011100|100|010 0x0722
3 5 0011101|101|011 0x076B
3 6 0101110|100|010 0x0BA2
3 7 0110000|110|011 0x0C33
3 8 0110001|110|100 0x0C74
4 0 0000011|001|000 0x00C8
5 0 0001001|000|011 0x0243
5 1 0010010|101|000 0x04A8
5 2 0010011|000|011 0x04C3
5 3 0010100|001|111 0x050F
6 0 0001100|010|000 0x0310
7 0 0001110|100|010 0x03A2
7 1 0010101|000|110 0x0546
BX = 110 Event : 39
0 0 0011111|001|001 0x07C9
0 1 0100000|000|111 0x0807
1 0 0100001|001|001 0x0849
1 1 0100010|101|011 0x08AB
1 2 0100011|001|100 0x08CC
1 3 0100100|100|110 0x0926
1 4 0101111|001|000 0x0BC8
1 5 0110000|000|011 0x0C03
1 6 0110001|001|100 0x0C4C
1 7 0110010|100|100 0x0CA4
2 0 0100110|001|011 0x098B
2 1 0100111|110|111 0x09F7
3 0 0000000|100|011 0x0023
3 1 0000010|100|110 0x00A6
3 2 0000011|000|111 0x00C7
3 3 0101000|010|011 0x0A13
4 0 0000101|100|011 0x0163
4 1 0011001|001|100 0x064C
4 2 0011010|001|110 0x068E
4 3 0101100|000|001 0x0B01
5 0 0010000|101|011 0x042B
5 1 0010001|100|110 0x0466
5 2 0011011|010|000 0x06D0
6 0 0011100|101|110 0x072E
6 1 0011101|001|110 0x074E
6 2 0011110|101|111 0x07AF
BX = 111 Event : 40
2 0 0010101|010|011 0x0553
2 1 0010110|100|101 0x05A5
2 2 0010111|000|110 0x05C6
2 3 0011000|010|110 0x0616
3 0 0000000|010|100 0x0014
3 1 0011001|110|011 0x0673
3 2 0011010|000|011 0x0683
4 0 0000010|000|001 0x0081
4 1 0100001|100|000 0x0860
4 2 0100100|001|001 0x0909
5 0 0000111|100|100 0x01E4
5 1 0001111|010|011 0x03D3
5 2 0010000|100|101 0x0425
5 3 0010001|101|101 0x046D
6 0 0010010|001|110 0x048E
6 1 0010011|101|110 0x04EE
7 0 0010100|100|111 0x0527
BX = 000 Event : 41
0 0 0100001|100|111 0x0867
0 1 0111101|100|111 0x0F67
1 0 0100010|000|101 0x0885
1 1 0100011|001|110 0x08CE
1 2 0100100|001|111 0x090F
1 3 0100101|000|111 0x0947
1 4 0111110|101|010 0x0FAA
1 5 0111111|100|010 0x0FE2
3 0 0000000|001|111 0x000F
3 1 0000001|101|111 0x006F
3 2 0101010|010|000 0x0A90
3 3 0101011|100|001 0x0AE1
3 4 0101100|010|001 0x0B11
3 5 0101101|010|010 0x0B52
3 6 0101110|100|010 0x0BA2
3 7 0110010|100|100 0x0CA4
3 8 1000110|110|001 0x11B1
3 9 1000111|010|001 0x11D1
3 a 1001010|100|010 0x12A2
4 0 0000010|100|000 0x00A0
4 1 0000011|100|000 0x00E0
4 2 0000100|000|000 0x0100
4 3 0001001|110|101 0x0275
4 4 0001100|101|101 0x032D
4 5 0011000|001|100 0x060C
4 6 0011001|110|100 0x0674
4 7 0011010|010|101 0x0695
5 0 0010001|010|110 0x0456
5 1 0011100|010|001 0x0711
5 2 0011101|101|111 0x076F
5 3 0011110|101|111 0x07AF
6 0 0010101|001|100 0x054C
6 1 0010110|001|111 0x058F
6 2 0100000|101|101 0x082D
BX = 001 Event : 42
2 0 0100010|110|100 0x08B4
2 1 0100011|101|101 0x08ED
2 2 0100100|110|110 0x0936
2 3 0111000|110|101 0x0E35
3 0 0100101|100|000 0x0960
3 1 0100110|010|011 0x0993
3 2 0100111|100|011 0x09E3
3 3 0101000|011|011 0x0A1B
3 4 0101001|110|011 0x0A73
3 5 0111011|010|000 0x0ED0
4 0 0000001|000|011 0x0043
4 1 0000010|100|100 0x00A4
4 2 0000011|101|100 0x00EC
4 3 0000101|110|100 0x0174
4 4 0000110|100|100 0x01A4
4 5 0011000|110|011 0x0633
4 6 0011001|110|100 0x0674
4 7 0011010|100|101 0x06A5
4 8 0011011|101|111 0x06EF
5 0 0001101|100|011 0x0363
5 1 0001110|001|101 0x038D
6 0 0010100|101|111 0x052F
6 1 0011100|100|010 0x0722
7 0 0010101|000|101 0x0545
7 1 0010111|000|111 0x05C7
7 2 0011101|100|010 0x0762
7 3 0011110|100|110 0x07A6
7 4 0011111|100|110 0x07E6
7 5 0100000|100|111 0x0827
BX = 010 Event : 43
1 0 0011111|101|000 0x07E8
1 1 0100000|001|001 0x0809
1 2 0100001|100|011 0x0863
1 3 0101110|100|000 0x0BA0
2 0 0100010|001|010 0x088A
3 0 0000000|100|100 0x0024
3 1 0000001|101|111 0x006F
3 2 0100011|010|000 0x08D0
3 3 0100100|101|000 0x0928
3 4 0100111|000|101 0x09C5
3 5 0111100|101|000 0x0F28
3 6 0111101|101|000 0x0F68
4 0 0000010|001|000 0x0088
4 1 0000011|100|001 0x00E1
4 2 0000100|101|011 0x012B
4 3 0000101|101|011 0x016B
4 4 0010101|010|100 0x0554
4 5 0010110|101|111 0x05AF
4 6 0010111|110|111 0x05F7
5 0 0001000|010|000 0x0210
5 1 0011000|001|000 0x0608
6 0 0001100|000|000 0x0300
6 1 0011010|000|000 0x0680
6 2 0011011|100|001 0x06E1
6 3 0011100|100|111 0x0727
7 0 0010010|100|110 0x04A6
7 1 0010100|100|111 0x0527
7 2 0011101|001|000 0x0748
7 3 0011110|100|111 0x07A7
BX = 011 Event : 44
0 0 0011101|001|101 0x074D
0 1 0110101|000|101 0x0D45
1 0 0011110|100|011 0x07A3
1 1 0011111|000|100 0x07C4
1 2 0110111|001|011 0x0DCB
2 0 0100001|011|101 0x085D
2 1 0100010|011|110 0x089E
2 2 0100011|010|110 0x08D6
2 3 0111010|110|001 0x0EB1
2 4 1000100|110|100 0x1134
2 5 1000111|010|110 0x11D6
3 0 0000000|101|100 0x002C
3 1 0000001|001|111 0x004F
3 2 0000010|100|111 0x00A7
3 3 0100100|010|000 0x0910
3 4 0100101|000|000 0x0940
3 5 0100110|010|000 0x0990
3 6 1001000|101|000 0x1228
4 0 0000101|101|100 0x016C
4 1 0010111|001|011 0x05CB
4 2 0011000|000|110 0x0606
4 3 0101000|101|000 0x0A28
4 4 0101010|101|001 0x0AA9
4 5 0101100|000|011 0x0B03
5 0 0001101|001|100 0x034C
5 1 0001110|101|100 0x03AC
5 2 0010011|000|101 0x04C5
5 3 0010100|110|110 0x0536
5 4 0011001|001|100 0x064C
5 5 0011011|101|100 0x06EC
5 6 0011100|110|110 0x0736
BX = 100 Event : 45
0 0 0100100|100|001 0x0921
0 1 0100101|000|010 0x0942
0 2 0100110|000|100 0x0984
1 0 0100111|101|010 0x09EA
2 0 0101000|000|011 0x0A03
2 1 0101001|001|011 0x0A4B
2 2 0110111|001|011 0x0DCB
4 0 0000000|101|000 0x0028
4 1 0000001|101|000 0x0068
4 2 0000100|101|001 0x0129
4 3 0011001|011|100 0x065C
4 4 0011010|010|101 0x0695
4 5 0011011|000|110 0x06C6
5 0 0001100|010|000 0x0310
5 1 0011101|101|000 0x0768
6 0 0011110|100|001 0x07A1
6 1 0011111|001|010 0x07CA
6 2 0100000|000|010 0x0802
7 0 0100001|000|001 0x0841
7 1 0100010|000|111 0x0887
BX = 101 Event : 46
1 0 0101100|001|000 0x0B08
1 1 0101101|000|000 0x0B40
1 2 0101110|100|100 0x0BA4
1 3 1001001|001|100 0x124C
2 0 0101111|100|001 0x0BE1
2 1 0110000|101|100 0x0C2C
2 2 0110010|010|110 0x0C96
2 3 1010001|101|000 0x1468
2 4 1010101|110|111 0x1577
3 0 0000000|000|011 0x0003
3 1 0000010|101|011 0x00AB
3 2 0000100|101|101 0x012D
3 3 0000101|001|110 0x014E
3 4 0110100|101|001 0x0D29
3 5 0110101|000|001 0x0D41
3 6 0111101|101|111 0x0F6F
3 7 0111110|000|111 0x0F87
3 8 1010110|110|001 0x15B1
4 0 0000110|000|000 0x0180
4 1 0001000|000|100 0x0204
4 2 0001001|100|100 0x0264
4 3 0011101|100|011 0x0763
4 4 0011110|001|101 0x078D
4 5 0011111|001|101 0x07CD
4 6 1000010|001|010 0x108A
4 7 1000011|100|100 0x10E4
5 0 0010001|101|001 0x0469
5 1 0010010|010|010 0x0492
5 2 0010101|110|110 0x0576
5 3 0100000|010|001 0x0811
5 4 0100001|000|001 0x0841
5 5 0100010|110|110 0x08B6
5 6 0100011|101|110 0x08EE
5 7 0100100|110|110 0x0936
6 0 0010110|101|001 0x05A9
6 1 0100101|000|000 0x0940
6 2 0101000|100|100 0x0A24
7 0 0101010|000|111 0x0A87
7 1 0101011|001|111 0x0ACF
BX = 110 Event : 47
0 0 0100001|000|001 0x0841
1 0 0100010|100|000 0x08A0
1 1 0100011|100|111 0x08E7
2 0 0100100|010|001 0x0911
2 1 0100101|001|100 0x094C
2 2 0100110|110|100 0x09B4
2 3 0111101|000|111 0x0F47
3 0 0000100|010|111 0x0117
3 1 0100111|001|001 0x09C9
3 2 0101000|010|001 0x0A11
3 3 0101001|100|010 0x0A62
3 4 0101010|000|010 0x0A82
3 5 0101011|000|011 0x0AC3
3 6 0101100|001|110 0x0B0E
3 7 0101101|010|111 0x0B57
4 0 0000101|000|100 0x0144
4 1 0001000|101|110 0x022E
4 2 0001010|101|111 0x02AF
4 3 0011010|010|111 0x0697
5 0 0010001|101|101 0x046D
5 1 0011011|101|100 0x06EC
6 0 0010010|100|011 0x04A3
6 1 0010011|100|100 0x04E4
6 2 0010111|100|111 0x05E7
6 3 0011100|010|000 0x0710
6 4 0011110|101|111 0x07AF
6 5 0011111|001|111 0x07CF
7 0 0100000|000|010 0x0802
BX = 111 Event : 48
0 0 0100100|100|110 0x0926
0 1 0101110|100|101 0x0BA5
0 2 0101111|000|110 0x0BC6
1 0 0100101|000|011 0x0943
1 1 0110001|001|001 0x0C49
1 2 0110011|000|010 0x0CC2
1 3 0110101|001|011 0x0D4B
2 0 0100110|101|101 0x09AD
2 1 0100111|001|111 0x09CF
3 0 0000000|101|100 0x002C
3 1 0000001|100|100 0x0064
3 2 0101000|010|000 0x0A10
3 3 0101001|010|001 0x0A51
3 4 0101010|011|010 0x0A9A
4 0 0000011|000|011 0x00C3
4 1 0000100|101|011 0x012B
4 2 0000111|011|101 0x01DD
4 3 0001011|100|101 0x02E5
4 4 0001100|110|101 0x0335
4 5 0011100|110|101 0x0735
5 0 0010000|110|000 0x0430
5 1 0010110|010|011 0x0593
5 2 0011110|010|001 0x0791
5 3 0011111|011|010 0x07DA
5 4 0100000|010|011 0x0813
6 0 0010111|100|111 0x05E7
6 1 0100001|010|000 0x0850
6 2 0100010|101|101 0x08AD
BX = 000 Event : 49
0 0 0100111|100|000 0x09E0
0 1 0110101|100|000 0x0D60
1 0 0101000|101|110 0x0A2E
2 0 0101001|010|001 0x0A51
3 0 0000001|000|011 0x0043
3 1 0000010|101|100 0x00AC
3 2 0000011|010|100 0x00D4
3 3 0000110|101|100 0x01AC
3 4 0000111|101|110 0x01EE
3 5 0001000|010|110 0x0216
3 6 0001100|001|110 0x030E
3 7 0001101|001|111 0x034F
3 8 0001110|101|111 0x03AF
3 9 0001111|100|111 0x03E7
3 a 0010000|101|111 0x042F
3 b 0101010|010|000 0x0A90
3 c 0101011|011|010 0x0ADA
3 d 0101101|011|011 0x0B5B
3 e 0101110|100|100 0x0BA4
4 0 0010001|101|000 0x0468
4 1 0100100|010|111 0x0917
5 0 0100101|010|110 0x0956
6 0 0100110|101|011 0x09AB
BX = 001 Event : 50
0 0 0100010|100|000 0x08A0
0 1 0100011|100|111 0x08E7
0 2 0111101|100|100 0x0F64
1 0 0100100|101|000 0x0928
1 1 0100101|100|001 0x0961
1 2 0100110|000|001 0x0981
1 3 0100111|101|011 0x09EB
1 4 1000001|101|000 0x1068
2 0 0101000|010|001 0x0A11
2 1 0101011|101|011 0x0AEB
2 2 0101100|101|100 0x0B2C
2 3 0101101|110|111 0x0B77
3 0 0101110|101|000 0x0BA8
3 1 0101111|101|001 0x0BE9
3 2 0110000|001|001 0x0C09
3 3 0110001|001|001 0x0C49
3 4 0110010|000|011 0x0C83
3 5 0110100|000|110 0x0D06
3 6 1001100|101|001 0x1329
4 0 0000000|101|000 0x0028
4 1 0000001|010|000 0x0050
4 2 0011010|010|110 0x0696
5 0 0000111|100|000 0x01E0
5 1 0011011|110|000 0x06F0
5 2 0011100|000|000 0x0700
6 0 0010011|000|111 0x04C7
6 1 0010101|100|111 0x0567
7 0 0011001|001|101 0x064D
7 1 0100000|000|100 0x0804
7 2 0100001|000|110 0x0846
BX = 010 Event : 51
0 0 0100001|100|011 0x0863
1 0 0100010|101|011 0x08AB
2 0 0100011|101|100 0x08EC
2 1 0101101|110|010 0x0B72
2 2 0101110|101|100 0x0BAC
3 0 0000000|100|101 0x0025
4 0 0000001|101|011 0x006B
4 1 0000010|101|011 0x00AB
4 2 0000011|000|011 0x00C3
4 3 0000111|101|101 0x01ED
4 4 0001010|010|111 0x0297
4 5 0010111|101|110 0x05EE
4 6 0011000|000|111 0x0607
4 7 0011001|100|111 0x0667
5 0 0011010|000|011 0x0683
6 0 0010001|001|100 0x044C
6 1 0010010|100|100 0x04A4
6 2 0011011|001|011 0x06CB
6 3 0011100|100|100 0x0724
6 4 0011101|001|100 0x074C
6 5 0011110|000|101 0x0785
7 0 0010100|100|100 0x0524
7 1 0010110|000|111 0x0587
7 2 0011111|100|011 0x07E3
7 3 0100000|001|111 0x080F
BX = 011 Event : 52
0 0 0011110|000|000 0x0780
0 1 0101100|000|000 0x0B00
1 0 0101101|101|010 0x0B6A
2 0 0011111|101|001 0x07E9
2 1 0100000|100|101 0x0825
2 2 0100001|110|101 0x0875
2 3 0100010|001|110 0x088E
2 4 0111000|101|110 0x0E2E
3 0 0100011|000|000 0x08C0
3 1 0100100|010|000 0x0910
3 2 0100101|100|000 0x0960
3 3 0100110|001|001 0x0989
3 4 1000000|100|010 0x1022
3 5 1000100|101|011 0x112B
4 0 0010111|001|110 0x05CE
6 0 0010001|000|101 0x0445
6 1 0011001|000|000 0x0640
6 2 0011010|100|001 0x06A1
7 0 0011011|100|111 0x06E7
7 1 0011100|100|111 0x0727
7 2 0011101|001|111 0x074F
BX = 100 Event : 53
1 0 0010100|001|011 0x050B
2 0 0010101|010|101 0x0555
3 0 0000000|100|110 0x0026
4 0 0000001|101|011 0x006B
4 1 0011010|100|010 0x06A2
5 0 0000110|110|001 0x01B1
5 1 0000111|001|010 0x01CA
5 2 0010001|010|000 0x0450
6 0 0001110|000|111 0x0387
6 1 0001111|100|111 0x03E7
6 2 0010010|001|010 0x048A
7 0 0010011|001|111 0x04CF
BX = 101 Event : 54
2 0 0010101|100|011 0x0563
2 1 0010110|101|011 0x05AB
2 2 0100100|110|111 0x0937
3 0 0000000|101|100 0x002C
3 1 0010111|001|001 0x05C9
3 2 0011010|000|010 0x0682
3 3 0011011|000|110 0x06C6
4 0 0011100|001|011 0x070B
5 0 0000100|110|011 0x0133
5 1 0001111|110|010 0x03F2
5 2 0010000|101|100 0x042C
6 0 0000111|101|111 0x01EF
7 0 0010010|100|101 0x04A5
7 1 0010011|100|111 0x04E7
BX = 110 Event : 55
0 0 0011001|000|000 0x0640
0 1 0011010|000|110 0x0686
0 2 0101111|000|101 0x0BC5
1 0 0011011|010|111 0x06D7
1 1 0110011|101|111 0x0CEF
2 0 0011100|001|001 0x0709
2 1 0011101|101|001 0x0769
2 2 0011110|001|001 0x0789
2 3 0011111|110|011 0x07F3
2 4 0100000|001|100 0x080C
2 5 0100001|110|110 0x0876
2 6 0110100|110|000 0x0D30
2 7 0110101|001|010 0x0D4A
3 0 0000001|101|110 0x006E
3 1 0100011|010|000 0x08D0
3 2 0100100|010|000 0x0910
3 3 0100101|110|010 0x0972
4 0 0000010|100|001 0x00A1
4 1 0000011|001|011 0x00CB
5 0 0001010|110|000 0x02B0
5 1 0010010|110|000 0x04B0
5 2 0010011|101|000 0x04E8
6 0 0010000|101|111 0x042F
6 1 0010101|010|001 0x0551
6 2 0010110|100|011 0x05A3
7 0 0010111|001|101 0x05CD
7 1 0011000|001|111 0x060F
BX = 111 Event : 56
0 0 0100010|001|011 0x088B
0 1 0100011|000|011 0x08C3
0 2 0100100|000|100 0x0904
0 3 0100101|001|100 0x094C
0 4 0100110|001|101 0x098D
1 0 0101000|001|010 0x0A0A
1 1 0101001|001|010 0x0A4A
1 2 0101010|000|011 0x0A83
2 0 0101100|010|001 0x0B11
2 1 0101101|100|001 0x0B61
2 2 0101110|100|001 0x0BA1
2 3 0101111|011|101 0x0BDD
2 4 0110000|110|111 0x0C37
2 5 1000110|001|110 0x118E
3 0 0000000|010|100 0x0014
3 1 0000001|001|100 0x004C
3 2 0000010|100|111 0x00A7
3 3 0000011|101|111 0x00EF
3 4 0110001|001|010 0x0C4A
3 5 0110010|001|110 0x0C8E
3 6 0110011|100|110 0x0CE6
5 0 0001011|110|000 0x02F0
5 1 0001111|110|110 0x03F6
5 2 0011001|101|000 0x0668
5 3 0011010|000|001 0x0681
5 4 0011011|101|011 0x06EB
5 5 0011100|010|100 0x0714
5 6 0011101|001|110 0x074E
5 7 0011110|110|110 0x07B6
5 8 0011111|001|111 0x07CF
5 9 0100000|001|111 0x080F
6 0 0010011|101|000 0x04E8
7 0 0010110|100|110 0x05A6
BX = 000 Event : 57
0 0 0100100|001|010 0x090A
1 0 0111010|101|110 0x0EAE
2 0 0100101|001|000 0x0948
2 1 0100110|001|001 0x0989
2 2 0100111|100|001 0x09E1
2 3 0101000|001|011 0x0A0B
2 4 0101001|010|011 0x0A53
2 5 0101010|010|011 0x0A93
2 6 0101011|101|100 0x0AEC
2 7 0111110|110|010 0x0FB2
3 0 0101110|100|011 0x0BA3
3 1 0101111|000|110 0x0BC6
3 2 0110000|001|110 0x0C0E
3 3 1000010|101|000 0x10A8
4 0 0000011|000|011 0x00C3
4 1 0000100|001|011 0x010B
4 2 0000101|101|011 0x016B
4 3 0000110|001|100 0x018C
4 4 0000111|000|101 0x01C5
4 5 0001010|110|111 0x02B7
4 6 0011110|010|011 0x0793
4 7 0011111|001|100 0x07CC
5 0 0001011|110|000 0x02F0
5 1 0100001|010|111 0x0857
6 0 0011010|000|111 0x0687
6 1 0100010|100|110 0x08A6
7 0 0011101|001|110 0x074E
7 1 0100011|000|100 0x08C4
BX = 001 Event : 58
0 0 0010100|001|001 0x0509
0 1 0100011|100|011 0x08E3
1 0 0010101|001|001 0x0549
1 1 0010110|001|100 0x058C
1 2 0010111|000|101 0x05C5
4 0 0001111|101|101 0x03ED
4 1 0011101|000|000 0x0740
4 2 0011110|010|011 0x0793
5 0 0000100|000|011 0x0103
5 1 0001000|101|111 0x022F
5 2 0010000|001|110 0x040E
7 0 0001011|000|100 0x02C4
7 1 0001110|100|111 0x03A7
7 2 0010011|001|100 0x04CC
BX = 010 Event : 59
0 0 0101101|100|001 0x0B61
3 0 0000000|100|100 0x0024
3 1 0000001|101|100 0x006C
3 2 0000011|100|111 0x00E7
3 3 0100010|001|001 0x0889
3 4 0100011|001|001 0x08C9
3 5 0100100|011|011 0x091B
3 6 0100110|001|111 0x098F
3 7 0100111|101|111 0x09EF
3 8 0110100|101|000 0x0D28
4 0 0001001|101|111 0x026F
4 1 0001010|001|111 0x028F
4 2 0011000|011|100 0x061C
4 3 0011001|101|100 0x066C
4 4 0011010|101|111 0x06AF
4 5 0011011|010|111 0x06D7
4 6 0011100|100|111 0x0727
4 7 0011101|101|111 0x076F
4 8 0101011|010|001 0x0AD1
5 0 0010101|001|100 0x054C
5 1 0011110|000|100 0x0784
6 0 0011111|100|110 0x07E6
BX = 011 Event : 60
1 0 0011101|000|100 0x0744
1 1 0011110|100|110 0x07A6
1 2 0011111|000|110 0x07C6
1 3 0100000|100|111 0x0827
1 4 0100001|001|111 0x084F
1 5 0111100|100|110 0x0F26
1 6 0111101|000|110 0x0F46
1 7 0111110|000|111 0x0F87
2 0 0100010|000|011 0x0883
2 1 0100011|000|011 0x08C3
2 2 0100101|101|110 0x096E
2 3 1000010|001|011 0x108B
2 4 1000101|101|110 0x116E
3 0 0101000|010|011 0x0A13
3 1 0101001|000|011 0x0A43
3 2 1001101|101|010 0x136A
4 0 0000001|101|010 0x006A
5 0 0010011|011|001 0x04D9
5 1 0010100|001|010 0x050A
5 2 0010101|000|011 0x0543
5 3 0010110|101|101 0x05AD
5 4 0011000|101|111 0x062F
6 0 0010000|100|111 0x0427
6 1 0011001|000|000 0x0640
6 2 0011010|101|111 0x06AF
BX = 100 Event : 61
0 0 0100010|100|101 0x08A5
1 0 0100100|101|011 0x092B
2 0 0100101|000|001 0x0941
2 1 0100111|001|001 0x09C9
2 2 0101000|010|100 0x0A14
2 3 0101011|010|101 0x0AD5
2 4 0101100|000|111 0x0B07
2 5 1000001|101|001 0x1069
2 6 1000011|010|011 0x10D3
2 7 1000100|010|011 0x1113
2 8 1000110|000|100 0x1184
3 0 0000000|101|011 0x002B
3 1 0000001|000|100 0x0044
3 2 0000010|101|111 0x00AF
3 3 0000100|001|111 0x010F
3 4 0101110|100|000 0x0BA0
3 5 0110110|101|111 0x0DAF
4 0 0000101|100|000 0x0160
4 1 0000110|000|001 0x0181
4 2 0000111|101|010 0x01EA
4 3 0001000|100|011 0x0223
4 4 0011001|000|110 0x0646
4 5 0011010|100|110 0x06A6
4 6 0011011|000|110 0x06C6
4 7 0011100|010|111 0x0717
4 8 0011101|110|111 0x0777
4 9 0110111|001|001 0x0DC9
4 a 0111000|101|001 0x0E29
4 b 0111001|010|001 0x0E51
5 0 0010000|100|011 0x0423
5 1 0011110|011|000 0x0798
5 2 0011111|110|101 0x07F5
5 3 0100000|010|110 0x0816
7 0 0100001|100|000 0x0860
BX = 101 Event : 62
2 0 0101000|100|011 0x0A23
3 0 0000000|100|011 0x0023
3 1 0000001|101|100 0x006C
3 2 0000010|000|100 0x0084
3 3 0000011|000|101 0x00C5
3 4 0000100|010|101 0x0115
3 5 0000110|001|111 0x018F
3 6 0011110|101|100 0x07AC
3 7 0011111|101|100 0x07EC
4 0 0001001|100|110 0x0266
4 1 0010011|101|011 0x04EB
4 2 0010100|011|011 0x051B
4 3 0010101|101|110 0x056E
4 4 0010110|100|111 0x05A7
4 5 0100010|010|011 0x0893
5 0 0010000|101|100 0x042C
5 1 0011010|010|110 0x0696
7 0 0011011|000|011 0x06C3
7 1 0011100|100|011 0x0723
7 2 0011101|100|111 0x0767
BX = 110 Event : 63
2 0 0100011|101|000 0x08E8
2 1 1000000|110|011 0x1033
2 2 1000001|000|110 0x1046
3 0 0000001|001|100 0x004C
3 1 0100101|010|001 0x0951
3 2 0100110|010|001 0x0991
3 3 0100111|000|011 0x09C3
3 4 1000101|011|001 0x1159
4 0 0000010|100|000 0x00A0
4 1 0000100|000|010 0x0102
4 2 0000101|001|010 0x014A
4 3 0000110|101|100 0x01AC
4 4 0001000|110|101 0x0235
4 5 0001001|101|101 0x026D
4 6 0001010|101|110 0x02AE
4 7 0001011|110|110 0x02F6
4 8 0010101|001|011 0x054B
4 9 0010110|001|100 0x058C
4 a 0010111|001|100 0x05CC
4 b 0011000|000|110 0x0606
4 c 0011001|100|110 0x0666
4 d 0101001|001|000 0x0A48
4 e 0101101|100|001 0x0B61
4 f 0101110|100|011 0x0BA3
5 0 0001101|010|000 0x0350
5 1 0001111|101|010 0x03EA
5 2 0011010|011|000 0x0698
5 3 0011100|110|010 0x0732
6 0 0011110|101|001 0x07A9
6 1 0011111|001|011 0x07CB
7 0 0010010|100|011 0x04A3
7 1 0100000|100|011 0x0823
BX = 111 Event : 64
0 0 0011100|000|001 0x0701
0 1 0011110|001|111 0x078F
0 2 0011111|000|111 0x07C7
2 0 0100000|011|101 0x081D
2 1 0100001|110|101 0x0875
2 2 0100010|000|110 0x0886
2 3 0100011|010|111 0x08D7
3 0 0100100|010|010 0x0912
3 1 0100111|000|111 0x09C7
4 0 0000100|101|001 0x0129
4 1 0000101|000|001 0x0141
4 2 0010101|100|011 0x0563
4 3 0010110|110|110 0x05B6
4 4 0101001|101|010 0x0A6A
5 0 0001011|001|001 0x02C9
6 0 0011011|001|011 0x06CB
BX = 000 Event : 65
0 0 0010110|100|000 0x05A0
0 1 0010111|000|101 0x05C5
0 2 0100101|000|010 0x0942
0 3 0100111|100|101 0x09E5
1 0 0011000|001|001 0x0609
1 1 0011001|001|011 0x064B
1 2 0101010|000|100 0x0A84
2 0 0011011|001|111 0x06CF
3 0 0000001|100|101 0x0065
3 1 0000010|100|101 0x00A5
3 2 0000011|101|110 0x00EE
3 3 0011101|110|010 0x0772
3 4 0011111|100|100 0x07E4
3 5 0110001|110|010 0x0C72
4 0 0000100|000|010 0x0102
4 1 0000101|101|100 0x016C
4 2 0001001|101|101 0x026D
4 3 0001010|101|101 0x02AD
4 4 0010000|100|011 0x0423
4 5 0010001|101|101 0x046D
4 6 0100010|100|001 0x08A1
4 7 0100011|000|010 0x08C2
5 0 0001101|101|010 0x036A
5 1 0010010|001|000 0x0488
5 2 0010011|100|010 0x04E2
5 3 0010100|101|010 0x052A
5 4 0010101|010|101 0x0555
BX = 001 Event : 66
0 0 0101010|000|000 0x0A80
0 1 0101011|100|010 0x0AE2
1 0 0101110|100|001 0x0BA1
1 1 1000101|000|000 0x1140
1 2 1000110|001|000 0x1188
2 0 0110000|100|000 0x0C20
2 1 0110001|101|001 0x0C69
2 2 0110010|100|010 0x0CA2
2 3 1001110|010|011 0x1393
3 0 0000000|000|110 0x0006
3 1 0000001|101|110 0x006E
3 2 0000010|000|110 0x0086
3 3 0000011|000|111 0x00C7
3 4 0111001|101|110 0x0E6E
4 0 0000100|010|000 0x0110
4 1 0000101|010|000 0x0150
4 2 0000110|101|000 0x01A8
4 3 0000111|001|001 0x01C9
4 4 0001000|000|010 0x0202
4 5 0001100|110|100 0x0334
4 6 0011111|101|111 0x07EF
4 7 0111110|101|000 0x0FA8
5 0 0010000|010|000 0x0410
5 1 0010100|101|100 0x052C
5 2 0010110|010|101 0x0595
5 3 0100001|011|000 0x0858
5 4 0100010|101|000 0x08A8
5 5 0100011|101|010 0x08EA
5 6 0100100|010|011 0x0913
5 7 0100101|010|101 0x0955
5 8 0100110|000|110 0x0986
6 0 0011000|001|100 0x060C
6 1 0100111|001|100 0x09CC
6 2 0101000|001|100 0x0A0C
BX = 010 Event : 67
0 0 0111100|000|010 0x0F02
2 0 0101101|001|010 0x0B4A
2 1 0101110|000|011 0x0B83
2 2 1000010|101|010 0x10AA
3 0 0000000|010|011 0x0013
3 1 0000001|101|100 0x006C
3 2 0000010|101|100 0x00AC
3 3 0101111|010|011 0x0BD3
3 4 0110000|001|100 0x0C0C
3 5 1010000|110|010 0x1432
4 0 0000100|101|000 0x0128
4 1 0010001|110|101 0x0475
4 2 0010010|100|101 0x04A5
4 3 0010100|010|110 0x0516
4 4 0100000|100|100 0x0824
4 5 0100001|110|100 0x0874
4 6 0100011|001|101 0x08CD
4 7 0100100|101|110 0x092E
4 8 0100101|101|111 0x096F
4 9 0110110|100|010 0x0DA2
5 0 0011000|101|000 0x0628
5 1 0100110|010|110 0x0996
5 2 0100111|000|110 0x09C6
5 3 0101000|101|111 0x0A2F
5 4 0101001|001|111 0x0A4F
6 0 0011100|101|001 0x0729
6 1 0101010|001|101 0x0A8D
6 2 0101011|001|101 0x0ACD
7 0 0101100|001|111 0x0B0F
BX = 011 Event : 68
0 0 0010011|000|101 0x04C5
1 0 0010100|001|100 0x050C
1 1 0100100|100|000 0x0920
2 0 0010110|110|101 0x05B5
3 0 0000000|001|111 0x000F
3 1 0010111|001|000 0x05C8
3 2 0011001|010|001 0x0651
3 3 0011010|001|010 0x068A
3 4 0011011|000|011 0x06C3
3 5 0011100|100|100 0x0724
3 6 0011101|010|100 0x0754
3 7 0011110|010|110 0x0796
3 8 0011111|100|110 0x07E6
3 9 0100001|101|111 0x086F
4 0 0000001|001|001 0x0049
4 1 0001011|110|100 0x02F4
4 2 0001100|110|101 0x0335
4 3 0100010|001|001 0x0889
5 0 0001101|001|001 0x0349
5 1 0001111|010|100 0x03D4
5 2 0010000|000|110 0x0406
5 3 0010001|101|111 0x046F
6 0 0010010|010|000 0x0490
BX = 100 Event : 69
1 0 0100110|000|001 0x0981
1 1 0100111|001|011 0x09CB
1 2 0101000|100|101 0x0A25
2 0 0101001|001|100 0x0A4C
2 1 0101010|000|101 0x0A85
2 2 0101011|101|101 0x0AED
2 3 0101100|101|111 0x0B2F
2 4 0101101|110|111 0x0B77
2 5 1000100|000|011 0x1103
2 6 1001000|110|110 0x1236
2 7 1001100|110|110 0x1336
2 8 1001101|101|111 0x136F
3 0 0000000|101|011 0x002B
3 1 0000011|101|111 0x00EF
3 2 0101110|110|010 0x0BB2
3 3 0101111|100|100 0x0BE4
3 4 0110000|101|100 0x0C2C
3 5 0110100|001|110 0x0D0E
3 6 1001110|101|001 0x13A9
4 0 0000100|000|001 0x0101
4 1 0000111|010|110 0x01D6
4 2 0100000|001|011 0x080B
4 3 0100001|101|100 0x086C
4 4 0100010|101|101 0x08AD
4 5 0100011|000|111 0x08C7
4 6 0111001|000|011 0x0E43
6 0 0100100|101|010 0x092A
BX = 101 Event : 70
0 0 0100000|000|011 0x0803
1 0 0010100|000|011 0x0503
2 0 0010101|101|100 0x056C
2 1 0010110|010|100 0x0594
2 2 0100011|010|100 0x08D4
2 3 0100100|101|100 0x092C
3 0 0000000|100|110 0x0026
3 1 0000001|010|110 0x0056
3 2 0010111|101|010 0x05EA
3 3 0011000|101|010 0x062A
3 4 0011001|101|011 0x066B
3 5 0011010|001|011 0x068B
3 6 0011100|101|110 0x072E
3 7 0011101|001|110 0x074E
3 8 0101010|110|010 0x0AB2
4 0 0000100|010|101 0x0115
5 0 0010000|001|001 0x0409
6 0 0001101|001|111 0x034F
6 1 0010001|000|110 0x0446
6 2 0010010|000|111 0x0487
BX = 110 Event : 71
0 0 0011010|001|000 0x0688
0 1 0101001|000|000 0x0A40
0 2 0101010|000|000 0x0A80
1 0 0011011|101|110 0x06EE
3 0 0000000|001|011 0x000B
3 1 0000001|101|100 0x006C
3 2 0000010|100|110 0x00A6
3 3 0011101|010|100 0x0754
3 4 0100011|100|101 0x08E5
4 0 0000011|101|011 0x00EB
4 1 0000100|100|011 0x0123
4 2 0000101|101|011 0x016B
4 3 0000110|000|100 0x0184
4 4 0100110|101|000 0x09A8
4 5 0101000|101|010 0x0A2A
5 0 0001000|001|010 0x020A
5 1 0010100|001|010 0x050A
5 2 0010101|001|010 0x054A
5 3 0010110|110|101 0x05B5
7 0 0010001|000|111 0x0447
7 1 0011000|001|111 0x060F
7 2 0011001|001|111 0x064F
BX = 111 Event : 72
0 0 0011010|001|100 0x068C
0 1 0101011|000|011 0x0AC3
0 2 0101100|001|101 0x0B0D
1 0 0011011|100|110 0x06E6
1 1 0110011|001|110 0x0CCE
1 2 0110100|001|111 0x0D0F
2 0 0011101|100|110 0x0766
2 1 0011110|101|111 0x07AF
3 0 0011111|001|001 0x07C9
3 1 0100000|011|011 0x081B
3 2 0100011|000|101 0x08C5
4 0 0000011|010|000 0x00D0
4 1 0000100|100|001 0x0121
4 2 0000101|001|011 0x014B
4 3 0101010|001|011 0x0A8B
5 0 0001100|010|000 0x0310
5 1 0001101|101|100 0x036C
5 2 0010110|000|000 0x0580
5 3 0010111|000|010 0x05C2
6 0 0010011|001|111 0x04CF
7 0 0010100|000|111 0x0507
7 1 0011001|001|000 0x0648
BX = 000 Event : 73
0 0 0100110|000|110 0x0986
1 0 0100111|001|000 0x09C8
1 1 0101000|001|101 0x0A0D
1 2 0101001|001|101 0x0A4D
1 3 0111001|101|000 0x0E68
2 0 0101011|000|010 0x0AC2
2 1 0101100|101|011 0x0B2B
2 2 0101101|100|100 0x0B64
2 3 0101110|100|101 0x0BA5
2 4 1000001|100|010 0x1062
3 0 0000000|100|110 0x0026
3 1 0110001|000|110 0x0C46
4 0 0000010|101|010 0x00AA
4 1 0011001|100|101 0x0665
4 2 0011010|000|101 0x0685
4 3 0011011|000|111 0x06C7
4 4 0011100|101|111 0x072F
4 5 0110111|000|010 0x0DC2
5 0 0000110|110|000 0x01B0
5 1 0000111|001|100 0x01CC
5 2 0001011|001|101 0x02CD
5 3 0011101|001|100 0x074C
5 4 0011110|010|100 0x0794
5 5 0011111|001|110 0x07CE
5 6 0100000|001|111 0x080F
6 0 0001111|101|001 0x03E9
6 1 0100001|101|000 0x0868
6 2 0100010|101|001 0x08A9
7 0 0010110|100|100 0x05A4
7 1 0100011|000|100 0x08C4
7 2 0100100|100|100 0x0924
7 3 0100101|100|100 0x0964
BX = 001 Event : 74
0 0 0010000|000|010 0x0402
2 0 0010001|101|111 0x046F
3 0 0000001|001|110 0x004E
3 1 0010010|010|010 0x0492
3 2 0010011|001|010 0x04CA
3 3 0010100|001|011 0x050B
3 4 0010111|001|110 0x05CE
3 5 0100101|010|010 0x0952
4 0 0000010|101|011 0x00AB
4 1 0001100|010|100 0x0314
4 2 0011000|001|011 0x060B
5 0 0000111|010|001 0x01D1
5 1 0001101|010|011 0x0353
5 2 0001110|100|100 0x03A4
5 3 0001111|010|100 0x03D4
7 0 0001001|000|101 0x0245
7 1 0001010|100|110 0x02A6
BX = 010 Event : 75
0 0 0011000|000|111 0x0607
0 1 0011001|000|111 0x0647
1 0 0101110|010|111 0x0B97
2 0 0011100|010|010 0x0712
2 1 0011101|100|100 0x0764
2 2 0011110|010|101 0x0795
3 0 0000000|000|110 0x0006
3 1 0000001|101|110 0x006E
3 2 0000010|000|110 0x0086
3 3 0011111|010|001 0x07D1
4 0 0000101|100|000 0x0160
5 0 0001000|110|000 0x0230
5 1 0001011|100|100 0x02E4
6 0 0010000|001|100 0x040C
6 1 0010001|001|110 0x044E
6 2 0010110|000|110 0x0586
7 0 0010011|001|111 0x04CF
7 1 0010111|000|111 0x05C7
BX = 011 Event : 76
0 0 0100001|001|111 0x084F
0 1 0110110|000|111 0x0D87
1 0 0100010|001|000 0x0888
1 1 0100011|101|011 0x08EB
1 2 0100100|000|111 0x0907
1 3 0110111|001|000 0x0DC8
2 0 0100110|010|001 0x0991
2 1 0101010|000|100 0x0A84
2 2 0101011|000|111 0x0AC7
2 3 0101100|011|111 0x0B1F
3 0 0000001|101|110 0x006E
3 1 0101101|010|000 0x0B50
3 2 0101111|101|100 0x0BEC
3 3 1000110|101|000 0x11A8
4 0 0010100|000|100 0x0504
4 1 0010101|000|101 0x0545
4 2 0010110|110|101 0x05B5
4 3 0110001|100|100 0x0C64
4 4 0110010|000|100 0x0C84
5 0 0000101|100|010 0x0162
5 1 0010111|100|010 0x05E2
5 2 0011001|000|111 0x0647
5 3 0011010|000|111 0x0687
6 0 0010000|100|101 0x0425
6 1 0010001|000|111 0x0447
6 2 0011100|001|100 0x070C
6 3 0011101|001|110 0x074E
7 0 0010010|100|100 0x04A4
7 1 0010011|000|100 0x04C4
7 2 0011110|001|100 0x078C
7 3 0011111|100|111 0x07E7
7 4 0100000|100|111 0x0827
BX = 100 Event : 77
0 0 0100011|100|010 0x08E2
0 1 0100100|100|100 0x0924
1 0 0100101|000|111 0x0947
1 1 0101100|101|001 0x0B29
2 0 0100110|101|100 0x09AC
3 0 0000000|000|100 0x0004
3 1 0100111|010|010 0x09D2
3 2 0101000|100|011 0x0A23
4 0 0010111|010|011 0x05D3
4 1 0011000|010|100 0x0614
5 0 0000100|100|001 0x0121
5 1 0000110|001|010 0x018A
5 2 0000111|100|010 0x01E2
5 3 0001011|001|110 0x02CE
5 4 0011001|011|001 0x0659
5 5 0011010|110|001 0x06B1
5 6 0011011|101|010 0x06EA
5 7 0011100|101|010 0x072A
5 8 0011101|010|100 0x0754
5 9 0011110|001|100 0x078C
5 a 0011111|001|110 0x07CE
6 0 0010001|100|011 0x0463
6 1 0010100|100|111 0x0527
6 2 0100001|001|101 0x084D
6 3 0100010|100|110 0x08A6
BX = 101 Event : 78
0 0 0011000|100|101 0x0625
0 1 0100011|100|101 0x08E5
1 0 0011001|100|010 0x0662
1 1 0011010|001|110 0x068E
2 0 0011100|001|100 0x070C
3 0 0011110|100|011 0x07A3
3 1 0011111|101|011 0x07EB
3 2 0100000|000|011 0x0803
4 0 0000001|001|110 0x004E
4 1 0000010|010|110 0x0096
4 2 0000011|000|110 0x00C6
4 3 0010000|101|101 0x042D
4 4 0010001|001|101 0x044D
4 5 0010010|101|101 0x04AD
4 6 0100010|001|011 0x088B
5 0 0000111|100|011 0x01E3
6 0 0010101|001|001 0x0549
7 0 0001111|100|110 0x03E6
BX = 110 Event : 79
0 0 0010111|000|001 0x05C1
0 1 0011000|000|011 0x0603
0 2 0100110|100|011 0x09A3
3 0 0000001|101|111 0x006F
4 0 0000100|100|001 0x0121
4 1 0000110|001|011 0x018B
4 2 0000111|101|011 0x01EB
4 3 0001000|001|011 0x020B
4 4 0011110|101|000 0x07A8
4 5 0100001|101|010 0x086A
4 6 0100010|101|010 0x08AA
5 0 0010000|110|001 0x0431
5 1 0010001|001|011 0x044B
5 2 0010010|110|101 0x04B5
6 0 0001101|000|111 0x0347
7 0 0001111|100|111 0x03E7
7 1 0010011|100|111 0x04E7
7 2 0010100|001|111 0x050F
7 3 0010101|001|111 0x054F
BX = 111 Event : 80
1 0 0100111|000|000 0x09C0
1 1 0101001|000|011 0x0A43
1 2 0110100|100|100 0x0D24
2 0 0101010|001|001 0x0A89
2 1 0101011|011|101 0x0ADD
2 2 0101100|101|101 0x0B2D
2 3 0110110|010|001 0x0D91
2 4 0111010|010|110 0x0E96
3 0 0000010|000|100 0x0084
3 1 0000011|000|111 0x00C7
3 2 1000001|101|010 0x106A
4 0 0000101|010|100 0x0154
4 1 0000111|101|100 0x01EC
4 2 0001010|100|101 0x02A5
4 3 0011011|110|011 0x06F3
4 4 0011100|100|100 0x0724
4 5 0011101|010|101 0x0755
4 6 0011110|010|101 0x0795
5 0 0010101|101|101 0x056D
5 1 0100000|100|001 0x0821
5 2 0100001|011|001 0x0859
5 3 0100010|100|011 0x08A3
6 0 0100011|001|110 0x08CE
7 0 0100101|000|001 0x0941
7 1 0100110|100|001 0x09A1
BX = 000 Event : 81
0 0 0011000|001|000 0x0608
0 1 0011001|000|100 0x0644
0 2 0011010|000|110 0x0686
0 3 0110001|100|100 0x0C64
0 4 0110010|000|111 0x0C87
1 0 0011011|001|001 0x06C9
1 1 0110100|100|000 0x0D20
1 2 0110101|101|001 0x0D69
1 3 0111000|101|110 0x0E2E
2 0 0011100|000|000 0x0700
2 1 0011101|001|001 0x0749
2 2 1000111|110|111 0x11F7
3 0 0000001|000|111 0x0047
3 1 0011110|101|000 0x07A8
3 2 0011111|110|000 0x07F0
3 3 0100000|000|001 0x0801
3 4 0100001|001|001 0x0849
3 5 0100010|100|010 0x08A2
3 6 1001011|110|001 0x12F1
3 7 1001100|101|001 0x1329
3 8 1001110|101|010 0x13AA
4 0 0000011|001|000 0x00C8
4 1 0000100|100|000 0x0120
4 2 0010000|101|011 0x042B
4 3 0010001|100|100 0x0464
5 0 0001101|110|110 0x0376
5 1 0010011|010|100 0x04D4
6 0 0001110|000|110 0x0386
6 1 0010100|100|110 0x0526
6 2 0010101|000|110 0x0546
7 0 0010110|100|100 0x05A4
BX = 001 Event : 82
0 0 0101010|100|001 0x0AA1
2 0 0011111|000|001 0x07C1
2 1 0100000|000|100 0x0804
3 0 0000000|000|100 0x0004
3 1 0000001|001|100 0x004C
3 2 0000010|101|100 0x00AC
3 3 0100010|010|010 0x0892
3 4 0100011|001|010 0x08CA
4 0 0000011|000|010 0x00C2
4 1 0000101|000|011 0x0143
4 2 0000111|000|101 0x01C5
4 3 0010101|101|101 0x056D
4 4 0010110|101|110 0x05AE
4 5 0010111|101|110 0x05EE
4 6 0011000|011|111 0x061F
5 0 0001001|100|000 0x0260
5 1 0001010|100|000 0x02A0
5 2 0001101|101|101 0x036D
6 0 0001110|000|010 0x0382
6 1 0011001|000|001 0x0641
6 2 0011010|100|001 0x06A1
7 0 0011011|001|000 0x06C8
BX = 010 Event : 83
0 0 0100011|001|000 0x08C8
0 1 0100100|000|011 0x0903
0 2 0100101|000|011 0x0943
1 0 1000000|100|101 0x1025
1 1 1000001|101|110 0x106E
1 2 1000010|101|110 0x10AE
2 0 0100110|010|001 0x0991
2 1 0100111|101|011 0x09EB
2 2 0101000|010|011 0x0A13
2 3 0101001|001|011 0x0A4B
3 0 0000001|000|011 0x0043
3 1 0000010|101|011 0x00AB
3 2 0101010|010|010 0x0A92
3 3 0101011|010|100 0x0AD4
4 0 0011001|110|111 0x0677
4 1 0011010|000|111 0x0687
4 2 0110100|001|000 0x0D08
4 3 0110101|100|001 0x0D61
4 4 0110110|100|001 0x0DA1
4 5 0110111|000|001 0x0DC1
4 6 0111100|100|100 0x0F24
5 0 0011011|000|100 0x06C4
5 1 0011100|110|110 0x0736
5 2 0011101|101|110 0x076E
6 0 0010000|101|000 0x0428
6 1 0010001|101|000 0x0468
6 2 0010100|001|111 0x050F
6 3 0011110|000|000 0x0780
6 4 0011111|001|000 0x07C8
6 5 0100000|000|100 0x0804
6 6 0100001|001|111 0x084F
7 0 0010110|000|110 0x0586
7 1 0100010|100|110 0x08A6
BX = 011 Event : 84
0 0 0011000|100|100 0x0624
1 0 0011001|100|011 0x0663
1 1 0011010|001|101 0x068D
1 2 0101011|100|011 0x0AE3
2 0 0011011|110|001 0x06F1
2 1 0011100|010|001 0x0711
2 2 0011101|101|011 0x076B
2 3 0011111|010|101 0x07D5
2 4 0100000|100|111 0x0827
2 5 0100001|001|111 0x084F
2 6 0110011|100|010 0x0CE2
2 7 0110111|000|011 0x0DC3
2 8 0111100|010|101 0x0F15
3 0 0100010|101|010 0x08AA
3 1 0100011|001|101 0x08CD
3 2 0100100|100|110 0x0926
3 3 0100101|100|110 0x0966
4 0 0000000|010|100 0x0014
4 1 0000100|110|101 0x0135
4 2 0001011|011|100 0x02DC
4 3 0001100|011|100 0x031C
4 4 0001101|010|100 0x0354
4 5 0001110|101|100 0x03AC
4 6 0001111|110|101 0x03F5
4 7 0100110|101|000 0x09A8
5 0 0010001|100|110 0x0466
6 0 0010011|101|011 0x04EB
6 1 0010100|100|101 0x0525
6 2 0010101|101|110 0x056E
6 3 0010110|001|110 0x058E
7 0 0001001|000|011 0x0243
7 1 0001010|000|100 0x0284
7 2 0010111|000|101 0x05C5
BX = 100 Event : 85
0 0 0100111|001|000 0x09C8
0 1 0101000|101|111 0x0A2F
1 0 0101001|001|001 0x0A49
1 1 1010001|101|011 0x146B
2 0 0101010|110|011 0x0AB3
2 1 0101100|100|110 0x0B26
2 2 1011000|101|101 0x162D
2 3 1011001|010|101 0x1655
2 4 1011101|101|111 0x176F
3 0 0101110|110|000 0x0BB0
3 1 0101111|110|000 0x0BF0
3 2 0110000|001|001 0x0C09
3 3 0110001|001|001 0x0C49
3 4 0110011|010|010 0x0CD2
3 5 0110100|000|011 0x0D03
3 6 1011111|110|000 0x17F0
3 7 1100000|101|000 0x1828
3 8 1100001|011|001 0x1859
3 9 1100111|110|011 0x19F3
3 a 1101001|110|011 0x1A73
3 b 1101010|110|100 0x1AB4
4 0 0000000|101|011 0x002B
4 1 0000001|101|011 0x006B
4 2 0001000|101|111 0x022F
4 3 0011110|110|111 0x07B7
4 4 1000100|100|011 0x1123
5 0 0001001|010|001 0x0251
5 1 0001010|001|011 0x028B
5 2 0001101|110|101 0x0375
5 3 0011111|101|010 0x07EA
5 4 0100000|110|110 0x0836
5 5 0100001|000|110 0x0846
6 0 0001111|001|011 0x03CB
6 1 0010000|000|100 0x0404
6 2 0010001|001|100 0x044C
7 0 0100100|100|001 0x0921
7 1 0100101|001|111 0x094F
BX = 101 Event : 86
0 0 0011011|100|000 0x06E0
0 1 0011100|000|000 0x0700
0 2 0011101|000|011 0x0743
0 3 0011110|000|100 0x0784
0 4 0011111|001|100 0x07CC
1 0 0100000|101|000 0x0828
1 1 0100001|001|011 0x084B
1 2 0110011|100|000 0x0CE0
2 0 0100010|100|000 0x08A0
2 1 0100011|100|000 0x08E0
2 2 0100100|100|110 0x0926
3 0 0000001|010|110 0x0056
3 1 0000010|000|110 0x0086
4 0 0011001|101|110 0x066E
4 1 0011010|010|111 0x0697
4 2 0101000|101|000 0x0A28
4 3 0101100|001|000 0x0B08
5 0 0001110|100|011 0x03A3
5 1 0001111|000|100 0x03C4
BX = 110 Event : 87
1 0 0101011|101|001 0x0AE9
1 1 0110110|100|001 0x0DA1
2 0 0101101|000|011 0x0B43
2 1 1000000|000|110 0x1006
3 0 0000001|100|111 0x0067
4 0 0100001|101|100 0x086C
4 1 0100010|100|101 0x08A5
4 2 0100011|110|111 0x08F7
5 0 0001110|001|100 0x038C
5 1 0010000|010|100 0x0414
5 2 0010001|101|111 0x046F
5 3 0100100|011|001 0x0919
5 4 0100110|101|111 0x09AF
6 0 0100111|001|110 0x09CE
7 0 0011001|000|010 0x0642
7 1 0011110|100|110 0x07A6
7 2 0101000|001|000 0x0A08
7 3 0101001|100|010 0x0A62
7 4 0101010|100|110 0x0AA6
BX = 111 Event : 88
0 0 0010110|001|111 0x058F
0 1 0010111|100|111 0x05E7
3 0 0000001|010|110 0x0056
3 1 0000010|000|110 0x0086
3 2 0011010|011|000 0x0698
3 3 0011011|000|000 0x06C0
3 4 0011100|001|000 0x0708
3 5 0011101|110|011 0x0773
3 6 0011110|000|100 0x0784
4 0 0000011|000|011 0x00C3
4 1 0010010|100|011 0x04A3
5 0 0000111|110|011 0x01F3
5 1 0010011|010|000 0x04D0
6 0 0001101|100|101 0x0365
6 1 0010100|101|101 0x052D
7 0 0010001|100|111 0x0467
7 1 0010101|101|000 0x0568
BX = 000 Event : 89
0 0 0100111|001|001 0x09C9
1 0 0011101|001|011 0x074B
1 1 0011110|100|100 0x07A4
1 2 0011111|001|101 0x07CD
2 0 0100000|001|100 0x080C
3 0 0000000|101|111 0x002F
3 1 0100001|001|100 0x084C
4 0 0000010|101|000 0x00A8
4 1 0000101|000|100 0x0144
4 2 0010101|001|111 0x054F
4 3 0010110|010|111 0x0597
4 4 0100011|001|001 0x08C9
5 0 0001111|101|111 0x03EF
5 1 0010000|100|111 0x0427
6 0 0011000|001|100 0x060C
6 1 0011001|001|100 0x064C
7 0 0010011|100|010 0x04E2
7 1 0010100|001|111 0x050F
7 2 0011010|100|010 0x06A2
7 3 0011011|000|011 0x06C3
7 4 0011100|001|110 0x070E
BX = 001 Event : 90
0 0 0010111|100|000 0x05E0
1 0 0011000|000|111 0x0607
2 0 0011010|110|110 0x06B6
2 1 0011011|110|110 0x06F6
2 2 0101100|010|011 0x0B13
2 3 0101101|101|011 0x0B6B
2 4 0101110|100|011 0x0BA3
3 0 0000001|100|100 0x0064
3 1 0000010|100|101 0x00A5
3 2 0000011|101|110 0x00EE
3 3 0000100|100|111 0x0127
3 4 0011100|001|011 0x070B
3 5 0011101|001|011 0x074B
3 6 0100000|000|110 0x0806
3 7 0100001|100|110 0x0866
3 8 0101111|110|010 0x0BF2
4 0 0000110|101|110 0x01AE
4 1 0001000|101|110 0x022E
4 2 0010000|100|100 0x0424
4 3 0010001|101|110 0x046E
4 4 0010010|110|111 0x04B7
4 5 0010011|110|111 0x04F7
6 0 0010101|001|111 0x054F
7 0 0010110|001|111 0x058F
BX = 010 Event : 91
0 0 1000010|100|001 0x10A1
0 1 1000011|001|011 0x10CB
1 0 0101101|100|110 0x0B66
2 0 1000111|110|111 0x11F7
3 0 0000000|000|011 0x0003
3 1 0000001|010|101 0x0055
3 2 0000010|001|110 0x008E
3 3 0101110|100|000 0x0BA0
3 4 0101111|010|001 0x0BD1
3 5 0110000|100|010 0x0C22
3 6 0110010|001|011 0x0C8B
3 7 0110100|101|100 0x0D2C
3 8 0110110|001|110 0x0D8E
3 9 0110111|010|110 0x0DD6
4 0 0000101|100|000 0x0160
4 1 0000110|000|100 0x0184
4 2 0000111|001|100 0x01CC
4 3 0001000|001|100 0x020C
4 4 0100010|011|100 0x089C
4 5 0100011|100|111 0x08E7
4 6 0100100|101|111 0x092F
4 7 0100101|101|111 0x096F
5 0 0010110|000|100 0x0584
5 1 0010111|101|100 0x05EC
5 2 0011001|100|111 0x0667
5 3 0100110|110|000 0x09B0
5 4 0100111|100|000 0x09E0
6 0 0011010|001|010 0x068A
6 1 0101000|001|010 0x0A0A
6 2 0101001|001|011 0x0A4B
6 3 0101010|101|100 0x0AAC
7 0 0101011|001|110 0x0ACE
BX = 011 Event : 92
0 0 0011001|001|111 0x064F
0 1 0011010|100|111 0x06A7
1 0 0101011|101|111 0x0AEF
3 0 0000001|010|110 0x0056
3 1 0000010|100|110 0x00A6
3 2 0000011|001|110 0x00CE
3 3 0011101|011|000 0x0758
3 4 0011110|000|000 0x0780
3 5 0011111|010|000 0x07D0
3 6 0100000|110|000 0x0830
4 0 0000100|001|011 0x010B
4 1 0010100|100|011 0x0523
5 0 0001000|110|011 0x0233
5 1 0010101|010|000 0x0550
6 0 0001101|100|101 0x0365
6 1 0001110|001|111 0x038F
6 2 0010110|101|101 0x05AD
7 0 0010011|100|111 0x04E7
7 1 0010111|101|000 0x05E8
7 2 0011000|001|110 0x060E
BX = 100 Event : 93
0 0 0101110|100|101 0x0BA5
0 1 0101111|000|110 0x0BC6
0 2 0110000|000|111 0x0C07
1 0 1001011|100|110 0x12E6
2 0 0110001|110|001 0x0C71
2 1 0110010|000|001 0x0C81
2 2 0110100|000|010 0x0D02
2 3 1001100|100|000 0x1320
2 4 1001111|110|010 0x13F2
2 5 1010001|101|011 0x146B
2 6 1010111|110|111 0x15F7
3 0 0000000|100|011 0x0023
3 1 0000001|000|011 0x0043
3 2 0000010|001|100 0x008C
3 3 0000011|001|101 0x00CD
3 4 0000100|010|110 0x0116
3 5 0110110|010|001 0x0D91
3 6 0110111|010|001 0x0DD1
3 7 0111000|000|001 0x0E01
3 8 0111010|010|100 0x0E94
3 9 0111011|000|101 0x0EC5
4 0 0000110|000|001 0x0181
4 1 0000111|001|001 0x01C9
4 2 0100011|011|110 0x08DE
4 3 1000001|101|000 0x1068
5 0 0001101|110|000 0x0370
5 1 0010000|110|001 0x0431
5 2 0010100|010|111 0x0517
5 3 0100100|110|010 0x0932
6 0 0010101|100|001 0x0561
6 1 0011011|001|111 0x06CF
6 2 0100110|101|001 0x09A9
6 3 0100111|000|111 0x09C7
7 0 0011111|100|011 0x07E3
7 1 0100001|100|100 0x0864
7 2 0100010|001|111 0x088F
7 3 0101000|001|100 0x0A0C
7 4 0101001|100|101 0x0A65
7 5 0101010|000|111 0x0A87
7 6 0101011|000|111 0x0AC7
7 7 0101100|001|111 0x0B0F
7 8 0101101|100|111 0x0B67
BX = 101 Event : 94
0 0 0011010|100|000 0x06A0
2 0 0011100|110|110 0x0736
2 1 0011101|110|110 0x0776
2 2 0100111|001|011 0x09CB
2 3 0101000|010|011 0x0A13
2 4 0101001|000|011 0x0A43
2 5 0101010|101|011 0x0AAB
2 6 0101011|100|011 0x0AE3
3 0 0000000|000|100 0x0004
3 1 0000001|100|101 0x0065
3 2 0011111|100|110 0x07E6
4 0 0000011|001|100 0x00CC
4 1 0000111|101|110 0x01EE
4 2 0001010|101|110 0x02AE
4 3 0001101|110|111 0x0377
4 4 0010010|100|100 0x04A4
4 5 0010011|101|110 0x04EE
4 6 0010100|110|111 0x0537
4 7 0010101|110|111 0x0577
5 0 0001110|101|000 0x03A8
5 1 0010110|101|000 0x05A8
6 0 0010111|001|111 0x05CF
7 0 0011000|001|111 0x060F
BX = 110 Event : 95
0 0 0111010|000|111 0x0E87
1 0 0100101|101|011 0x096B
2 0 0100110|010|011 0x0993
2 1 0101001|000|100 0x0A44
3 0 0101010|010|000 0x0A90
3 1 0101100|101|100 0x0B2C
3 2 0101111|100|100 0x0BE4
3 3 1000001|101|000 0x1068
4 0 0000110|000|100 0x0184
4 1 0000111|010|110 0x01D6
4 2 0011001|000|100 0x0644
4 3 0011010|000|101 0x0685
4 4 0011011|110|101 0x06F5
4 5 0011100|001|110 0x070E
4 6 0011101|001|110 0x074E
4 7 0110010|000|010 0x0C82
4 8 0110100|000|011 0x0D03
4 9 0110110|100|100 0x0DA4
4 a 0110111|000|100 0x0DC4
5 0 0001100|100|010 0x0322
5 1 0011110|100|010 0x07A2
6 0 0010101|100|101 0x0565
6 1 0010110|000|111 0x0587
6 2 0100000|001|100 0x080C
6 3 0100001|101|110 0x086E
6 4 0100010|100|110 0x08A6
7 0 0010111|000|000 0x05C0
7 1 0011000|100|100 0x0624
7 2 0100100|001|100 0x090C
BX = 111 Event : 96
2 0 0010000|011|111 0x041F
2 1 0010001|011|110 0x045E
2 2 0100100|000|110 0x0906
2 3 0100110|101|111 0x09AF
3 0 0010010|011|001 0x0499
3 1 0100111|110|010 0x09F2
4 0 0000000|001|001 0x0009
4 1 0000001|100|100 0x0064
4 2 0001001|101|100 0x026C
4 3 0001010|001|101 0x028D
4 4 0001011|001|111 0x02CF
6 0 0001000|000|010 0x0202
6 1 0001100|100|001 0x0321
6 2 0001101|100|010 0x0362
7 0 0001110|000|000 0x0380
BX = 000 Event : 97
0 0 0011101|100|000 0x0760
0 1 0101111|000|000 0x0BC0
1 0 0011111|100|010 0x07E2
1 1 0100000|001|110 0x080E
2 0 0100001|000|011 0x0843
2 1 0100010|001|100 0x088C
2 2 0100011|101|110 0x08EE
3 0 0000000|010|101 0x0015
3 1 0100101|100|011 0x0963
3 2 0100110|101|011 0x09AB
3 3 0100111|000|011 0x09C3
4 0 0000010|010|110 0x0096
4 1 0000100|000|110 0x0106
4 2 0010011|101|100 0x04EC
4 3 0010100|101|101 0x052D
4 4 0010101|001|101 0x054D
4 5 0010110|101|101 0x05AD
4 6 0101110|001|011 0x0B8B
5 0 0001000|101|011 0x022B
5 1 0001101|101|101 0x036D
5 2 0011000|101|011 0x062B
5 3 0011010|101|101 0x06AD
5 4 0011011|110|101 0x06F5
6 0 0011100|001|001 0x0709
BX = 001 Event : 98
1 0 0101111|100|011 0x0BE3
1 1 0110001|000|101 0x0C45
2 0 0100001|010|010 0x0852
3 0 0000001|101|110 0x006E
3 1 0000010|100|110 0x00A6
3 2 0000011|000|110 0x00C6
3 3 0000100|100|110 0x0126
3 4 0000101|000|111 0x0147
3 5 0111100|110|010 0x0F32
4 0 0001001|001|001 0x0249
4 1 0011111|010|111 0x07D7
4 2 0100111|001|001 0x09C9
4 3 0101000|101|010 0x0A2A
5 0 0100000|100|010 0x0822
BX = 010 Event : 99
0 0 0100111|000|101 0x09C5
0 1 0101000|000|111 0x0A07
0 2 0111000|000|101 0x0E05
0 3 0111001|001|111 0x0E4F
1 0 0101011|100|011 0x0AE3
2 0 0101100|100|100 0x0B24
2 1 0101101|011|101 0x0B5D
2 2 0101110|101|101 0x0BAD
2 3 0111110|010|110 0x0F96
3 0 0000100|000|100 0x0104
3 1 0000110|000|111 0x0187
3 2 0110001|101|111 0x0C6F
3 3 1000110|101|010 0x11AA
4 0 0000111|100|011 0x01E3
4 1 0001010|010|100 0x0294
4 2 0001100|101|100 0x032C
4 3 0011111|101|100 0x07EC
4 4 0100000|010|101 0x0815
5 0 0100010|000|101 0x0885
6 0 0100011|001|110 0x08CE
7 0 0100101|000|001 0x0941
7 1 0100110|100|001 0x09A1
BX = 011 Event : 100
0 0 0010000|000|101 0x0405
2 0 0010001|010|001 0x0451
2 1 0100011|010|001 0x08D1
3 0 0000000|000|100 0x0004
3 1 0000001|001|101 0x004D
3 2 0010100|101|100 0x052C
3 3 0100101|010|000 0x0950
4 0 0000010|001|000 0x0088
4 1 0001011|010|011 0x02D3
4 2 0011011|101|000 0x06E8
5 0 0000111|110|011 0x01F3
5 1 0001100|001|001 0x0309
5 2 0001111|010|110 0x03D6
