BX = 000 Event : 1
0 0 0010010|0000|011 0x0903
0 1 0010110|0001|110 0x0B0E
1 0 0011100|0000|001 0x0E01
1 1 0011110|0101|011 0x0F2B
1 2 0100000|0011|001 0x1019
1 3 0100101|0010|110 0x1296
1 4 0100110|0101|110 0x132E
1 5 0100111|0101|101 0x13AD
1 6 0101010|0100|111 0x1527
1 7 0101011|0101|111 0x15AF
2 0 0101001|0010|000 0x1490
2 1 0101111|0011|110 0x179E
3 0 0101110|0011|000 0x1718
4 0 0000100|0011|010 0x021A
5 0 0000111|0011|000 0x0398
6 0 0001001|1100|001 0x04E1
6 1 0001011|1011|001 0x05D9
6 2 0001111|1100|010 0x07E2
8 0 0111010|0000|000 0x1D00
8 1 0111100|0101|101 0x1E2D
8 2 1000011|0100|111 0x21A7
9 0 1000100|0101|010 0x222A
9 1 1000101|0011|001 0x2299
a 0 1000111|0110|010 0x23B2
b 0 0110000|1010|101 0x1855
b 1 0110001|1010|101 0x18D5
b 2 0110010|1000|101 0x1945
c 0 0110100|0000|010 0x1A02
c 1 0110101|1010|110 0x1AD6
c 2 0110110|1010|111 0x1B57
e 0 0110111|0100|110 0x1BA6
BX = 001 Event : 2
0 0 0001111|0100|110 0x07A6
0 1 0010001|0001|100 0x088C
0 2 0011001|0010|111 0x0C97
0 3 0011010|0000|111 0x0D07
1 0 0010101|0010|001 0x0A91
1 1 0010111|0010|000 0x0B90
1 2 0011110|0001|001 0x0F09
1 3 0100001|0000|100 0x1084
1 4 0100010|0000|011 0x1103
1 5 0100101|0110|110 0x12B6
3 0 0000000|0010|101 0x0015
3 1 0000010|1011|100 0x015C
5 0 0001000|0011|011 0x041B
6 0 0001010|1000|110 0x0546
6 1 0001011|0101|110 0x05AE
8 0 1000100|0010|111 0x2217
8 1 1000101|0100|111 0x22A7
a 0 1001101|0101|001 0x26A9
a 1 1010000|0100|001 0x2821
b 0 0101101|1001|100 0x16CC
b 1 1010100|0010|010 0x2A12
b 2 1010101|0001|001 0x2A89
b 3 1010110|0100|001 0x2B21
c 0 0110001|0011|110 0x189E
c 1 0110101|0100|111 0x1AA7
d 0 0110010|1011|011 0x195B
BX = 010 Event : 3
0 0 0001010|0001|110 0x050E
0 1 0001011|0001|101 0x058D
0 2 0001100|0010|101 0x0615
0 3 0001110|0010|101 0x0715
0 4 0001111|0101|101 0x07AD
1 0 0010101|0101|011 0x0AAB
1 1 0010111|0001|101 0x0B8D
1 2 0011000|0010|100 0x0C14
1 3 0011001|0101|011 0x0CAB
1 4 0011011|0101|110 0x0DAE
1 5 0011100|0110|110 0x0E36
2 0 0011110|0101|011 0x0F2B
2 1 0011111|0001|001 0x0F89
2 2 0100000|0001|001 0x1009
3 0 0100110|0011|001 0x1319
4 0 0000000|1011|000 0x0058
4 1 0000101|0011|010 0x029A
8 0 0110100|0010|100 0x1A14
8 1 0110110|0101|100 0x1B2C
8 2 0110111|0001|100 0x1B8C
8 3 0111001|0001|111 0x1C8F
8 4 0111100|0001|111 0x1E0F
8 5 0111101|0010|110 0x1E96
9 0 0111000|0001|001 0x1C09
9 1 1000001|0011|010 0x209A
9 2 1000011|0100|001 0x21A1
9 3 1000110|0100|001 0x2321
9 4 1001000|0000|100 0x2404
9 5 1001001|0101|100 0x24AC
b 0 0100111|0011|111 0x139F
c 0 0101000|0011|110 0x141E
c 1 0101001|1010|010 0x14D2
c 2 0101010|0010|010 0x1512
d 0 0101100|1010|101 0x1655
BX = 011 Event : 4
0 0 0001111|0100|010 0x07A2
1 0 0011101|0101|110 0x0EAE
2 0 0100001|0110|001 0x10B1
2 1 0100011|0101|110 0x11AE
5 0 0000100|0011|000 0x0218
6 0 0001101|0011|110 0x069E
8 0 0101111|0000|010 0x1782
8 1 0110000|0100|110 0x1826
9 0 0110010|0000|001 0x1901
9 1 0110100|0001|001 0x1A09
9 2 0110101|0100|001 0x1AA1
9 3 0110110|0100|000 0x1B20
9 4 0110111|0010|000 0x1B90
9 5 1000000|0101|110 0x202E
9 6 1000001|0110|101 0x20B5
9 7 1000011|0110|110 0x21B6
a 0 1001101|0101|110 0x26AE
b 0 0100101|0000|111 0x1287
b 1 0100110|1001|111 0x134F
b 2 0100111|0011|111 0x139F
b 3 0101000|0000|111 0x1407
c 0 0101010|0001|010 0x150A
c 1 0101011|0010|010 0x1592
c 2 0101100|0000|010 0x1602
e 0 0101110|1010|011 0x1753
BX = 100 Event : 5
0 0 0001010|0000|011 0x0503
0 1 0001110|0000|010 0x0702
0 2 0010001|0101|100 0x08AC
0 3 0010011|0100|100 0x09A4
0 4 0010101|0001|011 0x0A8B
0 5 0011010|0001|111 0x0D0F
1 0 0011111|0110|111 0x0FB7
1 1 0100000|0100|110 0x1026
2 0 0100011|0010|111 0x1197
2 1 0100100|0011|110 0x121E
5 0 0000100|0011|011 0x021B
5 1 0000101|0010|000 0x0290
8 0 0110100|0010|111 0x1A17
9 0 0110010|0100|000 0x1920
9 1 0110111|0100|010 0x1BA2
9 2 0111000|0010|010 0x1C12
9 3 0111011|0011|110 0x1D9E
a 0 0111101|0110|101 0x1EB5
a 1 0111110|0101|100 0x1F2C
a 2 1000010|0110|110 0x2136
b 0 0100101|0011|111 0x129F
d 0 0101000|1000|010 0x1442
BX = 101 Event : 6
0 0 0001110|0101|011 0x072B
1 0 0010101|0101|001 0x0AA9
2 0 0011110|0101|111 0x0F2F
3 0 0011111|0101|010 0x0FAA
4 0 0000100|1010|101 0x0255
5 0 0000111|1001|110 0x03CE
8 0 0110001|0010|100 0x1894
8 1 0110010|0101|100 0x192C
8 2 0111011|0010|111 0x1D97
8 3 0111100|0001|111 0x1E0F
8 4 0111101|0100|111 0x1EA7
9 0 0110101|0010|001 0x1A91
9 1 0110111|0101|001 0x1BA9
9 2 0111110|0000|010 0x1F02
9 3 1000001|0100|001 0x20A1
9 4 1000011|0010|110 0x2196
9 5 1000100|0000|101 0x2205
9 6 1000101|0010|100 0x2294
9 7 1000111|0001|111 0x238F
b 0 0100010|0010|111 0x1117
c 0 0101000|1010|010 0x1452
d 0 0101001|1011|010 0x14DA
d 1 0101010|0011|010 0x151A
BX = 110 Event : 7
0 0 0001111|0000|001 0x0781
0 1 0010000|0100|110 0x0826
0 2 0010100|0001|100 0x0A0C
0 3 0010110|0010|011 0x0B13
1 0 0011111|0101|001 0x0FA9
1 1 0100000|0001|001 0x1009
1 2 0100001|0001|001 0x1089
1 3 0100011|0010|000 0x1190
1 4 0100100|0100|011 0x1223
1 5 0100101|0101|001 0x12A9
2 0 0101101|0100|010 0x16A2
2 1 0101111|0010|010 0x1792
2 2 0110000|0000|001 0x1801
3 0 0111000|0101|000 0x1C28
6 0 0000100|1001|001 0x0249
6 1 0000101|0001|010 0x028A
8 0 1001000|0101|100 0x242C
8 1 1001001|0100|011 0x24A3
8 2 1001100|0101|111 0x262F
9 0 1010010|0001|010 0x290A
a 0 1011111|0101|110 0x2FAE
b 0 0111011|1001|111 0x1DCF
b 1 0111100|0011|111 0x1E1F
b 2 0111111|1000|101 0x1FC5
c 0 0111101|1001|000 0x1EC8
c 1 1000011|0001|010 0x218A
c 2 1000100|1010|010 0x2252
e 0 1000101|0010|110 0x2296
e 1 1000110|0101|110 0x232E
BX = 111 Event : 8
0 0 0001111|0101|100 0x07AC
0 1 0010000|0010|100 0x0814
0 2 0010010|0100|011 0x0923
0 3 0010111|0101|110 0x0BAE
1 0 0010101|0101|000 0x0AA8
1 1 0011010|0101|011 0x0D2B
1 2 0011011|0001|011 0x0D8B
1 3 0011100|0110|001 0x0E31
1 4 0011101|0101|001 0x0EA9
1 5 0011111|0000|011 0x0F83
1 6 0100010|0001|111 0x110F
1 7 0100011|0010|110 0x1196
1 8 0100100|0100|110 0x1226
2 0 0101001|0000|100 0x1484
2 1 0101010|0001|100 0x150C
3 0 0000001|0011|101 0x009D
3 1 0101110|0111|010 0x173A
3 2 0101111|0000|001 0x1781
8 0 0111000|0100|110 0x1C26
8 1 0111011|0101|101 0x1DAD
8 2 0111101|0100|100 0x1EA4
8 3 1000111|0101|110 0x23AE
9 0 1001110|0101|011 0x272B
9 1 1010000|0010|001 0x2811
9 2 1010001|0110|001 0x28B1
9 3 1010011|0110|001 0x29B1
9 4 1010100|0000|001 0x2A01
9 5 1011010|0101|100 0x2D2C
9 6 1011011|0010|111 0x2D97
a 0 1011111|0010|101 0x2F95
a 1 1100000|0011|110 0x301E
d 0 0110011|0011|010 0x199A
d 1 0110101|0011|101 0x1A9D
e 0 0110100|0000|000 0x1A00
BX = 000 Event : 9
1 0 0010100|0010|110 0x0A16
1 1 0011000|0101|110 0x0C2E
1 2 0011001|0001|110 0x0C8E
2 0 0011010|0001|100 0x0D0C
2 1 0011100|0100|111 0x0E27
3 0 0000000|0000|101 0x0005
3 1 0000001|1010|101 0x00D5
3 2 0000010|0010|100 0x0114
5 0 0000011|1000|000 0x01C0
5 1 0000100|0010|000 0x0210
8 0 0101011|0000|101 0x1585
8 1 0110001|0010|111 0x1897
8 2 0110011|0101|110 0x19AE
8 3 0110100|0100|110 0x1A26
9 0 0101110|0010|001 0x1711
b 0 0011110|1010|100 0x0F54
b 1 0100000|1010|101 0x1055
c 0 0011111|1001|000 0x0FC8
e 0 0100111|0011|011 0x139B
BX = 001 Event : 10
0 0 0001010|0001|100 0x050C
0 1 0001011|0100|100 0x05A4
1 0 0010001|0101|011 0x08AB
1 1 0010010|0001|010 0x090A
1 2 0010011|0000|011 0x0983
3 0 0010100|0011|000 0x0A18
8 0 0100100|0010|100 0x1214
8 1 0100101|0001|100 0x128C
9 0 0101000|0010|110 0x1416
b 0 0101111|0010|000 0x1790
b 1 0110001|0011|011 0x189B
BX = 010 Event : 11
1 0 0010100|0101|001 0x0A29
1 1 0011101|0010|100 0x0E94
1 2 0011110|0001|100 0x0F0C
4 0 0000011|1000|010 0x01C2
4 1 0000100|0000|010 0x0202
4 2 0001000|0001|111 0x040F
5 0 0001001|0000|000 0x0480
8 0 0101101|0000|001 0x1681
9 0 0111101|0010|010 0x1E92
9 1 0111111|0110|111 0x1FB7
b 0 1000011|0001|001 0x2189
e 0 0101100|1000|110 0x1646
BX = 011 Event : 12
0 0 0001111|0000|010 0x0782
0 1 0011000|0001|111 0x0C0F
0 2 0011001|0000|111 0x0C87
1 0 0100000|0101|011 0x102B
1 1 0100101|0000|001 0x1281
1 2 0101100|0001|100 0x160C
1 3 0110001|0011|110 0x189E
2 0 0110010|0110|011 0x1933
2 1 0110011|0101|010 0x19AA
3 0 0000101|1011|100 0x02DC
4 0 0000000|1001|000 0x0048
4 1 0000010|0011|000 0x0118
4 2 0000011|1010|000 0x01D0
5 0 0001001|0000|000 0x0480
6 0 0001011|1001|001 0x05C9
8 0 0111111|0000|001 0x1F81
8 1 1000001|0000|001 0x2081
8 2 1000010|0000|000 0x2100
8 3 1000101|0101|110 0x22AE
8 4 1000111|0010|100 0x2394
9 0 1001100|0010|110 0x2616
a 0 1010001|0010|010 0x2892
a 1 1010010|0011|010 0x291A
b 0 0111001|0010|101 0x1C95
c 0 0111010|1001|110 0x1D4E
c 1 0111100|0011|111 0x1E1F
BX = 100 Event : 13
0 0 0010000|0101|111 0x082F
1 0 0010010|0101|011 0x092B
1 1 0010100|0101|001 0x0A29
1 2 0010111|0101|011 0x0BAB
2 0 0011000|0110|100 0x0C34
2 1 0011001|0001|110 0x0C8E
3 0 0000000|0000|101 0x0005
3 1 0000001|1000|100 0x00C4
3 2 0000010|1010|100 0x0154
4 0 0000110|1010|010 0x0352
5 0 0001000|1010|011 0x0453
8 0 0100100|0001|110 0x120E
8 1 0100110|0010|100 0x1314
9 0 0101000|0100|001 0x1421
9 1 0101001|0100|001 0x14A1
9 2 0101010|0100|001 0x1521
9 3 0101011|0001|010 0x158A
9 4 0110010|0101|100 0x192C
a 0 0110011|0010|010 0x1992
BX = 101 Event : 14
0 0 0010000|0001|101 0x080D
0 1 0010101|0010|100 0x0A94
1 0 0011110|0110|011 0x0F33
1 1 0011111|0010|001 0x0F91
1 2 0100000|0101|001 0x1029
2 0 0100110|0001|100 0x130C
2 1 0100111|0111|011 0x13BB
3 0 0000000|0010|101 0x0015
3 1 0000001|1000|101 0x00C5
4 0 0001001|0100|111 0x04A7
4 1 0001010|1011|111 0x055F
5 0 0001011|1011|000 0x05D8
a 0 1010011|0111|101 0x29BD
a 1 1010101|0110|110 0x2AB6
c 0 0101110|0010|000 0x1710
c 1 0101111|1001|101 0x17CD
c 2 0110000|0010|101 0x1815
c 3 0110010|0001|110 0x190E
c 4 0110101|0010|111 0x1A97
d 0 0110100|0001|000 0x1A08
BX = 110 Event : 15
0 0 0010010|0101|101 0x092D
1 0 0010101|0110|100 0x0AB4
1 1 0010111|0100|011 0x0BA3
1 2 0011000|0101|101 0x0C2D
2 0 0011010|0101|001 0x0D29
3 0 0000000|0011|101 0x001D
3 1 0011011|0111|001 0x0DB9
4 0 0000011|0010|010 0x0192
4 1 0000100|0001|010 0x020A
5 0 0000110|0010|000 0x0310
6 0 0001001|0100|001 0x04A1
8 0 0100111|0010|011 0x1393
8 1 0101010|0101|111 0x152F
9 0 0110000|0001|010 0x180A
d 0 0011111|1011|011 0x0FDB
d 1 0100001|0001|101 0x108D
BX = 111 Event : 16
0 0 0001001|0100|010 0x04A2
0 1 0001011|0000|001 0x0581
0 2 0001101|0001|100 0x068C
0 3 0001111|0100|011 0x07A3
0 4 0010001|0010|111 0x0897
0 5 0010011|0100|110 0x09A6
1 0 0011000|0010|100 0x0C14
2 0 0011010|0100|010 0x0D22
3 0 0011011|0010|000 0x0D90
3 1 0011100|0011|001 0x0E19
4 0 0000000|0011|010 0x001A
5 0 0000001|1000|000 0x00C0
8 0 0101101|0000|000 0x1680
8 1 0101110|0000|000 0x1700
8 2 0110001|0101|110 0x18AE
8 3 0111001|0001|111 0x1C8F
8 4 0111011|0101|110 0x1DAE
a 0 0111111|0010|010 0x1F92
b 0 0011101|1000|111 0x0EC7
b 1 0011110|1010|111 0x0F57
c 0 0100100|1000|111 0x1247
d 0 0100010|0010|011 0x1113
e 0 0101001|0001|110 0x148E
BX = 000 Event : 17
0 0 0001010|0000|001 0x0501
0 1 0010011|0101|111 0x09AF
1 0 0010110|0000|011 0x0B03
1 1 0010111|0101|011 0x0BAB
1 2 0011001|0010|101 0x0C95
1 3 0011010|0001|101 0x0D0D
1 4 0011011|0101|101 0x0DAD
1 5 0011100|0101|100 0x0E2C
1 6 0011110|0101|111 0x0F2F
1 7 0011111|0011|110 0x0F9E
2 0 0100001|0010|010 0x1092
2 1 0100101|0011|100 0x129C
2 2 0100110|0000|011 0x1303
3 0 0000000|1010|101 0x0055
3 1 0100111|0011|001 0x1399
8 0 0110001|0000|001 0x1881
8 1 0110011|0001|101 0x198D
8 2 0110100|0000|100 0x1A04
8 3 0110110|0101|011 0x1B2B
8 4 0110111|0001|111 0x1B8F
8 5 0111000|0001|111 0x1C0F
9 0 0111011|0000|011 0x1D83
9 1 0111101|0001|010 0x1E8A
9 2 1000000|0110|011 0x2033
e 0 0101101|0100|001 0x16A1
BX = 001 Event : 18
0 0 0000101|0100|100 0x02A4
1 0 0001000|0100|100 0x0424
1 1 0001010|0010|011 0x0513
1 2 0001011|0000|010 0x0582
3 0 0010011|0101|010 0x09AA
3 1 0010100|0001|001 0x0A09
8 0 0100000|0000|010 0x1002
8 1 0101010|0001|101 0x150D
8 2 0101110|0100|111 0x1727
9 0 0110011|0110|011 0x19B3
9 1 0110111|0110|110 0x1BB6
9 2 0111000|0001|110 0x1C0E
9 3 1000010|0101|110 0x212E
9 4 1000011|0101|110 0x21AE
BX = 010 Event : 19
0 0 0010110|0000|011 0x0B03
0 1 0010111|0001|110 0x0B8E
0 2 0011101|0001|100 0x0E8C
0 3 0100010|0001|110 0x110E
1 0 0100100|0010|010 0x1212
3 0 0101111|0010|010 0x1792
4 0 0000000|0001|000 0x0008
4 1 0001000|1011|010 0x045A
4 2 0001011|1010|010 0x05D2
4 3 0001100|0010|010 0x0612
8 0 0110111|0000|010 0x1B82
8 1 1000000|0001|111 0x200F
9 0 0111111|0000|000 0x1F80
9 1 1000011|0101|011 0x21AB
9 2 1000111|0011|001 0x2399
9 3 1001100|0101|110 0x262E
9 4 1001110|0100|011 0x2723
a 0 1010001|0110|001 0x28B1
a 1 1010011|0101|001 0x29A9
a 2 1010100|0101|100 0x2A2C
b 0 0110000|1001|111 0x184F
b 1 0110001|0000|101 0x1885
d 0 0110011|0010|010 0x1992
d 1 0110101|0100|101 0x1AA5
BX = 011 Event : 20
0 0 0010000|0101|011 0x082B
1 0 0010111|0100|111 0x0BA7
2 0 0010110|0011|000 0x0B18
3 0 0000011|0001|100 0x018C
4 0 0000000|0001|000 0x0008
6 0 0001000|0011|001 0x0419
6 1 0001001|1100|001 0x04E1
6 2 0001011|1001|111 0x05CF
6 3 0001101|1010|010 0x06D2
8 0 0100101|0101|011 0x12AB
9 0 0101001|0100|001 0x14A1
9 1 0101010|0001|100 0x150C
b 0 0011010|1000|111 0x0D47
c 0 0011110|1010|010 0x0F52
c 1 0011111|1011|010 0x0FDA
e 0 0100001|0101|010 0x10AA
e 1 0100010|1001|011 0x114B
BX = 100 Event : 21
0 0 0010000|0100|100 0x0824
0 1 0010101|0001|110 0x0A8E
1 0 0011000|0010|010 0x0C12
1 1 0011010|0001|110 0x0D0E
1 2 0011101|0100|011 0x0EA3
1 3 0011111|0101|110 0x0FAE
2 0 0100010|0000|011 0x1103
2 1 0100011|0110|010 0x11B2
2 2 0100101|0110|101 0x12B5
3 0 0000001|0000|100 0x0084
3 1 0100111|0101|011 0x13AB
3 2 0101000|0110|011 0x1433
4 0 0000011|0000|010 0x0182
6 0 0000111|1011|110 0x03DE
8 0 0110011|0000|000 0x1980
8 1 0110101|0100|100 0x1AA4
9 0 0111011|0110|010 0x1DB2
9 1 1000100|0001|111 0x220F
a 0 1000110|0101|001 0x2329
b 0 0101001|1001|111 0x14CF
b 1 0101010|0000|111 0x1507
b 2 0101110|0011|101 0x171D
b 3 1000111|0100|000 0x23A0
b 4 1001001|0010|000 0x2490
b 5 1001010|0100|000 0x2520
d 0 0110001|0000|011 0x1883
BX = 101 Event : 22
0 0 0001011|0000|110 0x0586
0 1 0001111|0100|100 0x07A4
0 2 0010001|0000|100 0x0884
1 0 0010110|0110|001 0x0B31
3 0 0011101|0101|000 0x0EA8
4 0 0000000|1011|000 0x0058
5 0 0000110|0011|011 0x031B
5 1 0000111|0010|000 0x0390
8 0 0100110|0000|100 0x1304
8 1 0101100|0100|100 0x1624
9 0 0110010|0101|011 0x192B
9 1 0110100|0100|011 0x1A23
a 0 0111010|0100|010 0x1D22
e 0 0100100|0100|011 0x1223
BX = 110 Event : 23
0 0 0001011|0000|010 0x0582
0 1 0001101|0001|101 0x068D
0 2 0001111|0010|100 0x0794
1 0 0010100|0110|011 0x0A33
1 1 0010101|0010|001 0x0A91
3 0 0000000|1011|100 0x005C
4 0 0000010|1010|101 0x0155
8 0 0110110|0101|111 0x1B2F
8 1 0110111|0110|110 0x1BB6
9 0 0111000|0000|011 0x1C03
9 1 0111001|0001|011 0x1C8B
9 2 0111100|0001|010 0x1E0A
9 3 0111111|0001|001 0x1F89
9 4 1000001|0001|011 0x208B
a 0 1000101|0001|101 0x228D
c 0 0100010|0011|101 0x111D
d 0 0100110|0000|000 0x1300
d 1 0100111|0011|000 0x1398
e 0 0101101|0100|011 0x16A3
BX = 111 Event : 24
0 0 0001111|0100|010 0x07A2
0 1 0010010|0000|101 0x0905
0 2 0010101|0100|100 0x0AA4
0 3 0011101|0000|111 0x0E87
1 0 0011011|0101|000 0x0DA8
1 1 0100101|0101|110 0x12AE
2 0 0101010|0110|100 0x1534
4 0 0000000|0000|000 0x0000
4 1 0000001|0010|000 0x0090
4 2 0000010|1001|000 0x0148
4 3 0001000|1001|010 0x044A
4 4 0001001|0001|101 0x048D
4 5 0001010|1001|010 0x054A
5 0 0001100|1011|011 0x065B
6 0 0001110|0101|010 0x072A
8 0 0111100|0000|010 0x1E02
8 1 0111101|0101|110 0x1EAE
8 2 0111111|0101|100 0x1FAC
8 3 1000000|0101|111 0x202F
8 4 1000011|0101|111 0x21AF
8 5 1000101|0010|110 0x2296
9 0 1000110|0001|001 0x2309
9 1 1001010|0010|100 0x2514
b 0 0101110|1010|111 0x1757
b 1 0110000|0011|100 0x181C
b 2 0110001|1010|101 0x18D5
c 0 0110010|0001|010 0x190A
c 1 0110011|0010|010 0x1992
d 0 0111000|0000|110 0x1C06
e 0 0110111|0001|001 0x1B89
e 1 0111001|0001|000 0x1C88
e 2 0111011|0001|010 0x1D8A
BX = 000 Event : 25
0 0 0001010|0110|101 0x0535
0 1 0001100|0000|101 0x0605
1 0 0010110|0101|101 0x0B2D
4 0 0000000|1010|000 0x0050
5 0 0000100|1010|011 0x0253
5 1 0000101|0010|011 0x0293
5 2 0000110|0011|011 0x031B
8 0 0100001|0001|110 0x108E
8 1 0100011|0101|011 0x11AB
8 2 0100111|0000|111 0x1387
d 0 0011101|0001|011 0x0E8B
BX = 001 Event : 26
0 0 0001010|0101|110 0x052E
0 1 0001011|0001|110 0x058E
1 0 0010111|0000|011 0x0B83
2 0 0011011|0110|001 0x0DB1
2 1 0011110|0011|110 0x0F1E
4 0 0000000|1001|000 0x0048
4 1 0000001|1001|000 0x00C8
8 0 0101001|0010|110 0x1496
8 1 0101010|0101|101 0x152D
8 2 0101101|0000|100 0x1684
8 3 0101110|0101|100 0x172C
8 4 0101111|0000|011 0x1783
8 5 0110000|0101|011 0x182B
9 0 0110111|0010|001 0x1B91
9 1 0111000|0001|101 0x1C0D
9 2 0111001|0100|100 0x1CA4
a 0 0111111|0000|101 0x1F85
b 0 0100000|0001|100 0x100C
c 0 0100001|1001|110 0x10CE
c 1 0100100|0011|111 0x121F
d 0 0100110|0100|101 0x1325
BX = 010 Event : 27
0 0 0001101|0101|100 0x06AC
1 0 0010101|0001|010 0x0A8A
1 1 0010111|0000|001 0x0B81
1 2 0011110|0001|111 0x0F0F
1 3 0011111|0110|111 0x0FB7
1 4 0100000|0001|110 0x100E
5 0 0000101|0001|110 0x028E
5 1 0000110|1011|110 0x035E
8 0 0110010|0100|011 0x1923
8 1 0110011|0000|010 0x1982
8 2 0110111|0101|100 0x1BAC
8 3 0111100|0101|110 0x1E2E
9 0 1000001|0110|010 0x20B2
9 1 1000010|0100|001 0x2121
a 0 1001000|0001|111 0x240F
c 0 0101101|1000|111 0x16C7
d 0 0101111|1011|101 0x17DD
BX = 011 Event : 28
0 0 0000111|0100|011 0x03A3
0 1 0001011|0000|110 0x0586
0 2 0001101|0101|100 0x06AC
0 3 0001110|0100|100 0x0724
0 4 0001111|0001|100 0x078C
0 5 0010000|0010|100 0x0814
0 6 0010100|0100|110 0x0A26
1 0 0010111|0101|101 0x0BAD
1 1 0011000|0001|101 0x0C0D
2 0 0011101|0110|001 0x0EB1
3 0 0000000|0011|101 0x001D
3 1 0100001|0110|001 0x10B1
3 2 0100010|0110|001 0x1131
4 0 0000001|1000|000 0x00C0
4 1 0000011|1010|010 0x01D2
4 2 0000100|1001|010 0x024A
8 0 0101010|0101|101 0x152D
8 1 0101011|0100|100 0x15A4
9 0 0101101|0101|001 0x16A9
9 1 0110001|0010|010 0x1892
9 2 0110010|0010|010 0x1912
9 3 0111011|0000|110 0x1D86
9 4 0111100|0100|100 0x1E24
a 0 1000101|0101|100 0x22AC
a 1 1000110|0111|110 0x233E
b 0 0100011|1001|100 0x11CC
b 1 1000111|0011|000 0x2398
d 0 0100110|0001|011 0x130B
BX = 100 Event : 29
0 0 0000111|0010|110 0x0396
0 1 0001000|0010|011 0x0413
0 2 0001110|0101|111 0x072F
2 0 0011010|0010|111 0x0D17
3 0 0011100|0011|011 0x0E1B
8 0 0100101|0000|001 0x1281
9 0 0101011|0000|001 0x1581
9 1 0101100|0101|110 0x162E
a 0 0110000|0101|010 0x182A
a 1 0110001|0100|101 0x18A5
b 0 0011110|0011|100 0x0F1C
b 1 0011111|1010|100 0x0FD4
c 0 0100000|0000|010 0x1002
e 0 0100010|0100|000 0x1120
BX = 101 Event : 30
0 0 0001110|0000|001 0x0701
0 1 0010010|0010|100 0x0914
0 2 0010011|0010|011 0x0993
0 3 0011101|0101|111 0x0EAF
0 4 0011111|0100|111 0x0FA7
1 0 0011000|0010|001 0x0C11
1 1 0011001|0100|001 0x0CA1
3 0 0000000|1001|100 0x004C
3 1 0101011|0110|000 0x15B0
3 2 0101101|0110|001 0x16B1
6 0 0001001|0001|010 0x048A
8 0 0110101|0000|010 0x1A82
8 1 0110110|0000|010 0x1B02
8 2 0110111|0100|000 0x1BA0
8 3 0111010|0101|101 0x1D2D
8 4 0111011|0101|101 0x1DAD
8 5 0111100|0101|011 0x1E2B
9 0 1000010|0101|001 0x2129
b 0 0101110|1010|100 0x1754
b 1 0101111|0010|101 0x1795
c 0 0110010|1001|101 0x194D
c 1 0110011|1001|110 0x19CE
BX = 110 Event : 31
0 0 0001001|0000|001 0x0481
0 1 0001011|0010|110 0x0596
0 2 0010001|0100|100 0x08A4
0 3 0010011|0001|011 0x098B
0 4 0010100|0010|110 0x0A16
2 0 0011101|0110|100 0x0EB4
2 1 0011110|0000|100 0x0F04
3 0 0000010|0010|100 0x0114
3 1 0100011|0001|011 0x118B
3 2 0100100|0011|011 0x121B
4 0 0000000|0001|000 0x0008
6 0 0001000|0011|010 0x041A
8 0 0110111|0010|100 0x1B94
8 1 0111001|0100|011 0x1CA3
8 2 0111100|0000|111 0x1E07
9 0 1000000|0000|001 0x2001
b 0 0100111|0010|100 0x1394
b 1 0101001|1001|101 0x14CD
b 2 0101010|0010|101 0x1515
b 3 1000111|0001|010 0x238A
c 0 0101011|1000|101 0x15C5
e 0 0101111|0000|000 0x1780
e 1 0110001|1100|110 0x18E6
BX = 111 Event : 32
0 0 0001011|0000|010 0x0582
0 1 0001110|0000|110 0x0706
0 2 0010011|0010|100 0x0994
1 0 0010101|0000|001 0x0A81
1 1 0010111|0000|001 0x0B81
2 0 0100010|0101|100 0x112C
4 0 0000000|1001|000 0x0048
4 1 0000001|0011|000 0x0098
6 0 0001000|1010|001 0x0451
6 1 0001010|0100|110 0x0526
8 0 0101111|0000|011 0x1783
8 1 0110000|0000|001 0x1801
8 2 0110100|0001|101 0x1A0D
8 3 0110110|0100|100 0x1B24
8 4 0111001|0100|111 0x1CA7
9 0 0111100|0010|110 0x1E16
9 1 0111101|0110|111 0x1EB7
a 0 0111111|0011|101 0x1F9D
b 0 0100100|0011|111 0x121F
b 1 1000101|0111|011 0x22BB
BX = 000 Event : 33
0 0 0011110|0001|111 0x0F0F
1 0 0011011|0100|001 0x0DA1
1 1 0100011|0100|011 0x11A3
1 2 0100111|0000|111 0x1387
2 0 0100110|0100|000 0x1320
2 1 0101010|0101|001 0x1529
2 2 0101011|0011|101 0x159D
2 3 0101100|0000|100 0x1604
4 0 0000000|1001|000 0x0048
4 1 0000100|1010|110 0x0256
4 2 0000101|1010|110 0x02D6
4 3 0000110|1010|010 0x0352
4 4 0000111|1010|101 0x03D5
4 5 0001010|1010|111 0x0557
5 0 0001011|0011|011 0x059B
5 1 0010000|1001|110 0x084E
8 0 0111000|0010|100 0x1C14
9 0 0111001|0100|001 0x1CA1
9 1 0111101|0110|001 0x1EB1
9 2 0111110|0110|110 0x1F36
a 0 1000011|0101|100 0x21AC
c 0 0101110|1010|101 0x1755
c 1 0110010|1011|111 0x195F
BX = 001 Event : 34
0 0 0001111|0000|110 0x0786
0 1 0010000|0100|100 0x0824
0 2 0011000|0110|110 0x0C36
1 0 0011001|0001|010 0x0C8A
1 1 0011010|0110|101 0x0D35
3 0 0000010|1000|101 0x0145
4 0 0000101|0001|111 0x028F
5 0 0000110|0001|000 0x0308
6 0 0001000|0000|001 0x0401
6 1 0001101|0001|010 0x068A
8 0 0110000|0100|001 0x1821
8 1 0110010|0001|011 0x190B
8 2 0110110|0001|111 0x1B0F
8 3 0111001|0101|111 0x1CAF
8 4 0111010|0010|111 0x1D17
8 5 0111101|0001|110 0x1E8E
8 6 0111110|0101|110 0x1F2E
9 0 0110100|0110|001 0x1A31
9 1 0111111|0100|011 0x1FA3
9 2 1000000|0110|001 0x2031
9 3 1000010|0001|100 0x210C
9 4 1001000|0110|110 0x2436
a 0 1001011|0110|100 0x25B4
a 1 1001100|0100|100 0x2624
a 2 1001101|0011|100 0x269C
a 3 1001110|0100|100 0x2724
a 4 1010000|0111|110 0x283E
b 0 0100001|0011|100 0x109C
c 0 0100110|0010|110 0x1316
c 1 0100111|1001|110 0x13CE
c 2 0101000|1000|010 0x1442
c 3 0101011|0011|111 0x159F
e 0 0101101|0010|110 0x1696
BX = 010 Event : 35
1 0 0001111|0010|000 0x0790
1 1 0010100|0010|001 0x0A11
2 0 0010111|0110|010 0x0BB2
4 0 0000000|0001|000 0x0008
5 0 0000111|0011|000 0x0398
8 0 0101001|0100|001 0x14A1
8 1 0101101|0001|100 0x168C
9 0 0110100|0001|000 0x1A08
9 1 0111001|0110|001 0x1CB1
a 0 1000100|0001|101 0x220D
b 0 0011101|1000|111 0x0EC7
b 1 1000110|0011|000 0x2318
d 0 0100101|1001|000 0x12C8
BX = 011 Event : 36
0 0 0001101|0000|011 0x0683
0 1 0001110|0000|001 0x0701
0 2 0001111|0010|110 0x0796
0 3 0010001|0000|100 0x0884
1 0 0011000|0000|001 0x0C01
1 1 0011010|0000|100 0x0D04
5 0 0000011|1001|011 0x01CB
6 0 0001011|1010|111 0x05D7
8 0 0101011|0000|110 0x1586
a 0 0110101|0000|011 0x1A83
c 0 0100010|0000|010 0x1102
c 1 0100100|0010|010 0x1212
BX = 100 Event : 37
0 0 0001110|0000|011 0x0703
0 1 0010001|0000|001 0x0881
0 2 0010011|0001|101 0x098D
0 3 0010100|0001|101 0x0A0D
0 4 0010101|0101|100 0x0AAC
0 5 0010110|0101|011 0x0B2B
0 6 0011011|0101|111 0x0DAF
1 0 0100100|0101|110 0x122E
2 0 0101001|0110|101 0x14B5
2 1 0101010|0101|110 0x152E
4 0 0000110|0010|111 0x0317
4 1 0000111|0011|111 0x039F
4 2 0001000|0000|111 0x0407
4 3 0001001|0001|111 0x048F
8 0 0110101|0010|100 0x1A94
8 1 0110110|0100|100 0x1B24
8 2 0111000|0110|100 0x1C34
8 3 0111001|0010|100 0x1C94
8 4 0111011|0001|011 0x1D8B
9 0 0111110|0010|001 0x1F11
9 1 1000100|0000|010 0x2202
9 2 1000101|0010|001 0x2291
9 3 1000110|0000|001 0x2301
9 4 1000111|0010|001 0x2391
9 5 1001000|0011|001 0x2419
a 0 1001110|0001|110 0x270E
a 1 1010001|0010|101 0x2895
c 0 0101101|1001|111 0x16CF
c 1 0101110|1011|111 0x175F
d 0 0110000|0001|101 0x180D
BX = 101 Event : 38
0 0 0001110|0000|001 0x0701
0 1 0001111|0000|001 0x0781
0 2 0010101|0000|100 0x0A84
0 3 0011000|0101|100 0x0C2C
0 4 0011001|0001|100 0x0C8C
0 5 0011010|0101|011 0x0D2B
1 0 0011100|0100|001 0x0E21
1 1 0100000|0110|000 0x1030
1 2 0100010|0010|011 0x1113
1 3 0100011|0010|011 0x1193
1 4 0100101|0011|001 0x1299
1 5 0100110|0001|001 0x1309
1 6 0100111|0010|001 0x1391
1 7 0101001|0011|001 0x1499
1 8 0101101|0101|111 0x16AF
2 0 0101111|0001|011 0x178B
2 1 0110000|0110|011 0x1833
2 2 0110010|0000|110 0x1906
3 0 0000010|1010|101 0x0155
4 0 0000000|1000|000 0x0040
4 1 0000001|1010|000 0x00D0
4 2 0000011|1000|000 0x01C0
4 3 0000111|0001|110 0x038E
8 0 0111111|0000|001 0x1F81
a 0 1001111|0101|010 0x27AA
a 1 1010011|0101|110 0x29AE
a 2 1010100|0110|110 0x2A36
c 0 0110101|0011|110 0x1A9E
c 1 0110111|0011|111 0x1B9F
c 2 0111000|0001|111 0x1C0F
d 0 0110110|1001|000 0x1B48
e 0 0111010|1100|000 0x1D60
BX = 110 Event : 39
0 0 0001110|0001|100 0x070C
0 1 0001111|0010|100 0x0794
0 2 0010010|0100|011 0x0923
0 3 0010101|0001|110 0x0A8E
1 0 0010111|0010|011 0x0B93
1 1 0011001|0010|101 0x0C95
2 0 0100001|0110|000 0x10B0
2 1 0100011|0110|100 0x11B4
3 0 0000000|0001|101 0x000D
4 0 0000100|0011|010 0x021A
5 0 0000110|0000|011 0x0303
5 1 0000111|1001|011 0x03CB
5 2 0001010|0001|110 0x050E
8 0 0110001|0101|110 0x18AE
8 1 0111000|0001|100 0x1C0C
b 0 1000100|0010|001 0x2211
d 0 0101100|0010|000 0x1610
BX = 111 Event : 40
0 0 0001111|0100|101 0x07A5
1 0 0011111|0010|011 0x0F93
1 1 0100000|0110|011 0x1033
2 0 0101011|0110|001 0x15B1
2 1 0101110|0011|111 0x171F
3 0 0000001|1010|101 0x00D5
4 0 0000000|1011|000 0x0058
4 1 0000010|0010|000 0x0110
4 2 0000011|1010|010 0x01D2
4 3 0000101|1001|010 0x02CA
4 4 0000110|1000|010 0x0342
8 0 1000001|0100|010 0x20A2
8 1 1000011|0101|100 0x21AC
9 0 1000110|0101|001 0x2329
9 1 1001011|0011|001 0x2599
9 2 1001110|0010|101 0x2715
9 3 1010000|0010|100 0x2814
a 0 1010011|0001|011 0x298B
c 0 0110010|0001|101 0x190D
c 1 0110011|0001|101 0x198D
c 2 0110100|0001|110 0x1A0E
d 0 0110111|1011|010 0x1BDA
d 1 0111101|1000|101 0x1EC5
e 0 0111100|1001|000 0x1E48
BX = 000 Event : 41
0 0 0010000|0000|010 0x0802
0 1 0010100|0101|101 0x0A2D
1 0 0011011|0010|011 0x0D93
1 1 0011101|0010|011 0x0E93
2 0 0011111|0110|001 0x0FB1
2 1 0100000|0110|011 0x1033
3 0 0000010|0000|101 0x0105
3 1 0100010|0100|001 0x1121
4 0 0000000|0010|000 0x0010
4 1 0000001|0000|000 0x0080
4 2 0000101|1010|101 0x02D5
6 0 0001011|1100|001 0x05E1
6 1 0001101|1000|010 0x06C2
9 0 0111010|0011|010 0x1D1A
c 0 0100111|0000|101 0x1385
c 1 0101000|0011|010 0x141A
BX = 001 Event : 42
0 0 0010101|0101|111 0x0AAF
1 0 0010100|0010|000 0x0A10
1 1 0010111|0000|101 0x0B85
1 2 0011000|0101|101 0x0C2D
2 0 0011001|0110|000 0x0CB0
2 1 0011101|0001|010 0x0E8A
2 2 0100011|0011|101 0x119D
3 0 0000000|1001|101 0x004D
3 1 0000001|0010|101 0x0095
4 0 0000010|1010|000 0x0150
4 1 0000110|1000|010 0x0342
4 2 0000111|1010|010 0x03D2
5 0 0001000|1010|011 0x0453
8 0 0101011|0000|000 0x1580
8 1 0101101|0001|110 0x168E
8 2 0110001|0001|101 0x188D
8 3 0110010|0001|100 0x190C
9 0 0111001|0110|011 0x1CB3
9 1 0111010|0101|001 0x1D29
a 0 0111110|0011|000 0x1F18
BX = 010 Event : 43
0 0 0010001|0001|101 0x088D
0 1 0010010|0101|101 0x092D
1 0 0011010|0110|000 0x0D30
1 1 0100001|0101|100 0x10AC
2 0 0100011|0110|000 0x11B0
2 1 0100100|0010|011 0x1213
2 2 0100101|0101|101 0x12AD
2 3 0100110|0100|100 0x1324
3 0 0000001|0010|101 0x0095
3 1 0000100|0010|100 0x0214
4 0 0000000|1001|000 0x0048
4 1 0000011|0000|000 0x0180
4 2 0000110|1001|010 0x034A
8 0 0111000|0000|100 0x1C04
8 1 0111100|0010|110 0x1E16
9 0 1000001|0010|101 0x2095
a 0 1000011|0101|111 0x21AF
b 0 0101010|1011|111 0x155F
b 1 0101110|0011|101 0x171D
c 0 0101101|0010|000 0x1690
c 1 0110000|1000|010 0x1842
BX = 011 Event : 44
0 0 0001000|0101|101 0x042D
0 1 0001001|0101|101 0x04AD
0 2 0001111|0100|111 0x07A7
1 0 0001110|0000|000 0x0700
1 1 0010011|0011|001 0x0999
1 2 0010110|0110|110 0x0B36
1 3 0010111|0100|110 0x0BA6
1 4 0011000|0001|100 0x0C0C
2 0 0011101|0110|010 0x0EB2
2 1 0011110|0011|100 0x0F1C
3 0 0000000|1010|100 0x0054
3 1 0000001|1010|100 0x00D4
5 0 0000101|0011|011 0x029B
8 0 0101100|0000|100 0x1604
8 1 0101101|0101|100 0x16AC
8 2 0101111|0100|100 0x17A4
8 3 0110000|0101|100 0x182C
8 4 0110101|0101|111 0x1AAF
8 5 0111001|0010|111 0x1C97
8 6 0111010|0101|111 0x1D2F
9 0 0111011|0101|011 0x1DAB
9 1 0111110|0010|110 0x1F16
a 0 0111111|0010|001 0x1F91
BX = 100 Event : 45
0 0 0001101|0100|011 0x06A3
0 1 0010010|0010|101 0x0915
1 0 0011000|0001|000 0x0C08
1 1 0011100|0100|010 0x0E22
1 2 0100001|0100|100 0x10A4
3 0 0100100|0010|001 0x1211
4 0 0000000|0011|000 0x0018
4 1 0000001|0000|000 0x0080
4 2 0000101|1011|111 0x02DF
5 0 0000110|1010|000 0x0350
6 0 0001000|1001|110 0x044E
6 1 0001001|0001|010 0x048A
6 2 0001010|1001|010 0x054A
8 0 0101101|0000|010 0x1682
8 1 0101110|0000|001 0x1701
9 0 0110100|0000|000 0x1A00
a 0 0111010|0100|010 0x1D22
b 0 0100101|1010|111 0x12D7
b 1 0100110|0010|100 0x1314
b 2 0100111|1010|100 0x13D4
c 0 0101001|0010|000 0x1490
BX = 101 Event : 46
0 0 0001101|0001|100 0x068C
0 1 0010000|0100|111 0x0827
0 2 0010001|0101|111 0x08AF
1 0 0010010|0011|011 0x091B
1 1 0010011|0011|011 0x099B
1 2 0010111|0010|010 0x0B92
2 0 0100001|0110|011 0x10B3
4 0 0000100|0011|101 0x021D
5 0 0000110|1011|000 0x0358
6 0 0000111|1001|001 0x03C9
6 1 0001000|0100|001 0x0421
6 2 0001010|0100|010 0x0522
8 0 0101110|0000|110 0x1706
8 1 0101111|0001|110 0x178E
8 2 0110000|0100|110 0x1826
8 3 0110100|0000|111 0x1A07
a 0 0110111|0110|010 0x1BB2
a 1 0111000|0110|001 0x1C31
b 0 0100010|0001|111 0x110F
b 1 0100011|0000|100 0x1184
d 0 0101010|0001|011 0x150B
d 1 0101011|0100|101 0x15A5
BX = 110 Event : 47
0 0 0001101|0100|001 0x06A1
0 1 0010001|0010|100 0x0894
2 0 0011011|0011|011 0x0D9B
2 1 0011101|0000|100 0x0E84
3 0 0011110|0011|000 0x0F18
5 0 0001000|1001|110 0x044E
6 0 0001010|0011|010 0x051A
8 0 0101010|0000|001 0x1501
8 1 0101011|0000|000 0x1580
8 2 0101100|0000|000 0x1600
8 3 0111001|0000|111 0x1C87
9 0 1000010|0010|110 0x2116
9 1 1000011|0010|110 0x2196
a 0 1000001|0001|000 0x2088
a 1 1000101|0101|011 0x22AB
a 2 1000110|0001|001 0x2309
b 0 1001011|0011|010 0x259A
d 0 0100101|1001|010 0x12CA
d 1 0100111|1001|101 0x13CD
e 0 0101000|1100|011 0x1463
BX = 111 Event : 48
0 0 0000110|0000|001 0x0301
0 1 0001000|0000|110 0x0406
5 0 0000010|0011|110 0x011E
8 0 0100011|0100|101 0x11A5
8 1 0100100|0101|101 0x122D
8 2 0101100|0001|111 0x160F
8 3 0101110|0100|110 0x1726
9 0 0110100|0001|100 0x1A0C
9 1 0110110|0001|111 0x1B0F
9 2 0110111|0110|110 0x1BB6
a 0 0111100|0000|010 0x1E02
b 0 0010011|1010|100 0x09D4
b 1 0010100|1000|100 0x0A44
b 2 0010101|1010|101 0x0AD5
BX = 000 Event : 49
0 0 0001111|0000|011 0x0783
0 1 0010010|0110|110 0x0936
0 2 0010100|0001|101 0x0A0D
0 3 0010101|0000|101 0x0A85
0 4 0010110|0000|101 0x0B05
0 5 0011000|0000|100 0x0C04
0 6 0011001|0101|100 0x0CAC
2 0 0100111|0110|001 0x13B1
2 1 0101000|0000|101 0x1405
2 2 0101001|0001|101 0x148D
3 0 0101100|0111|001 0x1639
4 0 0000010|0010|000 0x0110
6 0 0001010|1010|001 0x0551
6 1 0001011|0100|001 0x05A1
8 0 0110100|0010|110 0x1A16
8 1 0110110|0110|101 0x1B35
8 2 0110111|0010|101 0x1B95
8 3 0111000|0100|100 0x1C24
8 4 0111011|0000|111 0x1D87
9 0 0111010|0101|000 0x1D28
9 1 1000010|0101|100 0x212C
9 2 1000011|0100|011 0x21A3
a 0 1000110|0100|001 0x2321
a 1 1001000|0100|101 0x2425
a 2 1001001|0110|101 0x24B5
a 3 1001010|0011|101 0x251D
c 0 0101101|0001|000 0x1688
BX = 001 Event : 50
0 0 0001011|0000|001 0x0581
0 1 0001111|0000|011 0x0783
0 2 0010100|0100|111 0x0A27
1 0 0011000|0001|110 0x0C0E
2 0 0011011|0011|011 0x0D9B
2 1 0011100|0100|010 0x0E22
2 2 0011101|0011|100 0x0E9C
3 0 0011111|0110|001 0x0FB1
4 0 0000011|1011|010 0x01DA
5 0 0000111|0011|011 0x039B
8 0 0101001|0101|110 0x14AE
8 1 0110000|0101|100 0x182C
8 2 0110100|0101|111 0x1A2F
8 3 0110110|0001|110 0x1B0E
8 4 0110111|0100|110 0x1BA6
9 0 0111000|0010|010 0x1C12
9 1 0111001|0110|010 0x1CB2
9 2 0111010|0001|010 0x1D0A
9 3 0111100|0011|001 0x1E19
9 4 0111110|0011|001 0x1F19
a 0 0111111|0001|000 0x1F88
a 1 1000001|0110|010 0x20B2
a 2 1000010|0110|001 0x2131
a 3 1000100|0010|101 0x2215
b 0 1000110|0010|000 0x2310
c 0 0100010|0000|111 0x1107
d 0 0100100|0000|101 0x1205
d 1 0100101|1000|101 0x12C5
BX = 010 Event : 51
0 0 0010011|0101|111 0x09AF
1 0 0010110|0101|011 0x0B2B
1 1 0011000|0010|001 0x0C11
2 0 0011111|0000|100 0x0F84
3 0 0000010|0011|100 0x011C
4 0 0000000|0001|000 0x0008
8 0 0100111|0000|110 0x1386
8 1 0101010|0001|111 0x150F
8 2 0101011|0010|110 0x1596
9 0 0101111|0101|010 0x17AA
9 1 0110010|0100|110 0x1926
a 0 0110111|0101|110 0x1BAE
a 1 0111000|0001|111 0x1C0F
BX = 011 Event : 52
0 0 0001100|0000|001 0x0601
0 1 0010100|0001|100 0x0A0C
0 2 0010101|0000|100 0x0A84
1 0 0011111|0110|011 0x0FB3
1 1 0100000|0001|010 0x100A
1 2 0100001|0100|001 0x10A1
1 3 0100011|0101|100 0x11AC
1 4 0100100|0000|011 0x1203
1 5 0101000|0010|111 0x1417
2 0 0100111|0010|000 0x1390
2 1 0101011|0000|010 0x1582
2 2 0101101|0100|001 0x16A1
2 3 0101110|0011|001 0x1719
3 0 0000000|0010|101 0x0015
3 1 0110000|0110|000 0x1830
3 2 0110001|0111|001 0x18B9
4 0 0000010|1011|110 0x015E
6 0 0001011|1100|010 0x05E2
8 0 1000010|0000|010 0x2102
8 1 1000011|0000|010 0x2182
8 2 1000100|0000|001 0x2201
8 3 1000111|0001|100 0x238C
8 4 1001001|0010|100 0x2494
a 0 1010000|0101|010 0x282A
a 1 1010010|0000|101 0x2905
a 2 1011010|0100|110 0x2D26
b 0 0110010|0001|111 0x190F
b 1 1010101|0110|000 0x2AB0
b 2 1011100|0101|010 0x2E2A
b 3 1011101|0000|001 0x2E81
b 4 1011110|0111|000 0x2F38
d 0 0111100|1000|101 0x1E45
BX = 100 Event : 53
0 0 0010010|0001|111 0x090F
1 0 0010101|0110|011 0x0AB3
1 1 0010110|0011|001 0x0B19
1 2 0011011|0010|011 0x0D93
1 3 0011110|0101|111 0x0F2F
1 4 0011111|0110|111 0x0FB7
4 0 0000100|0001|110 0x020E
6 0 0000111|0001|001 0x0389
8 0 0110001|0001|100 0x188C
8 1 0110101|0010|111 0x1A97
9 0 0111010|0110|111 0x1D37
a 0 0111011|0101|000 0x1DA8
a 1 0111110|0010|110 0x1F16
e 0 0100111|1010|000 0x13D0
BX = 101 Event : 54
0 0 0001001|0000|011 0x0483
0 1 0001110|0101|100 0x072C
1 0 0010000|0100|001 0x0821
1 1 0011100|0100|101 0x0E25
1 2 0011101|0010|100 0x0E94
2 0 0100111|0001|110 0x138E
4 0 0000000|0011|000 0x0018
4 1 0000011|1001|010 0x01CA
5 0 0000101|1011|000 0x02D8
8 0 0110100|0110|011 0x1A33
8 1 0110101|0101|111 0x1AAF
9 0 0110110|0110|010 0x1B32
a 0 0111011|0111|100 0x1DBC
c 0 0101111|0010|111 0x1797
e 0 0110000|1010|101 0x1855
e 1 0110001|1010|011 0x18D3
BX = 110 Event : 55
0 0 0001001|0000|001 0x0481
1 0 0010001|0011|011 0x089B
1 1 0010010|0100|001 0x0921
1 2 0010011|0110|001 0x09B1
1 3 0010111|0110|110 0x0BB6
2 0 0010110|0001|000 0x0B08
2 1 0011001|0011|011 0x0C9B
3 0 0000000|0011|100 0x001C
3 1 0000001|0011|100 0x009C
5 0 0000011|1010|110 0x01D6
8 0 0101110|0000|000 0x1700
8 1 0101111|0001|101 0x178D
8 2 0110001|0100|100 0x18A4
9 0 0111000|0110|001 0x1C31
9 1 0111001|0110|001 0x1CB1
a 0 1000001|0011|010 0x209A
b 0 0011100|1000|111 0x0E47
d 0 0100110|0010|101 0x1315
e 0 0100100|1001|000 0x1248
BX = 111 Event : 56
0 0 0010101|0100|110 0x0AA6
0 1 0011000|0100|100 0x0C24
0 2 0011100|0010|011 0x0E13
0 3 0100001|0001|110 0x108E
0 4 0100010|0001|110 0x110E
0 5 0100011|0010|110 0x1196
0 6 0100100|0010|110 0x1216
0 7 0100101|0100|110 0x12A6
0 8 0100111|0001|110 0x138E
1 0 0011101|0001|000 0x0E88
1 1 0011110|0101|000 0x0F28
1 2 0101010|0000|111 0x1507
3 0 0000000|0011|101 0x001D
3 1 0000001|1011|101 0x00DD
3 2 0000010|1001|100 0x014C
3 3 0000011|0010|100 0x0194
4 0 0000101|0000|010 0x0282
5 0 0001011|1011|000 0x05D8
8 0 0111101|0000|000 0x1E80
8 1 1000000|0101|011 0x202B
9 0 1000011|0010|001 0x2191
9 1 1000111|0100|010 0x23A2
9 2 1001000|0110|101 0x2435
9 3 1001001|0110|100 0x24B4
a 0 1001010|0110|001 0x2531
a 1 1001011|0000|001 0x2581
b 0 0101111|0010|111 0x1797
b 1 0110000|0011|101 0x181D
b 2 0110001|0000|101 0x1885
b 3 1010000|0100|010 0x2822
c 0 0110110|1000|010 0x1B42
BX = 000 Event : 57
0 0 0010011|0110|110 0x09B6
0 1 0010110|0010|011 0x0B13
0 2 0010111|0010|011 0x0B93
0 3 0011000|0000|011 0x0C03
0 4 0011110|0001|111 0x0F0F
0 5 0011111|0101|110 0x0FAE
1 0 0011001|0010|000 0x0C90
1 1 0100000|0010|011 0x1013
1 2 0100001|0100|011 0x10A3
1 3 0100011|0011|011 0x119B
1 4 0100111|0001|110 0x138E
1 5 0101000|0000|100 0x1404
3 0 0000000|1001|101 0x004D
3 1 0000001|0000|101 0x0085
3 2 0000101|0011|100 0x029C
4 0 0001000|1011|010 0x045A
5 0 0001011|0000|011 0x0583
5 1 0001100|0000|011 0x0603
5 2 0001101|1011|011 0x06DB
8 0 0110111|0000|010 0x1B82
8 1 0111010|0010|110 0x1D16
8 2 1000001|0001|111 0x208F
9 0 1000010|0011|010 0x211A
9 1 1000011|0000|001 0x2181
9 2 1000101|0001|110 0x228E
9 3 1000110|0010|101 0x2315
a 0 1000111|0101|000 0x23A8
a 1 1001011|0001|001 0x2589
a 2 1001111|0001|101 0x278D
a 3 1010011|0011|110 0x299E
b 0 0101110|1010|111 0x1757
b 1 0101111|0001|100 0x178C
c 0 0110000|1010|000 0x1850
d 0 0110001|0000|010 0x1882
d 1 0110010|1000|110 0x1946
d 2 0110011|0010|101 0x1995
d 3 0110100|1011|101 0x1A5D
BX = 001 Event : 58
0 0 0000101|0000|011 0x0283
0 1 0000110|0100|001 0x0321
0 2 0001100|0001|011 0x060B
0 3 0001101|0100|011 0x06A3
3 0 0000001|1001|100 0x00CC
3 1 0011110|0100|011 0x0F23
4 0 0000000|1000|000 0x0040
8 0 0100010|0100|110 0x1126
9 0 0101101|0100|101 0x16A5
9 1 0101110|0001|100 0x170C
BX = 010 Event : 59
1 0 0010011|0110|010 0x09B2
1 1 0011011|0010|011 0x0D93
1 2 0011101|0101|111 0x0EAF
2 0 0011110|0101|010 0x0F2A
2 1 0100001|0010|011 0x1093
3 0 0000000|0001|101 0x000D
3 1 0000010|0010|100 0x0114
5 0 0001000|1011|101 0x045D
8 0 0110010|0001|100 0x190C
8 1 0110100|0000|110 0x1A06
9 0 0110110|0010|011 0x1B13
a 0 0111010|0100|100 0x1D24
a 1 0111011|0011|011 0x1D9B
c 0 0100110|0001|101 0x130D
c 1 0100111|0010|010 0x1392
e 0 0101010|0010|011 0x1513
BX = 011 Event : 60
0 0 0010010|0100|110 0x0926
0 1 0010111|0001|100 0x0B8C
0 2 0011110|0100|111 0x0F27
1 0 0100000|0010|100 0x1014
1 1 0101001|0100|100 0x14A4
2 0 0110010|0001|011 0x190B
3 0 0000000|1011|101 0x005D
3 1 0110011|0110|001 0x19B1
3 2 0110100|0111|001 0x1A39
4 0 0000010|0001|010 0x010A
4 1 0000100|1010|101 0x0255
4 2 0000101|0010|010 0x0292
5 0 0000110|1000|011 0x0343
5 1 0000111|0000|011 0x0383
5 2 0001000|1010|011 0x0453
6 0 0001010|0010|001 0x0511
6 1 0001100|0011|011 0x061B
8 0 1000011|0100|001 0x21A1
8 1 1000110|0000|101 0x2305
8 2 1001010|0101|100 0x252C
8 3 1001100|0001|011 0x260B
8 4 1010001|0100|111 0x28A7
9 0 1001111|0101|001 0x27A9
9 1 1010111|0000|001 0x2B81
9 2 1011001|0110|001 0x2CB1
a 0 1011111|0011|100 0x2F9C
d 0 0111010|1011|011 0x1D5B
e 0 0111110|0001|000 0x1F08
BX = 100 Event : 61
0 0 0010001|0000|001 0x0881
0 1 0010101|0010|101 0x0A95
0 2 0011010|0000|011 0x0D03
0 3 0011100|0010|110 0x0E16
1 0 0100000|0110|011 0x1033
1 1 0101001|0001|111 0x148F
3 0 0000001|0011|101 0x009D
3 1 0000011|0000|100 0x0184
3 2 0000100|0011|100 0x021C
4 0 0000000|0011|000 0x0018
4 1 0000110|0011|101 0x031D
4 2 0000111|1001|010 0x03CA
5 0 0001011|0000|011 0x0583
8 0 1000011|0101|100 0x21AC
9 0 1001010|0001|010 0x250A
9 1 1001011|0101|101 0x25AD
a 0 1010011|0111|011 0x29BB
c 0 0110100|0011|010 0x1A1A
c 1 0110101|0011|010 0x1A9A
BX = 101 Event : 62
0 0 0000110|0000|110 0x0306
0 1 0001001|0010|011 0x0493
0 2 0010100|0101|111 0x0A2F
0 3 0010101|0010|111 0x0A97
1 0 0001101|0010|001 0x0691
1 1 0001110|0100|000 0x0720
1 2 0011001|0100|001 0x0CA1
2 0 0011010|0100|011 0x0D23
3 0 0000000|0011|101 0x001D
3 1 0000001|0011|100 0x009C
3 2 0000010|0000|100 0x0104
3 3 0011100|0101|011 0x0E2B
3 4 0011101|0000|011 0x0E83
8 0 0101111|0000|111 0x1787
9 0 0110011|0100|011 0x19A3
9 1 0110100|0000|010 0x1A02
a 0 0111110|0001|011 0x1F0B
a 1 0111111|0011|111 0x1F9F
c 0 0100010|0010|111 0x1117
e 0 0100011|1001|001 0x11C9
BX = 110 Event : 63
1 0 0001101|0001|001 0x0689
1 1 0010001|0010|100 0x0894
1 2 0010010|0001|100 0x090C
4 0 0000000|1011|000 0x0058
9 0 0101111|0011|010 0x179A
9 1 0110011|0110|111 0x19B7
a 0 0110010|0101|000 0x1928
a 1 0110101|0101|001 0x1AA9
b 0 0111001|0001|000 0x1C88
b 1 0111010|0001|001 0x1D09
c 0 0010111|1011|010 0x0BDA
BX = 111 Event : 64
0 0 0001000|0000|011 0x0403
0 1 0001010|0010|101 0x0515
0 2 0010011|0001|111 0x098F
0 3 0010100|0001|110 0x0A0E
1 0 0010101|0100|001 0x0AA1
1 1 0011001|0010|100 0x0C94
8 0 0101001|0000|011 0x1483
8 1 0101100|0000|001 0x1601
8 2 0101101|0010|110 0x1696
8 3 0101110|0110|110 0x1736
8 4 0110010|0000|011 0x1903
a 0 1000111|0000|100 0x2384
b 0 0100100|0010|111 0x1217
BX = 000 Event : 65
0 0 0000100|0100|011 0x0223
0 1 0000101|0000|010 0x0282
0 2 0000110|0000|010 0x0302
0 3 0000111|0101|110 0x03AE
0 4 0001101|0010|111 0x0697
0 5 0001111|0010|110 0x0796
1 0 0010100|0110|110 0x0A36
4 0 0000010|0000|010 0x0102
5 0 0000011|1000|110 0x01C6
8 0 0101010|0100|010 0x1522
8 1 0110000|0110|111 0x1837
9 0 0101111|0101|000 0x17A8
9 1 0110010|0011|001 0x1919
b 0 0011111|1000|100 0x0FC4
b 1 0111101|0011|011 0x1E9B
b 2 0111110|0111|011 0x1F3B
c 0 0100001|0000|110 0x1086
d 0 0100101|0011|101 0x129D
e 0 0100111|1011|011 0x13DB
BX = 001 Event : 66
0 0 0000101|0000|010 0x0282
0 1 0000110|0000|001 0x0301
0 2 0001001|0001|101 0x048D
0 3 0001011|0001|100 0x058C
0 4 0001101|0001|100 0x068C
0 5 0011000|0001|111 0x0C0F
1 0 0011111|0101|001 0x0FA9
1 1 0100010|0001|101 0x110D
2 0 0100111|0010|011 0x1393
3 0 0000001|0001|100 0x008C
8 0 0111110|0100|100 0x1F24
8 1 0111111|0101|100 0x1FAC
8 2 1000010|0110|011 0x2133
9 0 1000111|0100|000 0x23A0
9 1 1001011|0110|001 0x25B1
9 2 1001100|0001|001 0x2609
c 0 0101100|1010|110 0x1656
d 0 0110000|1001|000 0x1848
BX = 010 Event : 67
1 0 0011011|0011|011 0x0D9B
1 1 0100000|0010|001 0x1011
2 0 0110000|0111|110 0x183E
3 0 0110001|0011|011 0x189B
4 0 0000001|0001|101 0x008D
6 0 0000100|0101|110 0x022E
8 0 0110111|0000|000 0x1B80
8 1 0111010|0100|101 0x1D25
8 2 0111100|0010|100 0x1E14
8 3 0111101|0010|100 0x1E94
9 0 1000010|0010|011 0x2113
9 1 1000111|0101|110 0x23AE
9 2 1001000|0001|100 0x240C
9 3 1001001|0001|011 0x248B
d 0 0110110|1001|011 0x1B4B
BX = 011 Event : 68
0 0 0001110|0101|101 0x072D
0 1 0010001|0100|100 0x08A4
0 2 0010010|0010|100 0x0914
1 0 0010110|0000|001 0x0B01
1 1 0011001|0010|100 0x0C94
1 2 0011010|0010|110 0x0D16
2 0 0011100|0110|011 0x0E33
2 1 0011110|0001|011 0x0F0B
4 0 0000100|0010|010 0x0212
5 0 0001001|1000|011 0x04C3
8 0 0101000|0001|101 0x140D
8 1 0101001|0101|101 0x14AD
9 0 0101101|0001|011 0x168B
9 1 0101110|0011|010 0x171A
9 2 0110000|0000|010 0x1802
9 3 0110001|0110|001 0x18B1
9 4 0110010|0110|001 0x1931
9 5 0110110|0010|110 0x1B16
9 6 0111001|0000|011 0x1C83
b 0 0011111|0000|111 0x0F87
b 1 0100000|1011|100 0x105C
b 2 0111111|0010|000 0x1F90
d 0 0100100|0001|010 0x120A
BX = 100 Event : 69
0 0 0011100|0010|111 0x0E17
1 0 0100101|0101|001 0x12A9
1 1 0101001|0101|110 0x14AE
1 2 0101010|0010|110 0x1516
1 3 0110000|0101|111 0x182F
2 0 0110011|0110|010 0x19B2
2 1 0110111|0011|011 0x1B9B
3 0 0111001|0011|001 0x1C99
3 1 0111011|0101|000 0x1DA8
4 0 0000000|0011|110 0x001E
4 1 0000100|1001|010 0x024A
8 0 1011000|0101|101 0x2C2D
8 1 1011001|0100|101 0x2CA5
8 2 1011100|0000|011 0x2E03
9 0 1100111|0101|010 0x33AA
9 1 1101001|0010|110 0x3496
a 0 1101010|0101|010 0x352A
c 0 1000001|0001|010 0x208A
c 1 1000010|0000|010 0x2102
d 0 1001101|0011|101 0x269D
BX = 101 Event : 70
0 0 0010000|0101|100 0x082C
0 1 0010001|0001|100 0x088C
0 2 0010010|0101|011 0x092B
0 3 0010110|0101|111 0x0B2F
0 4 0011001|0101|110 0x0CAE
1 0 0010101|0010|001 0x0A91
1 1 0011010|0110|011 0x0D33
1 2 0011101|0100|010 0x0EA2
1 3 0011110|0101|001 0x0F29
1 4 0011111|0100|100 0x0FA4
4 0 0000000|1010|000 0x0050
4 1 0000011|1010|010 0x01D2
6 0 0001011|0011|010 0x059A
8 0 0110010|0101|111 0x192F
9 0 0110001|0001|000 0x1888
c 0 0100111|0001|000 0x1388
BX = 110 Event : 71
0 0 0010010|0101|110 0x092E
5 0 0001001|1010|000 0x04D0
6 0 0001011|0000|110 0x0586
a 0 0100100|0001|010 0x120A
a 1 0100101|0110|001 0x12B1
a 2 0100111|0101|100 0x13AC
b 0 0010101|1001|111 0x0ACF
d 0 0011010|0100|101 0x0D25
BX = 111 Event : 72
0 0 0010100|0000|001 0x0A01
0 1 0010111|0100|110 0x0BA6
0 2 0011000|0100|110 0x0C26
0 3 0011001|0101|101 0x0CAD
0 4 0100011|0010|111 0x1197
0 5 0100101|0100|111 0x12A7
0 6 0100110|0001|110 0x130E
1 0 0100000|0001|000 0x1008
1 1 0100010|0101|000 0x1128
1 2 0101001|0000|001 0x1481
1 3 0101101|0010|110 0x1696
3 0 0110100|0001|010 0x1A0A
4 0 0000000|1000|000 0x0040
4 1 0000111|0000|010 0x0382
4 2 0001000|1000|010 0x0442
5 0 0001110|0001|101 0x070D
6 0 0001111|1010|110 0x07D6
8 0 1000010|0000|011 0x2103
8 1 1000111|0010|110 0x2396
8 2 1001110|0001|100 0x270C
9 0 1011001|0011|011 0x2C9B
9 1 1011101|0011|010 0x2E9A
b 0 0111000|0000|111 0x1C07
b 1 1101000|0001|000 0x3408
c 0 0111110|1001|110 0x1F4E
c 1 0111111|1001|010 0x1FCA
BX = 000 Event : 73
0 0 0001011|0000|010 0x0582
0 1 0001110|0101|110 0x072E
0 2 0001111|0001|101 0x078D
0 3 0010011|0010|011 0x0993
0 4 0011010|0101|111 0x0D2F
0 5 0011011|0001|111 0x0D8F
1 0 0010111|0010|001 0x0B91
2 0 0100010|0010|010 0x1112
2 1 0100011|0110|010 0x11B2
2 2 0101000|0000|100 0x1404
2 3 0101001|0100|100 0x14A4
3 0 0101011|0110|011 0x15B3
5 0 0001000|1000|110 0x0446
8 0 0110110|0000|010 0x1B02
8 1 0110111|0000|010 0x1B82
8 2 0111011|0000|011 0x1D83
8 3 0111111|0000|110 0x1F86
9 0 1000010|0011|010 0x211A
9 1 1000110|0100|111 0x2327
a 0 1000101|0101|001 0x22A9
a 1 1001001|0101|001 0x24A9
b 0 0101101|1001|100 0x16CC
b 1 0101110|1010|100 0x1754
c 0 0101111|0000|101 0x1785
d 0 0110010|1011|011 0x195B
d 1 0110011|0011|000 0x1998
d 2 0110100|0001|010 0x1A0A
d 3 0110101|0010|010 0x1A92
BX = 001 Event : 74
0 0 0001101|0010|110 0x0696
0 1 0010000|0101|110 0x082E
0 2 0010001|0010|110 0x0896
1 0 0010011|0000|011 0x0983
1 1 0010100|0110|011 0x0A33
4 0 0000000|1010|000 0x0050
5 0 0000111|0000|011 0x0383
5 1 0001000|1010|011 0x0453
6 0 0001001|1100|110 0x04E6
8 0 0100001|0000|011 0x1083
8 1 0100010|0000|011 0x1103
8 2 0100100|0000|110 0x1206
8 3 0101011|0100|111 0x15A7
9 0 0101100|0000|001 0x1601
a 0 0110010|0110|011 0x1933
e 0 0100000|0101|110 0x102E
BX = 010 Event : 75
0 0 0010000|0000|001 0x0801
0 1 0011000|0101|011 0x0C2B
1 0 0011010|0100|000 0x0D20
1 1 0011111|0000|010 0x0F82
1 2 0100000|0100|010 0x1022
1 3 0100001|0100|001 0x10A1
1 4 0100010|0100|001 0x1121
1 5 0100011|0100|001 0x11A1
1 6 0100100|0100|011 0x1223
1 7 0100111|0110|111 0x13B7
2 0 0101010|0010|001 0x1511
2 1 0101011|0110|100 0x15B4
2 2 0101101|0011|011 0x169B
3 0 0000010|1000|100 0x0144
4 0 0000101|1000|101 0x02C5
6 0 0001011|0000|001 0x0581
6 1 0001101|0000|111 0x0687
8 0 0111101|0000|000 0x1E80
8 1 0111110|0001|110 0x1F0E
9 0 1000101|0001|010 0x228A
9 1 1001010|0010|111 0x2517
b 0 1001101|0110|001 0x26B1
c 0 0110010|1001|010 0x194A
d 0 0110011|0000|000 0x1980
BX = 011 Event : 76
0 0 0010000|0000|011 0x0803
0 1 0011001|0100|100 0x0CA4
0 2 0100011|0000|111 0x1187
1 0 0110010|0101|110 0x192E
3 0 0111001|0101|001 0x1CA9
5 0 0001011|0001|101 0x058D
5 1 0001101|1001|110 0x06CE
5 2 0001110|0010|110 0x0716
6 0 0001100|0011|001 0x0619
8 0 1010001|0010|101 0x2895
8 1 1010010|0010|101 0x2915
8 2 1011010|0000|111 0x2D07
8 3 1011011|0010|111 0x2D97
8 4 1011100|0100|110 0x2E26
9 0 1100000|0001|011 0x300B
9 1 1100001|0110|011 0x30B3
9 2 1100100|0000|011 0x3203
a 0 1100110|0000|000 0x3300
b 0 0111100|0001|101 0x1E0D
b 1 1101100|0000|001 0x3601
e 0 1000110|1010|110 0x2356
BX = 100 Event : 77
0 0 0001011|0010|110 0x0596
0 1 0001100|0100|101 0x0625
0 2 0001110|0010|100 0x0714
0 3 0010000|0101|011 0x082B
1 0 0010010|0001|001 0x0909
1 1 0010011|0001|000 0x0988
2 0 0011010|0100|000 0x0D20
3 0 0011110|0111|001 0x0F39
4 0 0000000|1001|000 0x0048
4 1 0000001|1010|000 0x00D0
4 2 0000011|0010|010 0x0192
4 3 0000100|1010|010 0x0252
4 4 0000101|0010|010 0x0292
8 0 0100100|0101|110 0x122E
8 1 0100101|0100|101 0x12A5
8 2 0100111|0100|101 0x13A5
8 3 0101000|0010|101 0x1415
8 4 0110011|0101|111 0x19AF
9 0 0101101|0001|000 0x1688
9 1 0101110|0001|000 0x1708
9 2 0110101|0011|010 0x1A9A
BX = 101 Event : 78
0 0 0001010|0000|011 0x0503
0 1 0001011|0100|011 0x05A3
1 0 0010000|0101|000 0x0828
1 1 0010101|0001|011 0x0A8B
1 2 0010111|0001|110 0x0B8E
1 3 0011011|0010|011 0x0D93
3 0 0100001|0110|000 0x10B0
9 0 0101100|0001|011 0x160B
9 1 0110000|0001|110 0x180E
9 2 0110101|0011|111 0x1A9F
b 0 0111101|0110|001 0x1EB1
d 0 0100011|1011|101 0x11DD
e 0 0100100|1010|110 0x1256
BX = 110 Event : 79
0 0 0001111|0000|110 0x0786
0 1 0010000|0101|110 0x082E
0 2 0010010|0000|011 0x0903
1 0 0010011|0110|010 0x09B2
4 0 0000000|1000|000 0x0040
4 1 0000010|1001|000 0x0148
4 2 0000100|1001|010 0x024A
5 0 0000111|0010|000 0x0390
5 1 0001010|1001|110 0x054E
6 0 0001000|1001|001 0x0449
6 1 0001001|1000|001 0x04C1
6 2 0001100|1000|110 0x0646
8 0 0100110|0101|101 0x132D
8 1 0101010|0001|011 0x150B
8 2 0101101|0010|011 0x1693
8 3 0101111|0010|111 0x1797
9 0 0110010|0011|011 0x191B
9 1 0110110|0000|001 0x1B01
a 0 0111011|0001|101 0x1D8D
b 0 0100001|1001|111 0x10CF
b 1 0111101|0101|000 0x1EA8
b 2 0111111|0101|000 0x1FA8
c 0 0100010|1001|000 0x1148
c 1 0100011|0011|110 0x119E
d 0 0100101|0010|010 0x1292
BX = 111 Event : 80
0 0 0001110|0000|011 0x0703
0 1 0010000|0000|110 0x0806
0 2 0010011|0101|100 0x09AC
0 3 0011010|0101|111 0x0D2F
0 4 0011100|0000|110 0x0E06
1 0 0011001|0010|000 0x0C90
1 1 0100000|0100|011 0x1023
1 2 0100010|0001|001 0x1109
1 3 0100011|0101|001 0x11A9
1 4 0101001|0101|100 0x14AC
2 0 0110001|0010|011 0x1893
2 1 0110010|0010|010 0x1912
2 2 0110100|0000|110 0x1A06
2 3 0110110|0010|011 0x1B13
2 4 0111001|0100|110 0x1CA6
3 0 0000101|1001|101 0x02CD
3 1 0111011|0000|010 0x1D82
3 2 0111100|0010|000 0x1E10
4 0 0000000|0011|000 0x0018
4 1 0000001|1001|000 0x00C8
4 2 0000010|0010|000 0x0110
4 3 0000011|0010|000 0x0190
4 4 0001001|0001|010 0x048A
4 5 0001010|0000|010 0x0502
4 6 0001011|0010|111 0x0597
5 0 0001100|0001|000 0x0608
8 0 1001110|0101|110 0x272E
8 1 1010100|0010|100 0x2A14
8 2 1010101|0000|100 0x2A84
8 3 1011010|0100|111 0x2D27
8 4 1011110|0101|111 0x2F2F
8 5 1100000|0001|110 0x300E
8 6 1100001|0100|110 0x30A6
9 0 1101001|0110|101 0x34B5
d 0 1000100|0100|011 0x2223
d 1 1000101|0010|010 0x2292
BX = 000 Event : 81
0 0 0001111|0000|011 0x0783
1 0 0010000|0100|011 0x0823
1 1 0010010|0010|001 0x0911
1 2 0010100|0101|101 0x0A2D
1 3 0010101|0100|100 0x0AA4
1 4 0010110|0100|011 0x0B23
1 5 0011001|0101|110 0x0CAE
4 0 0000000|1010|000 0x0050
4 1 0000011|1011|101 0x01DD
8 0 0101101|0010|110 0x1696
8 1 0101110|0101|100 0x172C
8 2 0110001|0100|111 0x18A7
9 0 0110100|0010|001 0x1A11
9 1 0110110|0110|001 0x1B31
a 0 0111000|0100|011 0x1C23
b 0 0100000|0011|101 0x101D
c 0 0011110|1001|000 0x0F48
d 0 0100110|1001|101 0x134D
BX = 001 Event : 82
0 0 0001000|0100|011 0x0423
0 1 0001001|0000|001 0x0481
0 2 0010100|0101|100 0x0A2C
0 3 0011011|0101|100 0x0DAC
2 0 0101001|0000|000 0x1480
3 0 0000000|1001|101 0x004D
3 1 0000001|1010|100 0x00D4
3 2 0000010|0001|100 0x010C
5 0 0000101|1100|110 0x02E6
5 1 0000110|0001|110 0x030E
6 0 0000100|1011|001 0x0259
8 0 0110111|0000|001 0x1B81
8 1 0111001|0000|000 0x1C80
8 2 0111110|0101|100 0x1F2C
8 3 0111111|0001|100 0x1F8C
8 4 1000000|0101|100 0x202C
8 5 1000001|0100|100 0x20A4
8 6 1000100|0000|110 0x2206
9 0 1000110|0001|110 0x230E
9 1 1001000|0010|110 0x2416
a 0 1000111|0101|001 0x23A9
a 1 1001010|0110|001 0x2531
a 2 1001100|0111|101 0x263D
b 0 0101110|1010|101 0x1755
c 0 0101111|1010|010 0x17D2
BX = 010 Event : 83
0 0 0001001|0000|001 0x0481
0 1 0001101|0001|100 0x068C
0 2 0001110|0000|011 0x0703
1 0 0010001|0100|011 0x08A3
1 1 0010010|0100|010 0x0922
1 2 0010011|0000|001 0x0981
1 3 0010100|0101|001 0x0A29
1 4 0010101|0100|110 0x0AA6
2 0 0010110|0001|010 0x0B0A
2 1 0010111|0001|100 0x0B8C
3 0 0000010|1010|101 0x0155
3 1 0000011|0001|100 0x018C
4 0 0000000|1010|000 0x0050
8 0 0100111|0101|110 0x13AE
8 1 0101000|0101|101 0x142D
8 2 0101011|0001|011 0x158B
9 0 0101111|0010|001 0x1791
b 0 0011100|0010|101 0x0E15
c 0 0011101|1010|101 0x0ED5
BX = 011 Event : 84
0 0 0001110|0010|110 0x0716
0 1 0011000|0101|100 0x0C2C
0 2 0011001|0101|100 0x0CAC
0 3 0011110|0010|110 0x0F16
1 0 0011111|0010|011 0x0F93
1 1 0100001|0001|010 0x108A
1 2 0100011|0101|001 0x11A9
1 3 0100110|0101|111 0x132F
4 0 0000011|1001|110 0x01CE
4 1 0000100|0001|101 0x020D
8 0 0110011|0000|010 0x1982
8 1 0111001|0101|101 0x1CAD
8 2 0111100|0101|100 0x1E2C
9 0 0111101|0101|000 0x1EA8
9 1 1000001|0001|001 0x2089
9 2 1000100|0010|111 0x2217
9 3 1000101|0110|110 0x22B6
a 0 1000111|0000|101 0x2385
a 1 1001000|0000|101 0x2405
b 0 0101001|1011|100 0x14DC
BX = 100 Event : 85
0 0 0001111|0000|001 0x0781
0 1 0011000|0100|111 0x0C27
1 0 0010111|0100|000 0x0BA0
2 0 0011111|0101|101 0x0FAD
2 1 0100000|0110|100 0x1034
3 0 0000001|0010|101 0x0095
3 1 0000010|1010|100 0x0154
4 0 0000000|0000|000 0x0000
4 1 0000011|0011|110 0x019E
5 0 0000110|0100|000 0x0320
5 1 0001001|0100|110 0x04A6
6 0 0001010|1000|110 0x0546
6 1 0001011|1000|010 0x05C2
6 2 0001100|0010|010 0x0612
8 0 0101010|0101|110 0x152E
8 1 0101011|0100|110 0x15A6
8 2 0111001|0101|110 0x1CAE
9 0 0111100|0100|010 0x1E22
9 1 0111111|0101|010 0x1FAA
9 2 1000000|0100|001 0x2021
9 3 1000001|0100|001 0x20A1
9 4 1000100|0000|110 0x2206
a 0 1000110|0001|011 0x230B
a 1 1001010|0001|011 0x250B
b 0 0100001|1000|111 0x10C7
b 1 1001011|0100|000 0x25A0
b 2 1001101|0001|001 0x2689
c 0 0100010|0000|000 0x1100
c 1 0100100|1001|010 0x124A
c 2 0100110|0001|010 0x130A
e 0 0100111|0010|011 0x1393
BX = 101 Event : 86
0 0 0001101|0000|100 0x0684
0 1 0010101|0100|111 0x0AA7
0 2 0010110|0010|111 0x0B17
1 0 0010100|0101|000 0x0A28
2 0 0011101|0010|001 0x0E91
2 1 0011111|0001|000 0x0F88
2 2 0100000|0000|000 0x1000
5 0 0000100|0001|000 0x0208
8 0 0101010|0010|110 0x1516
8 1 0101101|0010|100 0x1694
8 2 0101111|0100|011 0x17A3
9 0 0110000|0100|001 0x1821
9 1 0110101|0000|011 0x1A83
9 2 0110110|0001|001 0x1B09
9 3 0110111|0010|001 0x1B91
e 0 0100101|1100|110 0x12E6
BX = 110 Event : 87
0 0 0000110|0000|001 0x0301
0 1 0000111|0110|101 0x03B5
0 2 0010000|0100|110 0x0826
2 0 0100010|0011|110 0x111E
2 1 0100011|0010|100 0x1194
2 2 0100100|0111|100 0x123C
3 0 0101010|0111|001 0x1539
4 0 0000000|0011|000 0x0018
4 1 0000010|1010|111 0x0157
8 0 0111101|0001|100 0x1E8C
9 0 1000111|0011|011 0x239B
9 1 1001000|0101|011 0x242B
9 2 1001010|0001|010 0x250A
9 3 1001110|0101|011 0x272B
b 0 0101110|0010|101 0x1715
d 0 0110010|1000|010 0x1942
d 1 0110011|1000|101 0x19C5
e 0 0110101|1100|011 0x1AE3
BX = 111 Event : 88
0 0 0000101|0000|011 0x0283
0 1 0001010|0010|110 0x0516
1 0 0001100|0100|011 0x0623
1 1 0010001|0100|111 0x08A7
4 0 0000000|1001|010 0x004A
8 0 0100110|0100|100 0x1324
8 1 0101000|0001|110 0x140E
8 2 0101010|0101|100 0x152C
9 0 0101011|0110|001 0x15B1
9 1 0101110|0100|011 0x1723
9 2 0110011|0001|101 0x198D
9 3 0110100|0001|101 0x1A0D
a 0 0110111|0001|001 0x1B89
b 0 0011001|1000|111 0x0CC7
b 1 0011011|1001|101 0x0DCD
b 2 0111010|0101|000 0x1D28
c 0 0011100|1001|101 0x0E4D
c 1 0011110|1000|010 0x0F42
e 0 0100001|0011|001 0x1099
e 1 0100010|0100|000 0x1120
e 2 0100101|0100|010 0x12A2
BX = 000 Event : 89
0 0 0010010|0010|110 0x0916
0 1 0010011|0110|101 0x09B5
0 2 0100000|0100|110 0x1026
1 0 0011000|0101|001 0x0C29
1 1 0011001|0001|001 0x0C89
1 2 0011010|0000|001 0x0D01
1 3 0100011|0000|011 0x1183
1 4 0100100|0001|011 0x120B
1 5 0100101|0001|101 0x128D
2 0 0101001|0000|010 0x1482
3 0 0101111|0011|001 0x1799
4 0 0000000|0001|000 0x0008
4 1 0001100|0000|010 0x0602
4 2 0001110|0011|010 0x071A
8 0 0110111|0101|110 0x1BAE
8 1 0111001|0010|101 0x1C95
8 2 0111101|0100|111 0x1EA7
9 0 0111111|0100|001 0x1FA1
9 1 1000000|0100|100 0x2024
a 0 1000111|0011|011 0x239B
b 0 0110000|1011|100 0x185C
c 0 0110001|1010|010 0x18D2
c 1 0110010|1010|010 0x1952
c 2 0110011|0010|010 0x1992
BX = 001 Event : 90
0 0 0001011|0000|001 0x0581
0 1 0001101|0100|001 0x06A1
0 2 0011001|0100|111 0x0CA7
0 3 0011010|0001|111 0x0D0F
1 0 0010101|0000|001 0x0A81
1 1 0010110|0001|001 0x0B09
1 2 0011101|0001|001 0x0E89
1 3 0011111|0011|001 0x0F99
3 0 0000001|0000|101 0x0085
3 1 0000101|0000|100 0x0284
3 2 0000110|0010|100 0x0314
3 3 0101101|0010|011 0x1693
3 4 0101110|0011|001 0x1719
8 0 0111100|0100|100 0x1E24
8 1 0111101|0000|100 0x1E84
8 2 0111110|0101|100 0x1F2C
8 3 1000000|0001|011 0x200B
9 0 1001000|0000|001 0x2401
a 0 1010000|0101|101 0x282D
a 1 1010001|0101|110 0x28AE
BX = 010 Event : 91
0 0 0010000|0010|101 0x0815
0 1 0010011|0001|011 0x098B
0 2 0010100|0101|011 0x0A2B
1 0 0011000|0000|001 0x0C01
1 1 0011001|0001|001 0x0C89
1 2 0011011|0110|101 0x0DB5
2 0 0100111|0010|101 0x1395
2 1 0101001|0111|011 0x14BB
4 0 0000101|1011|101 0x02DD
5 0 0001100|1100|110 0x0666
6 0 0001010|0010|001 0x0511
8 0 0111001|0101|101 0x1CAD
8 1 0111011|0010|101 0x1D95
9 0 1000011|0100|011 0x21A3
9 1 1000101|0100|011 0x22A3
a 0 1000110|0010|010 0x2312
a 1 1001000|0110|001 0x2431
BX = 011 Event : 92
0 0 0000110|0000|011 0x0303
0 1 0000111|0100|011 0x03A3
0 2 0001000|0100|001 0x0421
0 3 0001101|0100|111 0x06A7
0 4 0001110|0010|110 0x0716
1 0 0010000|0100|011 0x0823
1 1 0010110|0000|100 0x0B04
1 2 0011001|0100|111 0x0CA7
8 0 0101101|0100|100 0x16A4
8 1 0101111|0001|110 0x178E
8 2 0110010|0101|100 0x192C
9 0 0110110|0100|011 0x1B23
9 1 0111010|0010|010 0x1D12
9 2 0111101|0001|101 0x1E8D
9 3 0111110|0001|101 0x1F0D
a 0 1000001|0001|001 0x2089
b 0 0100001|1000|111 0x10C7
b 1 0100010|1001|101 0x114D
b 2 1000101|0101|000 0x22A8
c 0 0100011|1001|101 0x11CD
c 1 0100101|1000|010 0x12C2
e 0 0101000|0011|001 0x1419
e 1 0101001|0100|000 0x14A0
e 2 0101100|0100|010 0x1622
BX = 100 Event : 93
0 0 0010001|0000|001 0x0881
0 1 0010011|0010|100 0x0994
1 0 0010111|0011|110 0x0B9E
2 0 0100000|0100|110 0x1026
3 0 0011110|0110|000 0x0F30
3 1 0100011|0011|010 0x119A
3 2 0100100|0010|001 0x1211
4 0 0000110|0000|110 0x0306
5 0 0001010|1000|011 0x0543
5 1 0001011|0010|000 0x0590
6 0 0001100|0100|110 0x0626
6 1 0001101|1010|010 0x06D2
8 0 0110010|0000|010 0x1902
8 1 0110100|0000|000 0x1A00
8 2 0111000|0000|100 0x1C04
8 3 0111001|0110|100 0x1CB4
8 4 0111101|0100|011 0x1EA3
9 0 0111110|0101|000 0x1F28
9 1 1000011|0101|100 0x21AC
9 2 1000100|0101|010 0x222A
9 3 1000101|0100|001 0x22A1
9 4 1001010|0110|011 0x2533
a 0 1001110|0101|001 0x2729
b 0 0100101|1001|111 0x12CF
b 1 0100111|1010|101 0x13D5
c 0 0101001|1001|110 0x14CE
e 0 0101110|0000|110 0x1706
BX = 101 Event : 94
0 0 0010101|0010|111 0x0A97
1 0 0010011|0001|001 0x0989
1 1 0010100|0001|001 0x0A09
1 2 0011000|0011|001 0x0C19
3 0 0000001|0000|101 0x0085
3 1 0000100|0000|100 0x0204
3 2 0100000|0010|011 0x1013
3 3 0100001|0011|001 0x1099
6 0 0001011|0000|010 0x0582
8 0 0110001|0000|100 0x1884
9 0 0111111|0000|001 0x1F81
BX = 110 Event : 95
0 0 0010101|0010|100 0x0A94
2 0 0101000|0110|001 0x1431
3 0 0101011|0101|001 0x15A9
4 0 0000000|0011|000 0x0018
4 1 0000011|0001|010 0x018A
4 2 0000100|0000|010 0x0202
6 0 0001011|0011|001 0x0599
8 0 1001010|0000|111 0x2507
8 1 1001011|0100|111 0x25A7
8 2 1001100|0010|111 0x2617
8 3 1001110|0100|110 0x2726
8 4 1010000|0001|110 0x280E
a 0 1011001|0001|011 0x2C8B
a 1 1011010|0000|000 0x2D00
b 0 0101110|0001|101 0x170D
b 1 1100000|0011|001 0x3019
e 0 0111101|1010|110 0x1ED6
BX = 111 Event : 96
0 0 0010000|0001|100 0x080C
0 1 0010001|0100|100 0x08A4
0 2 0010011|0001|100 0x098C
0 3 0010100|0000|100 0x0A04
1 0 0011001|0001|011 0x0C8B
1 1 0011100|0010|101 0x0E15
1 2 0011101|0001|100 0x0E8C
4 0 0000010|1010|101 0x0155
5 0 0000101|0001|000 0x0288
8 0 0101100|0100|110 0x1626
8 1 0110001|0100|110 0x18A6
8 2 0110010|0100|110 0x1926
9 0 0110011|0100|010 0x19A2
9 1 0110100|0010|010 0x1A12
d 0 0100100|0001|000 0x1208
e 0 0101000|0000|011 0x1403
BX = 000 Event : 97
0 0 0000101|0100|011 0x02A3
0 1 0001001|0001|100 0x048C
1 0 0001110|0101|000 0x0728
1 1 0010011|0001|011 0x098B
1 2 0011011|0010|011 0x0D93
2 0 0100010|0100|101 0x1125
3 0 0100100|0110|000 0x1230
8 0 0110000|0001|100 0x180C
9 0 0110100|0001|011 0x1A0B
9 1 0110101|0101|001 0x1AA9
9 2 0111011|0011|111 0x1D9F
d 0 0101000|1011|101 0x145D
e 0 0101010|1001|110 0x154E
BX = 001 Event : 98
0 0 0001100|0010|110 0x0616
0 1 0010011|0100|111 0x09A7
1 0 0010111|0000|011 0x0B83
1 1 0011000|0011|011 0x0C1B
1 2 0011010|0011|011 0x0D1B
1 3 0011100|0010|001 0x0E11
1 4 0100000|0001|011 0x100B
1 5 0100001|0001|111 0x108F
2 0 0100011|0011|011 0x119B
4 0 0000000|1011|000 0x0058
5 0 0000100|1011|000 0x0258
6 0 0000111|0011|110 0x039E
6 1 0001000|1011|010 0x045A
8 0 0110001|0000|010 0x1882
9 0 0110110|0101|000 0x1B28
9 1 0111111|0101|111 0x1FAF
9 2 1000000|0110|110 0x2036
a 0 1000010|0110|010 0x2132
a 1 1000011|0000|001 0x2181
b 0 1000110|0111|011 0x233B
b 1 1000111|0101|011 0x23AB
b 2 1001000|0101|010 0x242A
c 0 0101011|0011|101 0x159D
e 0 0101101|0100|000 0x16A0
BX = 010 Event : 99
0 0 0001011|0000|011 0x0583
0 1 0001101|0100|001 0x06A1
0 2 0001110|0000|110 0x0706
0 3 0010000|0101|110 0x082E
0 4 0010001|0101|100 0x08AC
0 5 0010110|0000|110 0x0B06
1 0 0010100|0010|000 0x0A10
1 1 0011010|0100|011 0x0D23
1 2 0011100|0001|001 0x0E09
1 3 0011101|0101|001 0x0EA9
2 0 0100011|0010|010 0x1192
2 1 0100100|0101|010 0x122A
3 0 0000000|1001|101 0x004D
3 1 0000001|0000|101 0x0085
3 2 0101010|0000|010 0x1502
3 3 0101011|0010|000 0x1590
4 0 0001000|0010|111 0x0417
5 0 0000110|1010|011 0x0353
5 1 0000111|0001|011 0x038B
5 2 0001001|0001|000 0x0488
6 0 0001010|0100|001 0x0521
8 0 0110101|0101|110 0x1AAE
8 1 0111010|0000|100 0x1D04
8 2 0111100|0110|100 0x1E34
8 3 0111111|0010|111 0x1F97
8 4 1000000|0101|111 0x202F
8 5 1000010|0100|110 0x2126
9 0 1000100|0000|001 0x2201
a 0 1001100|0010|111 0x2617
a 1 1001101|0100|110 0x26A6
d 0 0110001|0010|010 0x1892
BX = 011 Event : 100
0 0 0001000|0101|110 0x042E
0 1 0001010|0101|101 0x052D
0 2 0010000|0000|111 0x0807
0 3 0010011|0001|110 0x098E
0 4 0010100|0100|110 0x0A26
0 5 0010101|0100|110 0x0AA6
1 0 0010111|0000|011 0x0B83
1 1 0100001|0001|110 0x108E
1 2 0100101|0010|110 0x1296
3 0 0101000|0011|001 0x1419
3 1 0101001|0011|001 0x1499
4 0 0000000|0010|000 0x0010
4 1 0000101|0010|010 0x0292
4 2 0000110|0001|010 0x030A
8 0 0110110|0000|000 0x1B00
8 1 0111001|0110|100 0x1CB4
8 2 0111010|0100|011 0x1D23
8 3 0111101|0010|111 0x1E97
9 0 0111011|0001|001 0x1D89
9 1 1000000|0001|001 0x2009
9 2 1000001|0101|001 0x20A9
9 3 1000010|0001|001 0x2109
a 0 1001000|0100|100 0x2424
a 1 1001001|0101|011 0x24AB
b 0 0101010|1010|100 0x1554
b 1 0101011|0000|101 0x1585
b 2 1001101|0101|010 0x26AA
