BX = 000 Event : 1
1 0 0001101|0100|000 0x06A0
1 1 0010010|0010|110 0x0916
1 2 0010011|0101|100 0x09AC
1 3 0010100|0110|100 0x0A34
1 4 0010110|0001|111 0x0B0F
1 5 0010111|0100|111 0x0BA7
2 0 0011001|0001|011 0x0C8B
2 1 0011101|0100|101 0x0EA5
3 0 0000000|1000|011 0x0043
3 1 0011110|0110|000 0x0F30
5 0 0001011|0000|101 0x0585
6 0 0001010|1000|000 0x0540
8 0 0101100|0000|111 0x1607
9 0 0101000|0000|001 0x1401
9 1 0101001|0100|001 0x14A1
9 2 0101110|0100|001 0x1721
9 3 0110010|0100|001 0x1921
9 4 0110101|0110|101 0x1AB5
9 5 0110110|0011|101 0x1B1D
9 6 0110111|0010|101 0x1B95
a 0 0111100|0110|100 0x1E34
a 1 0111111|0000|011 0x1F83
a 2 1000001|0010|100 0x2094
a 3 1000010|0110|100 0x2134
b 0 0100000|1000|110 0x1046
c 0 0100001|0011|100 0x109C
c 1 0100111|0011|111 0x139F
BX = 001 Event : 2
1 0 0001100|0100|000 0x0620
1 1 0010100|0110|101 0x0A35
2 0 0011010|0100|011 0x0D23
4 0 0000011|1011|001 0x01D9
5 0 0000110|0011|010 0x031A
9 0 0110011|0110|001 0x19B1
9 1 0111000|0011|110 0x1C1E
a 0 1000001|0000|011 0x2083
a 1 1000010|0000|101 0x2105
b 0 0011111|0001|110 0x0F8E
b 1 0100000|1001|110 0x104E
c 0 0100010|1010|001 0x1151
c 1 0100100|1001|001 0x1249
d 0 0100111|0000|101 0x1385
e 0 0100110|1000|000 0x1340
e 1 0101010|1001|101 0x154D
BX = 010 Event : 3
1 0 0010100|0101|010 0x0A2A
1 1 0010101|0000|001 0x0A81
2 0 0011110|0101|001 0x0F29
3 0 0000001|0010|011 0x0093
5 0 0001011|1010|101 0x05D5
6 0 0001010|1011|000 0x0558
8 0 0110110|0100|111 0x1B27
9 0 0110101|0000|000 0x1A80
9 1 0111100|0010|100 0x1E14
9 2 0111101|0101|011 0x1EAB
9 3 0111111|0001|011 0x1F8B
9 4 1000000|0101|010 0x202A
9 5 1000001|0001|001 0x2089
9 6 1000010|0100|100 0x2124
9 7 1000100|0100|001 0x2221
9 8 1000101|0100|001 0x22A1
9 9 1001001|0100|110 0x24A6
a 0 1001101|0101|000 0x26A8
b 0 0101000|1001|011 0x144B
c 0 0101100|1000|100 0x1644
c 1 0101101|1010|001 0x16D1
e 0 0101111|0011|000 0x1798
e 1 0110010|0011|101 0x191D
e 2 0110011|0010|010 0x1992
BX = 011 Event : 4
1 0 0010011|0100|000 0x09A0
1 1 0010101|0001|100 0x0A8C
1 2 0010110|0110|100 0x0B34
1 3 0010111|0100|010 0x0BA2
1 4 0011000|0000|010 0x0C02
1 5 0011100|0100|011 0x0E23
1 6 0011110|0101|110 0x0F2E
1 7 0011111|0010|100 0x0F94
1 8 0100001|0100|100 0x10A4
1 9 0100010|0011|100 0x111C
1 a 0100111|0101|110 0x13AE
2 0 0100101|0001|001 0x1289
3 0 0101001|0000|000 0x1480
4 0 0001100|1000|111 0x0647
6 0 0010001|1011|110 0x08DE
a 0 1000010|0100|011 0x2123
c 0 0101110|1001|001 0x1749
c 1 0101111|0000|100 0x1784
c 2 0110010|1001|001 0x1949
d 0 0110100|0001|101 0x1A0D
d 1 0110101|1010|101 0x1AD5
e 0 0111000|1010|101 0x1C55
BX = 100 Event : 5
1 0 0001000|0100|100 0x0424
1 1 0001010|0100|011 0x0523
1 2 0001011|0000|010 0x0582
1 3 0001100|0001|010 0x060A
1 4 0001101|0101|010 0x06AA
1 5 0010001|0001|110 0x088E
1 6 0010011|0100|110 0x09A6
1 7 0010111|0010|111 0x0B97
2 0 0010110|0010|001 0x0B11
2 1 0011011|0001|011 0x0D8B
3 0 0011111|0011|001 0x0F99
3 1 0100000|0110|001 0x1031
6 0 0000101|0010|000 0x0290
6 1 0000110|0011|000 0x0318
9 0 0101110|0101|010 0x172A
9 1 0101111|0001|010 0x178A
9 2 0110000|0000|010 0x1802
9 3 0110101|0010|100 0x1A94
9 4 0110111|0011|100 0x1B9C
9 5 0111010|0100|111 0x1D27
b 0 1000010|0011|000 0x2118
c 0 0100010|0010|001 0x1111
d 0 0100101|0011|010 0x129A
d 1 0100110|0010|010 0x1312
e 0 0101011|1001|101 0x15CD
BX = 101 Event : 6
1 0 0010101|0101|010 0x0AAA
1 1 0010110|0101|010 0x0B2A
1 2 0010111|0000|001 0x0B81
1 3 0011000|0010|001 0x0C11
1 4 0011010|0110|110 0x0D36
1 5 0011011|0101|110 0x0DAE
2 0 0100110|0001|011 0x130B
2 1 0101010|0001|110 0x150E
2 2 0101011|0000|101 0x1585
3 0 0000000|0011|110 0x001E
3 1 0000001|0011|110 0x009E
3 2 0000010|0001|011 0x010B
4 0 0000110|0001|001 0x0309
6 0 0010001|1010|011 0x08D3
9 0 0111111|0100|000 0x1FA0
9 1 1000010|0110|011 0x2133
9 2 1000011|0110|010 0x21B2
9 3 1000110|0101|001 0x2329
9 4 1001000|0110|011 0x2433
b 0 0101110|0001|011 0x170B
c 0 0110100|1001|001 0x1A49
d 0 0111001|1010|010 0x1CD2
e 0 0111101|0010|000 0x1E90
e 1 0111110|1011|101 0x1F5D
BX = 110 Event : 7
1 0 0010000|0100|000 0x0820
1 1 0010001|0100|000 0x08A0
1 2 0010100|0010|011 0x0A13
1 3 0010101|0001|100 0x0A8C
1 4 0010110|0101|011 0x0B2B
1 5 0010111|0001|001 0x0B89
1 6 0011001|0000|011 0x0C83
1 7 0011101|0101|110 0x0EAE
4 0 0001001|0001|111 0x048F
5 0 0000101|1010|010 0x02D2
5 1 0001011|0011|101 0x059D
5 2 0001100|1001|101 0x064D
5 3 0001101|1001|101 0x06CD
8 0 0110011|0001|110 0x198E
8 1 0110111|0100|111 0x1BA7
9 0 0110001|0000|001 0x1881
9 1 0110010|0001|001 0x1909
9 2 0111011|0110|010 0x1DB2
9 3 0111101|0010|010 0x1E92
9 4 1000001|0110|110 0x20B6
d 0 0101101|0000|010 0x1682
BX = 111 Event : 8
1 0 0010110|0001|001 0x0B09
1 1 0011000|0100|001 0x0C21
1 2 0011011|0100|011 0x0DA3
1 3 0011100|0000|001 0x0E01
1 4 0011101|0110|011 0x0EB3
1 5 0011111|0100|010 0x0FA2
1 6 0100001|0110|110 0x10B6
1 7 0100010|0001|101 0x110D
3 0 0101010|0000|000 0x1500
3 1 0101011|0110|000 0x15B0
4 0 0000100|1010|001 0x0251
4 1 0000110|1001|001 0x0349
5 0 0001001|1010|010 0x04D2
5 1 0001110|1001|101 0x074D
6 0 0001101|0000|000 0x0680
9 0 0110111|0010|010 0x1B92
9 1 0111001|0010|001 0x1C91
9 2 0111010|0000|100 0x1D04
9 3 0111101|0010|110 0x1E96
9 4 0111110|0000|110 0x1F06
9 5 0111111|0010|110 0x1F96
9 6 1000101|0101|111 0x22AF
a 0 1000110|0010|001 0x2311
a 1 1001000|0110|011 0x2433
a 2 1001001|0010|101 0x2495
a 3 1001010|0101|101 0x252D
c 0 0101110|0010|001 0x1711
c 1 0110000|0001|110 0x180E
BX = 000 Event : 9
1 0 0000010|0000|000 0x0100
1 1 0000101|0001|100 0x028C
1 2 0000110|0110|100 0x0334
1 3 0001101|0010|100 0x0694
1 4 0001110|0000|100 0x0704
8 0 0011100|0000|111 0x0E07
8 1 0011101|0001|110 0x0E8E
9 0 0011110|0100|001 0x0F21
9 1 0100001|0100|101 0x10A5
9 2 0100100|0011|100 0x121C
a 0 0101000|0110|001 0x1431
a 1 0101010|0110|011 0x1533
b 0 0010110|1010|110 0x0B56
b 1 0010111|0001|011 0x0B8B
c 0 0011000|0000|110 0x0C06
d 0 0011001|1001|101 0x0CCD
e 0 0011010|1010|101 0x0D55
BX = 001 Event : 10
0 0 0000010|0100|111 0x0127
2 0 0001100|0111|100 0x063C
9 0 0100001|0011|101 0x109D
a 0 0100100|0010|001 0x1211
a 1 0101001|0000|010 0x1482
b 0 0010001|0000|110 0x0886
b 1 0010010|0010|110 0x0916
b 2 0010011|1001|011 0x09CB
c 0 0010110|0011|001 0x0B19
d 0 0011001|0011|101 0x0C9D
BX = 010 Event : 11
1 0 0001101|0000|000 0x0680
1 1 0010000|0000|000 0x0800
1 2 0010011|0001|100 0x098C
1 3 0010100|0000|011 0x0A03
1 4 0010101|0000|001 0x0A81
1 5 0010110|0110|001 0x0B31
1 6 0010111|0001|001 0x0B89
1 7 0011010|0000|001 0x0D01
1 8 0011101|0110|100 0x0EB4
2 0 0101001|0110|111 0x14B7
3 0 0000000|0011|110 0x001E
3 1 0101011|0110|001 0x15B1
4 0 0000011|1001|001 0x01C9
4 1 0000100|0000|001 0x0201
5 0 0001010|0100|101 0x0525
5 1 0001011|1001|101 0x05CD
9 0 0111100|0010|010 0x1E12
9 1 0111110|0001|001 0x1F09
9 2 1000010|0100|101 0x2125
9 3 1000101|0110|100 0x22B4
a 0 1001110|0101|110 0x272E
b 0 0101110|0000|011 0x1703
b 1 0101111|1010|011 0x17D3
b 2 0110000|1001|011 0x184B
c 0 0110010|1010|001 0x1951
c 1 0110100|0010|110 0x1A16
c 2 0110101|1010|110 0x1AD6
d 0 0110110|0011|101 0x1B1D
BX = 011 Event : 12
1 0 0010010|0010|100 0x0914
1 1 0010011|0110|010 0x09B2
1 2 0010110|0110|110 0x0B36
2 0 0011101|0100|101 0x0EA5
2 1 0011110|0010|101 0x0F15
3 0 0000000|1011|111 0x005F
4 0 0000011|1001|100 0x01CC
4 1 0000111|0001|001 0x0389
6 0 0001011|0011|000 0x0598
6 1 0001100|0000|011 0x0603
9 0 0110000|0100|000 0x1820
9 1 0110101|0000|010 0x1A82
b 0 0100010|0010|110 0x1116
b 1 0100011|1010|110 0x11D6
b 2 0100100|1001|011 0x124B
b 3 0100101|0011|011 0x129B
c 0 0100111|1001|100 0x13CC
c 1 0101000|1010|100 0x1454
c 2 0101001|1000|100 0x14C4
BX = 100 Event : 13
1 0 0000111|0001|001 0x0389
2 0 0001100|0100|000 0x0620
3 0 0000000|0011|011 0x001B
4 0 0000001|1010|100 0x00D4
9 0 0100001|0001|111 0x108F
e 0 0011011|0011|010 0x0D9A
e 1 0011100|0011|011 0x0E1B
BX = 101 Event : 14
1 0 0010000|0110|001 0x0831
1 1 0010010|0001|010 0x090A
1 2 0010011|0001|110 0x098E
1 3 0010110|0101|100 0x0B2C
1 4 0011000|0001|111 0x0C0F
2 0 0011001|0110|011 0x0CB3
2 1 0011011|0000|001 0x0D81
4 0 0001010|0011|111 0x051F
5 0 0001101|0011|101 0x069D
8 0 0100111|0000|111 0x1387
8 1 0101001|0000|111 0x1487
9 0 0100110|0000|000 0x1300
9 1 0101011|0101|100 0x15AC
9 2 0101100|0101|010 0x162A
9 3 0101101|0110|001 0x16B1
9 4 0110101|0101|101 0x1AAD
9 5 0110111|0101|100 0x1BAC
9 6 0111000|0110|100 0x1C34
9 7 0111001|0011|100 0x1C9C
9 8 0111010|0101|100 0x1D2C
9 9 0111111|0000|111 0x1F87
9 a 1000000|0110|111 0x2037
9 b 1000001|0100|111 0x20A7
9 c 1000010|0110|111 0x2137
a 0 0111101|0001|001 0x1E89
a 1 1000100|0010|010 0x2212
a 2 1000101|0011|011 0x229B
a 3 1000110|0011|011 0x231B
a 4 1000111|0001|110 0x238E
a 5 1001000|0001|101 0x240D
b 0 0011111|1001|011 0x0FCB
c 0 0100001|1010|100 0x10D4
BX = 110 Event : 15
0 0 0001100|0000|110 0x0606
1 0 0010111|0010|111 0x0B97
2 0 0010110|0010|000 0x0B10
2 1 0011000|0111|100 0x0C3C
2 2 0011001|0000|110 0x0C86
4 0 0000000|0010|100 0x0014
4 1 0000001|1001|001 0x00C9
8 0 0101011|0100|111 0x15A7
9 0 0101100|0100|001 0x1621
9 1 0101111|0110|100 0x17B4
a 0 0110010|0110|001 0x1931
a 1 0110101|0000|011 0x1A83
a 2 0110111|0100|001 0x1BA1
b 0 0111010|0010|000 0x1D10
d 0 0100101|0011|010 0x129A
d 1 0101000|0011|101 0x141D
e 0 0101010|1000|010 0x1542
BX = 111 Event : 16
1 0 0001111|0001|001 0x0789
1 1 0010010|0011|110 0x091E
3 0 0000000|1000|011 0x0043
4 0 0000001|0001|100 0x008C
4 1 0000100|0001|111 0x020F
5 0 0000011|0000|010 0x0182
5 1 0001000|1011|101 0x045D
6 0 0000111|0100|000 0x03A0
9 0 0100101|0001|000 0x1288
9 1 0101001|0100|100 0x14A4
9 2 0101010|0101|100 0x152C
a 0 0110010|0000|001 0x1901
b 0 0011100|1010|110 0x0E56
b 1 0011101|0010|110 0x0E96
b 2 0011110|1000|110 0x0F46
b 3 0011111|1000|110 0x0FC6
c 0 0100001|0010|100 0x1094
BX = 000 Event : 17
0 0 0001101|0001|111 0x068F
1 0 0010000|0100|010 0x0822
1 1 0010001|0110|010 0x08B2
1 2 0010100|0100|101 0x0A25
1 3 0010101|0010|101 0x0A95
1 4 0010110|0010|100 0x0B14
3 0 0000000|0010|110 0x0016
4 0 0000011|0011|001 0x0199
4 1 0000100|0011|001 0x0219
5 0 0000111|0011|010 0x039A
5 1 0001001|0011|101 0x049D
9 0 0101100|0101|100 0x162C
9 1 0101101|0001|011 0x168B
9 2 0101110|0001|010 0x170A
9 3 0110101|0011|100 0x1A9C
a 0 0111001|0001|000 0x1C88
a 1 0111110|0011|100 0x1F1C
b 0 0100001|0001|110 0x108E
e 0 0101001|0010|000 0x1490
BX = 001 Event : 18
0 0 0001001|0000|110 0x0486
1 0 0001010|0100|000 0x0520
1 1 0001101|0010|011 0x0693
1 2 0010001|0000|100 0x0884
2 0 0010111|0011|010 0x0B9A
3 0 0000001|0011|011 0x009B
4 0 0000110|0000|111 0x0307
9 0 0110010|0100|001 0x1921
9 1 0110100|0000|011 0x1A03
9 2 0110110|0100|001 0x1B21
a 0 0111100|0101|000 0x1E28
a 1 0111111|0101|110 0x1FAE
b 0 0011101|0011|110 0x0E9E
b 1 0011110|0011|011 0x0F1B
c 0 0100110|0000|001 0x1301
c 1 0100111|0010|001 0x1391
BX = 010 Event : 19
1 0 0010010|0101|010 0x092A
2 0 0010111|0001|000 0x0B88
2 1 0011011|0000|001 0x0D81
2 2 0011110|0010|011 0x0F13
2 3 0011111|0001|011 0x0F8B
2 4 0100000|0000|010 0x1002
2 5 0100001|0011|010 0x109A
3 0 0100010|0001|001 0x1109
3 1 0100011|0000|001 0x1181
4 0 0000101|1001|001 0x02C9
5 0 0001001|0100|101 0x04A5
6 0 0001011|0100|110 0x05A6
8 0 0110011|0000|111 0x1987
8 1 0110110|0000|111 0x1B07
9 0 0110001|0000|000 0x1880
9 1 0110010|0000|000 0x1900
a 0 1000100|0101|001 0x2229
a 1 1000110|0100|100 0x2324
a 2 1000111|0110|100 0x23B4
a 3 1001001|0101|100 0x24AC
a 4 1001010|0101|100 0x252C
b 0 0101000|0011|110 0x141E
b 1 1001011|0101|001 0x25A9
b 2 1001100|0101|000 0x2628
c 0 0101010|0001|001 0x1509
BX = 011 Event : 20
0 0 0000111|0001|111 0x038F
1 0 0001001|0010|001 0x0491
1 1 0001011|0010|001 0x0591
1 2 0001110|0010|110 0x0716
3 0 0010101|0001|001 0x0A89
3 1 0011000|0010|001 0x0C11
6 0 0000100|0010|110 0x0216
6 1 0000101|1010|011 0x02D3
9 0 0101000|0100|000 0x1420
9 1 0101100|0110|010 0x1632
9 2 0101101|0100|001 0x16A1
9 3 0110001|0010|101 0x1895
9 4 0110010|0100|101 0x1925
a 0 0111011|0001|011 0x1D8B
a 1 0111111|0010|101 0x1F95
a 2 1000010|0110|111 0x2137
b 0 1000001|0000|000 0x2080
d 0 0100001|0001|010 0x108A
d 1 0100100|1011|101 0x125D
e 0 0100101|0001|010 0x128A
BX = 100 Event : 21
1 0 0001100|0000|000 0x0600
1 1 0001101|0100|000 0x06A0
1 2 0010000|0110|101 0x0835
3 0 0000001|1001|110 0x00CE
5 0 0001010|1000|010 0x0542
9 0 0101011|0100|100 0x15A4
9 1 0101101|0010|011 0x1693
9 2 0101110|0100|010 0x1722
9 3 0110000|0101|010 0x182A
9 4 0110011|0101|010 0x19AA
9 5 0110101|0001|010 0x1A8A
9 6 0111010|0011|100 0x1D1C
a 0 0111100|0111|001 0x1E39
a 1 0111101|0001|011 0x1E8B
a 2 0111111|0100|101 0x1FA5
b 0 0010111|1000|110 0x0BC6
c 0 0011011|0010|100 0x0D94
d 0 0100100|0011|101 0x121D
d 1 0100101|0010|101 0x1295
e 0 0100010|0011|000 0x1118
e 1 0100011|1011|000 0x11D8
e 2 0100110|1011|010 0x135A
BX = 101 Event : 22
1 0 0001101|0001|110 0x068E
1 1 0001110|0010|100 0x0714
1 2 0001111|0101|111 0x07AF
2 0 0010100|0011|010 0x0A1A
3 0 0000000|1011|011 0x005B
3 1 0010111|0110|001 0x0BB1
6 0 0000110|0100|000 0x0320
9 0 0011110|0100|000 0x0F20
9 1 0100110|0001|100 0x130C
a 0 0101010|0101|001 0x1529
b 0 0011001|1001|011 0x0CCB
b 1 0101110|0000|001 0x1701
c 0 0011011|1010|001 0x0DD1
c 1 0011100|1010|001 0x0E51
d 0 0011101|1010|101 0x0ED5
BX = 110 Event : 23
1 0 0010011|0100|110 0x09A6
1 1 0010100|0101|110 0x0A2E
4 0 0000010|1010|100 0x0154
4 1 0000100|0000|001 0x0201
4 2 0001001|0010|111 0x0497
5 0 0001100|1001|101 0x064D
5 1 0001101|0010|101 0x0695
9 0 0100101|0001|010 0x128A
9 1 0100110|0010|010 0x1312
9 2 0100111|0101|001 0x13A9
9 3 0101010|0001|010 0x150A
a 0 0101110|0100|001 0x1721
a 1 0110001|0001|100 0x188C
a 2 0110011|0000|111 0x1987
e 0 0100010|1001|101 0x114D
BX = 111 Event : 24
0 0 0010011|0001|110 0x098E
0 1 0010100|0000|110 0x0A06
1 0 0010010|0100|000 0x0920
1 1 0010110|0010|010 0x0B12
1 2 0011101|0011|110 0x0E9E
1 3 0011110|0110|100 0x0F34
2 0 0100101|0010|011 0x1293
2 1 0100110|0111|011 0x133B
3 0 0000001|0001|110 0x008E
3 1 0000010|1001|011 0x014B
3 2 0101001|0101|001 0x14A9
3 3 0101010|0010|000 0x1510
4 0 0000011|0000|100 0x0184
4 1 0000100|0001|100 0x020C
4 2 0000101|0000|100 0x0284
4 3 0000110|0011|001 0x0319
4 4 0001001|1010|111 0x04D7
4 5 0001010|1000|111 0x0547
4 6 0001011|1000|111 0x05C7
9 0 0111110|0100|010 0x1F22
9 1 1000001|0100|100 0x20A4
c 0 0101110|0010|001 0x1711
c 1 0101111|1010|001 0x17D1
e 0 0111011|0011|010 0x1D9A
BX = 000 Event : 25
0 0 0001100|0100|111 0x0627
0 1 0001101|0100|111 0x06A7
1 0 0001110|0010|100 0x0714
1 1 0001111|0010|110 0x0796
1 2 0010001|0001|100 0x088C
1 3 0010011|0010|100 0x0994
1 4 0011001|0010|111 0x0C97
2 0 0010110|0000|000 0x0B00
2 1 0010111|0000|000 0x0B80
2 2 0011011|0100|110 0x0DA6
3 0 0000001|0011|011 0x009B
3 1 0000010|0001|011 0x010B
3 2 0000011|1010|110 0x01D6
3 3 0000101|1000|011 0x02C3
4 0 0000110|0011|100 0x031C
4 1 0001001|0001|111 0x048F
9 0 0100100|0000|001 0x1201
9 1 0101000|0000|010 0x1402
9 2 0101001|0000|001 0x1481
9 3 0101100|0001|001 0x1609
9 4 0110011|0101|111 0x19AF
9 5 0110100|0101|110 0x1A2E
b 0 0111100|0011|000 0x1E18
BX = 001 Event : 26
1 0 0010000|0010|110 0x0816
1 1 0010101|0010|111 0x0A97
2 0 0011000|0011|110 0x0C1E
5 0 0000101|1000|010 0x02C2
6 0 0001000|1000|110 0x0446
9 0 0100111|0100|000 0x13A0
9 1 0101011|0010|010 0x1592
9 2 0101100|0010|010 0x1612
9 3 0110000|0101|111 0x182F
b 0 0011110|0001|110 0x0F0E
e 0 0100100|0010|010 0x1212
e 1 0100101|1001|010 0x12CA
BX = 010 Event : 27
1 0 0001011|0000|001 0x0581
1 1 0010001|0100|010 0x08A2
1 2 0010010|0010|001 0x0911
1 3 0011001|0101|100 0x0CAC
2 0 0011111|0011|100 0x0F9C
3 0 0100101|0110|001 0x12B1
4 0 0000011|0000|100 0x0184
4 1 0000110|0000|111 0x0307
6 0 0001010|0010|011 0x0513
8 0 0101101|0000|111 0x1687
8 1 0101110|0100|111 0x1727
9 0 0110001|0010|011 0x1893
9 1 0110011|0001|010 0x198A
9 2 0110100|0000|001 0x1A01
a 0 0111100|0110|010 0x1E32
a 1 0111101|0011|011 0x1E9B
a 2 0111110|0010|010 0x1F12
c 0 0101001|1000|100 0x14C4
c 1 0101100|1011|111 0x165F
BX = 011 Event : 28
1 0 0010000|0110|110 0x0836
2 0 0010110|0110|011 0x0B33
2 1 0010111|0101|011 0x0BAB
2 2 0011100|0011|110 0x0E1E
3 0 0000000|0000|110 0x0006
3 1 0000001|1000|011 0x00C3
9 0 0101001|0000|000 0x1480
9 1 0101110|0000|000 0x1700
9 2 0101111|0101|100 0x17AC
9 3 0110000|0010|011 0x1813
9 4 0110001|0110|010 0x18B2
9 5 0110010|0110|100 0x1934
9 6 0110110|0010|110 0x1B16
9 7 0111000|0100|110 0x1C26
9 8 0111001|0000|101 0x1C85
a 0 0111110|0110|100 0x1F34
a 1 1000100|0110|011 0x2233
a 2 1000101|0010|010 0x2292
a 3 1000110|0110|100 0x2334
b 0 0011111|1001|110 0x0FCE
c 0 0100001|0001|100 0x108C
c 1 0100011|0010|001 0x1191
d 0 0100111|0010|101 0x1395
BX = 100 Event : 29
1 0 0001100|0101|010 0x062A
1 1 0001101|0101|010 0x06AA
1 2 0010101|0001|110 0x0A8E
1 3 0010110|0010|100 0x0B14
4 0 0000001|1011|100 0x00DC
8 0 0110011|0000|111 0x1987
9 0 0110111|0000|100 0x1B84
9 1 0111000|0100|100 0x1C24
b 0 0101000|0010|110 0x1416
b 1 0101001|0010|110 0x1496
d 0 0110000|1000|010 0x1842
BX = 101 Event : 30
0 0 0001110|0001|111 0x070F
1 0 0010001|0000|011 0x0883
1 1 0010010|0110|001 0x0931
2 0 0011011|0011|011 0x0D9B
2 1 0100001|0100|110 0x10A6
3 0 0000000|1001|111 0x004F
3 1 0000001|0000|011 0x0083
3 2 0000010|1010|110 0x0156
3 3 0000011|1000|011 0x01C3
4 0 0000101|1001|100 0x02CC
8 0 0110110|0000|111 0x1B07
9 0 0110100|0000|000 0x1A00
9 1 0111001|0000|011 0x1C83
9 2 0111010|0101|010 0x1D2A
9 3 0111011|0101|010 0x1DAA
9 4 0111100|0100|001 0x1E21
9 5 0111101|0101|001 0x1EA9
9 6 0111110|0100|100 0x1F24
a 0 1000110|0101|011 0x232B
b 0 0100011|0010|110 0x1196
b 1 0100110|1000|110 0x1346
b 2 0100111|0010|110 0x1396
b 3 0101000|0011|011 0x141B
c 0 0101001|0001|100 0x148C
c 1 0101010|0010|001 0x1511
d 0 0101111|1010|010 0x17D2
d 1 0110000|0010|010 0x1812
d 2 0110001|0010|010 0x1892
BX = 110 Event : 31
0 0 0010100|0000|111 0x0A07
1 0 0011001|0110|110 0x0CB6
1 1 0011010|0101|110 0x0D2E
3 0 0000001|1000|011 0x00C3
5 0 0001000|1010|010 0x0452
5 1 0001001|0010|010 0x0492
5 2 0001010|0000|010 0x0502
5 3 0001110|0011|101 0x071D
6 0 0001101|1001|000 0x06C8
9 0 0101111|0001|011 0x178B
9 1 0110010|0000|010 0x1902
9 2 0110101|0011|101 0x1A9D
9 3 0110110|0101|100 0x1B2C
a 0 0111001|0010|001 0x1C91
a 1 0111100|0010|001 0x1E11
a 2 1000010|0100|001 0x2121
a 3 1000011|0011|110 0x219E
a 4 1000101|0101|110 0x22AE
b 0 0100010|1000|110 0x1146
c 0 0100100|1000|100 0x1244
c 1 0100101|0011|001 0x1299
e 0 0101011|0011|000 0x1598
BX = 111 Event : 32
1 0 0010010|0101|011 0x092B
1 1 0011001|0010|110 0x0C96
1 2 0011100|0010|100 0x0E14
1 3 0011111|0010|111 0x0F97
2 0 0100000|0110|001 0x1031
2 1 0100001|0010|011 0x1093
2 2 0100010|0010|100 0x1114
3 0 0000000|0000|011 0x0003
4 0 0000001|1011|100 0x00DC
4 1 0000010|0010|001 0x0111
4 2 0000011|1010|001 0x01D1
5 0 0001010|0011|010 0x051A
5 1 0001011|0011|010 0x059A
5 2 0001101|0011|010 0x069A
5 3 0001110|0011|101 0x071D
9 0 1000000|0000|001 0x2001
9 1 1000101|0101|100 0x22AC
9 2 1000110|0101|100 0x232C
9 3 1000111|0100|100 0x23A4
9 4 1001001|0101|011 0x24AB
9 5 1010001|0101|101 0x28AD
9 6 1010010|0100|100 0x2924
9 7 1010101|0000|111 0x2A87
9 8 1010110|0010|111 0x2B17
a 0 1011001|0010|010 0x2C92
b 0 0100110|0000|110 0x1306
b 1 0100111|0000|110 0x1386
b 2 0101000|0000|110 0x1406
b 3 0101001|0001|110 0x148E
b 4 0101010|1000|011 0x1543
b 5 0101011|1010|011 0x15D3
c 0 0101101|0001|001 0x1689
c 1 0110011|0010|111 0x1997
c 2 0110100|1011|111 0x1A5F
d 0 0110111|0001|101 0x1B8D
e 0 0111011|1011|101 0x1DDD
BX = 000 Event : 33
1 0 0001010|0000|000 0x0500
1 1 0001011|0000|000 0x0580
1 2 0001100|0000|001 0x0601
1 3 0010010|0000|010 0x0902
1 4 0010011|0001|011 0x098B
1 5 0010100|0000|010 0x0A02
1 6 0010110|0010|110 0x0B16
1 7 0010111|0101|110 0x0BAE
2 0 0100001|0011|111 0x109F
4 0 0000011|1010|001 0x01D1
9 0 0110110|0100|011 0x1B23
a 0 1000011|0101|000 0x21A8
a 1 1000111|0001|101 0x238D
c 0 0100101|1011|001 0x12D9
c 1 0100110|0010|001 0x1311
e 0 0101101|0010|000 0x1690
e 1 0101110|1011|000 0x1758
e 2 0101111|0010|010 0x1792
e 3 0110000|1011|010 0x185A
BX = 001 Event : 34
0 0 0001010|0100|111 0x0527
0 1 0001011|0100|111 0x05A7
0 2 0001100|0100|111 0x0627
0 3 0001101|0100|111 0x06A7
0 4 0001110|0001|111 0x070F
1 0 0001001|0000|001 0x0481
2 0 0011000|0001|001 0x0C09
2 1 0011011|0110|100 0x0DB4
3 0 0000000|1010|011 0x0053
3 1 0000001|0010|011 0x0093
3 2 0000010|0000|011 0x0103
9 0 0110110|0100|001 0x1B21
9 1 0111001|0110|010 0x1CB2
9 2 0111101|0101|010 0x1EAA
a 0 1001011|0100|100 0x25A4
a 1 1001101|0100|100 0x26A4
c 0 0101000|0011|100 0x141C
c 1 0101101|0010|110 0x1696
d 0 0110000|0011|101 0x181D
BX = 010 Event : 35
1 0 0010101|0010|100 0x0A94
3 0 0000000|1001|110 0x004E
3 1 0100010|0110|000 0x1130
4 0 0000001|0001|100 0x008C
6 0 0001001|0011|000 0x0498
6 1 0001110|0011|011 0x071B
9 0 0110110|0010|010 0x1B12
9 1 0111011|0000|100 0x1D84
9 2 0111100|0001|011 0x1E0B
9 3 0111101|0010|010 0x1E92
9 4 1000100|0000|100 0x2204
b 0 0100111|1010|011 0x13D3
b 1 0101000|1010|011 0x1453
b 2 1001110|0010|001 0x2711
d 0 0101111|0001|010 0x178A
e 0 0110010|0000|101 0x1905
BX = 011 Event : 36
1 0 0001100|0000|100 0x0604
1 1 0001101|0110|010 0x06B2
1 2 0001110|0100|101 0x0725
1 3 0010000|0001|100 0x080C
1 4 0010001|0000|100 0x0884
2 0 0010010|0101|001 0x0929
2 1 0010011|0011|101 0x099D
3 0 0000000|0010|110 0x0016
4 0 0000011|1010|100 0x01D4
9 0 0011111|0100|100 0x0FA4
9 1 0100100|0101|101 0x122D
9 2 0100110|0101|100 0x132C
a 0 0101001|0010|001 0x1491
a 1 0101011|0101|100 0x15AC
a 2 0101101|0011|001 0x1699
a 3 0110000|0101|100 0x182C
a 4 0110101|0100|111 0x1AA7
b 0 0010100|0011|011 0x0A1B
b 1 0010110|1000|110 0x0B46
b 2 0110010|0101|001 0x1929
c 0 0011000|1000|001 0x0C41
BX = 100 Event : 37
0 0 0001111|0000|110 0x0786
1 0 0010010|0000|001 0x0901
1 1 0010110|0101|100 0x0B2C
1 2 0011001|0010|101 0x0C95
2 0 0100101|0110|111 0x12B7
2 1 0100111|0110|111 0x13B7
3 0 0000001|0010|011 0x0093
5 0 0001001|0010|101 0x0495
6 0 0001000|0100|000 0x0420
9 0 0111111|0101|010 0x1FAA
9 1 1000001|0000|011 0x2083
9 2 1000010|0010|011 0x2113
9 3 1000101|0101|101 0x22AD
a 0 1001010|0111|100 0x253C
a 1 1001100|0101|101 0x262D
a 2 1001110|0110|100 0x2734
b 0 0101011|0011|011 0x159B
b 1 1010010|0010|001 0x2911
b 2 1010011|0001|001 0x2989
d 0 0110100|0010|010 0x1A12
d 1 0110111|1011|101 0x1BDD
e 0 0111001|0100|101 0x1CA5
BX = 101 Event : 38
1 0 0001100|0100|010 0x0622
1 1 0001101|0100|010 0x06A2
9 0 0101011|0000|100 0x1584
9 1 0101100|0000|100 0x1604
a 0 0101111|0010|001 0x1791
a 1 0110001|0000|010 0x1882
a 2 0110010|0011|001 0x1919
a 3 0110011|0010|110 0x1996
b 0 0011010|0000|110 0x0D06
b 1 0011011|1000|011 0x0DC3
b 2 0011100|1001|011 0x0E4B
c 0 0100000|1010|110 0x1056
BX = 110 Event : 39
1 0 0010001|0100|001 0x08A1
1 1 0010010|0101|100 0x092C
2 0 0010111|0010|001 0x0B91
3 0 0000001|1011|110 0x00DE
3 1 0000010|1001|110 0x014E
3 2 0000011|0010|110 0x0196
3 3 0000100|0001|011 0x020B
4 0 0000111|0001|001 0x0389
5 0 0001001|0000|010 0x0482
6 0 0001110|0011|110 0x071E
6 1 0001111|0000|110 0x0786
8 0 0101101|0100|110 0x16A6
9 0 0110000|0010|010 0x1812
9 1 0110001|0010|010 0x1892
9 2 0110010|0101|010 0x192A
9 3 0110011|0001|001 0x1989
9 4 0110101|0000|100 0x1A84
9 5 0110110|0000|100 0x1B04
9 6 0110111|0110|100 0x1BB4
9 7 0111100|0101|111 0x1E2F
c 0 0011100|0000|100 0x0E04
c 1 0011111|1000|111 0x0FC7
d 0 0100010|1011|101 0x115D
e 0 0100111|1000|101 0x13C5
BX = 111 Event : 40
1 0 0000100|0100|000 0x0220
1 1 0000101|0000|010 0x0282
1 2 0000110|0110|010 0x0332
1 3 0000111|0010|010 0x0392
1 4 0001000|0101|010 0x042A
1 5 0001001|0100|010 0x04A2
1 6 0010000|0101|110 0x082E
1 7 0010101|0101|111 0x0AAF
2 0 0010010|0010|001 0x0911
2 1 0010100|0101|000 0x0A28
3 0 0011011|0101|001 0x0DA9
3 1 0011100|0011|000 0x0E18
4 0 0000010|1001|111 0x014F
8 0 0100101|0001|111 0x128F
8 1 0100110|0000|111 0x1307
9 0 0100100|0000|001 0x1201
9 1 0100111|0011|110 0x139E
9 2 0101000|0010|110 0x1416
a 0 0101110|0001|011 0x170B
a 1 0101111|0011|010 0x179A
a 2 0110100|0110|111 0x1A37
c 0 0011111|1000|100 0x0FC4
e 0 0100011|1011|010 0x11DA
BX = 000 Event : 41
0 0 0001011|0001|110 0x058E
1 0 0001110|0100|010 0x0722
1 1 0001111|0001|010 0x078A
1 2 0010001|0110|001 0x08B1
2 0 0010110|0100|001 0x0B21
2 1 0010111|0010|001 0x0B91
2 2 0011011|0101|010 0x0DAA
4 0 0000000|0011|100 0x001C
4 1 0000001|1010|100 0x00D4
4 2 0000011|0010|001 0x0191
4 3 0000100|1010|001 0x0251
5 0 0001001|0100|101 0x04A5
8 0 0101010|0100|111 0x1527
9 0 0101001|0000|001 0x1481
9 1 0101101|0101|011 0x16AB
9 2 0101111|0010|001 0x1791
9 3 0110010|0000|110 0x1906
9 4 0111000|0000|111 0x1C07
9 5 0111001|0100|110 0x1CA6
a 0 0110100|0100|001 0x1A21
a 1 0110101|0010|001 0x1A91
a 2 0110110|0010|000 0x1B10
a 3 1000001|0010|010 0x2092
a 4 1000010|0110|001 0x2131
a 5 1000101|0110|100 0x22B4
a 6 1000110|0010|111 0x2317
a 7 1000111|0001|111 0x238F
c 0 0100011|0011|001 0x1199
e 0 0100101|0001|000 0x1288
BX = 001 Event : 42
1 0 0001100|0000|001 0x0601
1 1 0001101|0100|001 0x06A1
1 2 0010000|0000|010 0x0802
1 3 0010001|0101|010 0x08AA
1 4 0010010|0101|001 0x0929
1 5 0010101|0101|001 0x0AA9
1 6 0010111|0010|001 0x0B91
1 7 0011000|0010|110 0x0C16
2 0 0100001|0010|110 0x1096
3 0 0000000|1010|111 0x0057
3 1 0000010|1011|110 0x015E
6 0 0001011|0100|011 0x05A3
8 0 0101100|0001|111 0x160F
8 1 0101101|0100|111 0x16A7
9 0 0110100|0101|111 0x1A2F
b 0 0111110|0101|001 0x1F29
b 1 0111111|0100|000 0x1FA0
c 0 0100111|0001|001 0x1389
BX = 010 Event : 43
1 0 0001011|0000|000 0x0580
1 1 0001100|0001|000 0x0608
1 2 0001110|0010|100 0x0714
1 3 0010001|0101|110 0x08AE
1 4 0010010|0000|101 0x0905
1 5 0010111|0010|100 0x0B94
2 0 0011000|0010|000 0x0C10
2 1 0011011|0001|100 0x0D8C
4 0 0000100|1001|001 0x0249
4 1 0000111|0011|001 0x0399
6 0 0001010|1010|110 0x0556
9 0 0110010|0100|010 0x1922
9 1 0110011|0010|001 0x1991
9 2 0110111|0010|001 0x1B91
9 3 0111000|0011|110 0x1C1E
9 4 0111011|0001|100 0x1D8C
b 0 0011101|0000|110 0x0E86
b 1 0011110|1001|011 0x0F4B
b 2 0100000|0000|110 0x1006
b 3 0100001|1010|011 0x10D3
c 0 0100011|0010|100 0x1194
c 1 0100101|1000|001 0x12C1
e 0 0101101|1001|010 0x16CA
e 1 0101110|1010|010 0x1752
BX = 011 Event : 44
1 0 0010011|0100|010 0x09A2
1 1 0010100|0101|100 0x0A2C
1 2 0011001|0010|111 0x0C97
3 0 0000000|0011|011 0x001B
4 0 0000110|0010|111 0x0317
5 0 0000100|1010|010 0x0252
5 1 0000111|1001|010 0x03CA
6 0 0001101|0100|110 0x06A6
9 0 0110011|0010|011 0x1993
a 0 0111010|0110|000 0x1D30
a 1 0111011|0001|010 0x1D8A
a 2 0111100|0001|010 0x1E0A
a 3 0111101|0110|010 0x1EB2
a 4 0111110|0000|110 0x1F06
b 0 0100001|0011|110 0x109E
c 0 0100100|1000|001 0x1241
c 1 0100110|0011|111 0x131F
c 2 0100111|0011|111 0x139F
c 3 0101000|0001|110 0x140E
d 0 0100101|0010|010 0x1292
BX = 100 Event : 45
0 0 0001111|0100|111 0x07A7
1 0 0001100|0000|001 0x0601
1 1 0001101|0100|001 0x06A1
1 2 0001110|0000|001 0x0701
1 3 0010001|0000|001 0x0881
1 4 0010010|0001|011 0x090B
1 5 0010011|0000|001 0x0981
1 6 0011001|0101|100 0x0CAC
1 7 0011011|0100|100 0x0DA4
2 0 0100010|0000|010 0x1102
2 1 0100011|0011|001 0x1199
3 0 0000010|0001|011 0x010B
4 0 0000011|0011|001 0x0199
4 1 0000101|1010|111 0x02D7
4 2 0000110|0011|111 0x031F
4 3 0000111|0010|111 0x0397
6 0 0001010|0011|110 0x051E
8 0 0101111|0000|111 0x1787
9 0 0110100|0001|100 0x1A0C
9 1 0110101|0001|100 0x1A8C
a 0 0111010|0111|010 0x1D3A
a 1 0111011|0010|100 0x1D94
a 2 0111110|0111|010 0x1F3A
a 3 0111111|0110|101 0x1FB5
a 4 1000001|0011|100 0x209C
b 0 1000100|0100|001 0x2221
d 0 0101010|0001|010 0x150A
d 1 0101100|1010|101 0x1655
d 2 0101101|1010|101 0x16D5
BX = 101 Event : 46
1 0 0010000|0010|001 0x0811
1 1 0100000|0001|111 0x100F
2 0 0100101|0101|110 0x12AE
2 1 0100110|0101|110 0x132E
3 0 0000000|1001|011 0x004B
4 0 0000001|0001|001 0x0089
5 0 0001000|1011|101 0x045D
6 0 0000111|1010|000 0x03D0
6 1 0001001|0000|011 0x0483
9 0 0111000|0100|001 0x1C21
9 1 0111111|0010|010 0x1F92
9 2 1000010|0100|110 0x2126
9 3 1000011|0110|101 0x21B5
9 4 1000100|0000|100 0x2204
9 5 1000110|0101|110 0x232E
a 0 1001000|0110|010 0x2432
a 1 1001011|0111|010 0x25BA
c 0 0101101|0000|001 0x1681
c 1 0110001|0011|111 0x189F
c 2 0110101|1001|110 0x1ACE
c 3 0110110|0010|110 0x1B16
d 0 0110000|1001|010 0x184A
d 1 0110010|0011|010 0x191A
d 2 0110011|1000|010 0x19C2
d 3 0110100|1010|010 0x1A52
BX = 110 Event : 47
0 0 0001101|0000|111 0x0687
0 1 0010000|0100|110 0x0826
1 0 0010001|0000|100 0x0884
1 1 0010010|0001|011 0x090B
1 2 0010111|0011|100 0x0B9C
1 3 0011100|0110|110 0x0E36
2 0 0011111|0001|011 0x0F8B
3 0 0000000|1001|110 0x004E
4 0 0000011|0001|100 0x018C
4 1 0000100|1001|001 0x0249
5 0 0000101|0011|010 0x029A
6 0 0001001|0010|110 0x0496
6 1 0001010|1000|011 0x0543
9 0 0111101|0101|111 0x1EAF
a 0 0111111|0000|010 0x1F82
a 1 1000000|0101|011 0x202B
a 2 1000010|0110|100 0x2134
a 3 1000011|0101|100 0x21AC
b 0 0100011|0000|110 0x1186
b 1 0100101|1000|011 0x12C3
b 2 0100110|0011|011 0x131B
c 0 0101011|1001|100 0x15CC
c 1 0101100|0011|001 0x1619
c 2 0101111|1010|110 0x17D6
d 0 0101101|0011|010 0x169A
e 0 0110000|0011|101 0x181D
BX = 111 Event : 48
1 0 0001111|0101|001 0x07A9
1 1 0010000|0110|001 0x0831
1 2 0010010|0110|111 0x0937
1 3 0011100|0101|111 0x0E2F
2 0 0011101|0010|001 0x0E91
2 1 0011110|0101|110 0x0F2E
2 2 0011111|0101|110 0x0FAE
2 3 0100001|0010|100 0x1094
2 4 0100010|0110|111 0x1137
3 0 0000000|1001|110 0x004E
3 1 0000010|1000|011 0x0143
5 0 0000110|0010|010 0x0312
5 1 0000111|0011|010 0x039A
9 0 0110100|0100|000 0x1A20
9 1 0111001|0110|101 0x1CB5
b 0 0100011|1000|110 0x11C6
b 1 0100101|0000|011 0x1283
c 0 0100110|0000|100 0x1304
c 1 0100111|1001|100 0x13CC
c 2 0101000|0011|001 0x1419
c 3 0101001|0001|001 0x1489
d 0 0101111|0100|101 0x17A5
d 1 0110000|0010|101 0x1815
e 0 0101101|1011|000 0x16D8
e 1 0101110|0011|000 0x1718
BX = 000 Event : 49
0 0 0010000|0100|111 0x0827
1 0 0001100|0100|001 0x0621
1 1 0001101|0000|000 0x0680
1 2 0010001|0101|100 0x08AC
1 3 0010011|0000|010 0x0982
1 4 0010100|0001|010 0x0A0A
1 5 0010110|0110|100 0x0B34
1 6 0010111|0001|011 0x0B8B
1 7 0011001|0101|101 0x0CAD
2 0 0011011|0001|011 0x0D8B
2 1 0011100|0001|011 0x0E0B
2 2 0011101|0001|011 0x0E8B
3 0 0000000|0011|011 0x001B
3 1 0000001|0010|011 0x0093
5 0 0001010|1011|101 0x055D
6 0 0001001|0010|000 0x0490
9 0 0101010|0100|000 0x1520
9 1 0101110|0000|010 0x1702
a 0 0110011|0101|000 0x19A8
a 1 0110100|0010|101 0x1A15
e 0 0101000|0011|000 0x1418
e 1 0101001|0011|010 0x149A
BX = 001 Event : 50
1 0 0000111|0110|011 0x03B3
1 1 0001100|0010|101 0x0615
1 2 0001101|0001|101 0x068D
1 3 0001110|0010|100 0x0714
2 0 0001111|0001|001 0x0789
2 1 0010001|0100|110 0x08A6
2 2 0010010|0010|110 0x0916
2 3 0011000|0110|111 0x0C37
2 4 0011001|0101|111 0x0CAF
9 0 0100101|0100|000 0x12A0
9 1 0100110|0000|000 0x1300
9 2 0100111|0001|000 0x1388
9 3 0101000|0010|011 0x1413
9 4 0101010|0100|011 0x1523
b 0 0011011|0001|011 0x0D8B
e 0 0100100|0100|010 0x1222
BX = 010 Event : 51
0 0 0000010|0100|110 0x0126
2 0 0001111|0111|001 0x07B9
9 0 0011011|0100|001 0x0DA1
9 1 0100010|0001|100 0x110C
9 2 0100100|0110|010 0x1232
9 3 0100101|0000|010 0x1282
9 4 0100111|0001|001 0x1389
9 5 0101010|0001|010 0x150A
9 6 0101100|0101|100 0x162C
9 7 0101101|0010|100 0x1694
9 8 0101111|0000|100 0x1784
a 0 0110000|0001|011 0x180B
a 1 0110011|0110|100 0x19B4
c 0 0010100|0001|001 0x0A09
d 0 0011010|0011|101 0x0D1D
BX = 011 Event : 52
1 0 0010110|0000|000 0x0B00
1 1 0011000|0101|011 0x0C2B
1 2 0011001|0101|011 0x0CAB
1 3 0011010|0101|010 0x0D2A
1 4 0011011|0101|010 0x0DAA
1 5 0011110|0100|011 0x0F23
2 0 0101010|0000|110 0x1506
3 0 0000000|0011|011 0x001B
3 1 0000011|0011|011 0x019B
3 2 0000100|1001|011 0x024B
4 0 0001000|1000|001 0x0441
4 1 0001001|1001|001 0x04C9
4 2 0001010|1010|001 0x0551
4 3 0001100|1000|001 0x0641
4 4 0001101|1010|111 0x06D7
4 5 0001111|1000|111 0x07C7
9 0 0111110|0110|011 0x1F33
9 1 1000101|0010|110 0x2296
a 0 1001100|0001|010 0x260A
a 1 1010010|0000|111 0x2907
c 0 0101110|1010|100 0x1754
c 1 0101111|1010|001 0x17D1
c 2 0110000|1010|001 0x1851
d 0 0110100|1010|010 0x1A52
e 0 0110111|0000|000 0x1B80
BX = 100 Event : 53
1 0 0001001|0000|011 0x0483
3 0 0000000|1010|011 0x0053
4 0 0000100|0011|111 0x021F
5 0 0000110|1001|101 0x034D
9 0 0011101|0100|001 0x0EA1
9 1 0011111|0000|000 0x0F80
9 2 0100000|0100|000 0x1020
9 3 0100001|0100|000 0x10A0
9 4 0101100|0001|111 0x160F
a 0 0101101|0101|100 0x16AC
a 1 0101111|0110|011 0x17B3
a 2 0110000|0001|100 0x180C
a 3 0110001|0101|100 0x18AC
a 4 0110010|0001|100 0x190C
a 5 0110011|0100|100 0x19A4
a 6 0110100|0100|100 0x1A24
b 0 0010110|1001|011 0x0B4B
c 0 0010111|0011|100 0x0B9C
c 1 0011000|0001|001 0x0C09
d 0 0011001|0000|010 0x0C82
e 0 0011011|0010|000 0x0D90
BX = 101 Event : 54
1 0 0001001|0110|001 0x04B1
2 0 0010111|0001|010 0x0B8A
2 1 0011000|0111|010 0x0C3A
2 2 0011001|0001|010 0x0C8A
2 3 0011010|0000|100 0x0D04
2 4 0011101|0010|001 0x0E91
2 5 0011110|0010|110 0x0F16
2 6 0011111|0010|110 0x0F96
3 0 0100001|0010|001 0x1091
5 0 0000101|0001|010 0x028A
8 0 0110110|0000|111 0x1B07
9 0 0110101|0000|001 0x1A81
9 1 0111000|0010|011 0x1C13
9 2 0111001|0101|010 0x1CAA
9 3 0111011|0101|010 0x1DAA
9 4 0111110|0110|001 0x1F31
9 5 0111111|0000|100 0x1F84
a 0 1000010|0010|010 0x2112
a 1 1000011|0101|010 0x21AA
a 2 1000100|0001|001 0x2209
b 0 0100011|0010|011 0x1193
b 1 0100101|0001|011 0x128B
b 2 0100110|0000|011 0x1303
c 0 0101000|1010|100 0x1454
c 1 0101100|1010|110 0x1656
e 0 0101110|1001|000 0x1748
BX = 110 Event : 55
0 0 0010000|0001|110 0x080E
1 0 0001111|0100|000 0x07A0
1 1 0011100|0100|111 0x0E27
1 2 0011101|0100|111 0x0EA7
2 0 0100001|0100|001 0x10A1
2 1 0100010|0110|100 0x1134
3 0 0100100|0110|001 0x1231
4 0 0000011|0000|001 0x0181
4 1 0000101|0001|111 0x028F
6 0 0001001|1010|000 0x04D0
6 1 0001010|0000|000 0x0500
9 0 0110111|0100|100 0x1BA4
9 1 0111000|0100|010 0x1C22
9 2 0111100|0100|010 0x1E22
9 3 1000010|0110|101 0x2135
9 4 1000011|0100|100 0x21A4
a 0 1000111|0011|100 0x239C
c 0 0101001|1000|001 0x14C1
d 0 0101011|0010|010 0x1592
BX = 111 Event : 56
1 0 0001101|0000|010 0x0682
1 1 0010010|0101|110 0x092E
1 2 0010100|0011|101 0x0A1D
1 3 0010101|0010|100 0x0A94
2 0 0011110|0110|101 0x0F35
2 1 0011111|0010|100 0x0F94
2 2 0100000|0010|100 0x1014
3 0 0000000|0000|111 0x0007
3 1 0000001|1011|110 0x00DE
4 0 0000100|1001|100 0x024C
5 0 0000111|1011|010 0x03DA
6 0 0001001|1011|000 0x04D8
6 1 0001011|0011|110 0x059E
6 2 0001100|1010|011 0x0653
9 0 0101101|0001|000 0x1688
9 1 0101110|0010|011 0x1713
9 2 0101111|0101|010 0x17AA
9 3 0110010|0101|110 0x192E
a 0 0110111|0100|100 0x1BA4
a 1 0111010|0000|011 0x1D03
a 2 0111101|0101|101 0x1EAD
a 3 0111111|0100|100 0x1FA4
a 4 1000000|0000|100 0x2004
b 0 1000100|0010|001 0x2211
c 0 0100010|1011|001 0x1159
c 1 0100011|1010|001 0x11D1
e 0 0101001|0100|000 0x14A0
BX = 000 Event : 57
1 0 0001010|0000|001 0x0501
1 1 0001101|0001|011 0x068B
1 2 0001110|0101|010 0x072A
1 3 0010000|0110|010 0x0832
1 4 0010100|0001|011 0x0A0B
1 5 0011000|0110|111 0x0C37
1 6 0011011|0011|101 0x0D9D
1 7 0011110|0101|111 0x0F2F
4 0 0000001|0011|100 0x009C
4 1 0000010|1000|001 0x0141
4 2 0000011|0001|001 0x0189
6 0 0001000|0000|110 0x0406
6 1 0001001|0000|011 0x0483
9 0 0101011|0101|011 0x15AB
9 1 0101100|0100|010 0x1622
9 2 0101101|0101|001 0x16A9
9 3 0110011|0110|110 0x19B6
a 0 0111111|0010|100 0x1F94
b 0 1000000|0110|000 0x2030
c 0 0100111|0010|100 0x1394
c 1 0101000|1000|111 0x1447
e 0 0101010|1001|101 0x154D
BX = 001 Event : 58
1 0 0001011|0000|010 0x0582
1 1 0001100|0001|100 0x060C
2 0 0010001|0000|001 0x0881
2 1 0010010|0101|011 0x092B
2 2 0010100|0001|100 0x0A0C
2 3 0010101|0000|100 0x0A84
2 4 0010110|0000|100 0x0B04
9 0 0100110|0100|000 0x1320
9 1 0100111|0001|000 0x1388
9 2 0101011|0101|010 0x15AA
9 3 0101110|0010|011 0x1713
9 4 0110000|0100|010 0x1822
9 5 0110010|0110|100 0x1934
9 6 0110011|0110|100 0x19B4
a 0 0111011|0011|001 0x1D99
a 1 0111110|0011|101 0x1F1D
b 0 0011000|1001|110 0x0C4E
b 1 0011001|0001|110 0x0C8E
b 2 0011010|0011|011 0x0D1B
d 0 0100010|1000|010 0x1142
BX = 010 Event : 59
1 0 0001011|0100|001 0x05A1
1 1 0001111|0001|001 0x0789
1 2 0010001|0100|001 0x08A1
1 3 0010010|0100|001 0x0921
1 4 0010011|0010|100 0x0994
1 5 0010111|0011|100 0x0B9C
1 6 0011000|0010|100 0x0C14
2 0 0011001|0010|100 0x0C94
4 0 0000110|1001|111 0x034F
9 0 0101001|0110|010 0x14B2
9 1 0101011|0101|010 0x15AA
9 2 0101110|0101|110 0x172E
d 0 0100010|1001|010 0x114A
e 0 0100101|0010|101 0x1295
BX = 011 Event : 60
0 0 0001100|0000|111 0x0607
0 1 0001101|0001|111 0x068F
1 0 0010100|0110|011 0x0A33
1 1 0010111|0100|110 0x0BA6
1 2 0011010|0100|100 0x0D24
1 3 0011100|0110|100 0x0E34
2 0 0011111|0101|101 0x0FAD
3 0 0000001|0001|011 0x008B
4 0 0000011|0010|100 0x0194
4 1 0000110|1001|100 0x034C
4 2 0001000|1011|111 0x045F
4 3 0001010|1001|111 0x054F
9 0 0110100|0001|000 0x1A08
9 1 0111011|0001|100 0x1D8C
9 2 0111101|0101|011 0x1EAB
9 3 0111110|0010|011 0x1F13
9 4 0111111|0000|011 0x1F83
9 5 1000000|0001|011 0x200B
9 6 1000010|0110|110 0x2136
a 0 1001001|0110|010 0x24B2
a 1 1001010|0000|001 0x2501
b 0 0100011|1000|110 0x11C6
b 1 0100100|0001|110 0x120E
b 2 0100101|0000|011 0x1283
b 3 1010010|0110|001 0x2931
c 0 0101000|0011|100 0x141C
c 1 0101010|1010|001 0x1551
c 2 0101011|1011|001 0x15D9
c 3 0101110|0011|111 0x171F
c 4 0101111|1010|110 0x17D6
d 0 0110001|0000|101 0x1885
d 1 0110010|1001|101 0x194D
BX = 100 Event : 61
1 0 0001100|0100|011 0x0623
1 1 0010011|0101|100 0x09AC
1 2 0011000|0101|111 0x0C2F
2 0 0010110|0100|001 0x0B21
2 1 0100100|0011|100 0x121C
2 2 0100110|0110|100 0x1334
2 3 0100111|0101|100 0x13AC
2 4 0101010|0000|111 0x1507
3 0 0000000|0010|011 0x0013
3 1 0101011|0001|000 0x1588
6 0 0000101|1010|110 0x02D6
6 1 0000110|1010|110 0x0356
9 0 0111010|0101|010 0x1D2A
9 1 0111011|0100|010 0x1DA2
9 2 0111111|0100|010 0x1FA2
9 3 1000100|0100|100 0x2224
9 4 1000111|0101|111 0x23AF
9 5 1001000|0101|111 0x242F
b 0 1001010|0000|000 0x2500
c 0 0110001|0011|110 0x189E
BX = 101 Event : 62
1 0 0001001|0101|010 0x04AA
2 0 0001011|0010|001 0x0591
2 1 0010000|0011|100 0x081C
2 2 0010101|0010|110 0x0A96
2 3 0010110|0100|110 0x0B26
4 0 0000001|1000|001 0x00C1
5 0 0000101|0000|010 0x0282
9 0 0100110|0001|001 0x1309
9 1 0101001|0010|001 0x1491
9 2 0101100|0001|001 0x1609
9 3 0101101|0011|100 0x169C
c 0 0011011|0011|001 0x0D99
d 0 0100001|1010|101 0x10D5
e 0 0100000|0010|000 0x1010
BX = 110 Event : 63
0 0 0001111|0100|111 0x07A7
1 0 0010101|0000|011 0x0A83
1 1 0011000|0000|001 0x0C01
1 2 0011001|0001|001 0x0C89
1 3 0011011|0000|001 0x0D81
1 4 0011101|0000|110 0x0E86
1 5 0011110|0110|100 0x0F34
3 0 0000000|0010|110 0x0016
3 1 0000001|1010|110 0x00D6
3 2 0000010|1001|110 0x014E
3 3 0101001|0001|001 0x1489
3 4 0101010|0101|001 0x1529
3 5 0101011|0110|001 0x15B1
4 0 0000011|0001|001 0x0189
8 0 0111010|0000|111 0x1D07
9 0 0111001|0001|000 0x1C88
9 1 0111101|0010|011 0x1E93
9 2 0111110|0101|011 0x1F2B
9 3 1000000|0101|101 0x202D
a 0 1000010|0000|001 0x2101
a 1 1001000|0001|001 0x2409
b 0 0101100|1000|011 0x1643
b 1 0101110|1001|011 0x174B
c 0 0101111|1010|001 0x17D1
d 0 0110101|0011|101 0x1A9D
d 1 0110110|0011|101 0x1B1D
BX = 111 Event : 64
0 0 0001100|0100|110 0x0626
1 0 0001111|0100|010 0x07A2
1 1 0010010|0000|010 0x0902
1 2 0010101|0000|010 0x0A82
2 0 0011101|0001|110 0x0E8E
3 0 0000000|1010|110 0x0056
3 1 0000011|0011|011 0x019B
3 2 0100000|0100|001 0x1021
4 0 0001000|1011|111 0x045F
9 0 0110000|0101|100 0x182C
9 1 0110001|0001|010 0x188A
9 2 0110011|0010|010 0x1992
9 3 0110100|0000|010 0x1A02
9 4 0110111|0110|110 0x1BB6
9 5 0111000|0101|100 0x1C2C
a 0 1000000|0101|110 0x202E
b 0 0100011|1010|011 0x11D3
b 1 1000111|0010|001 0x2391
b 2 1001010|0101|000 0x2528
e 0 0101001|1010|000 0x14D0
e 1 0101011|0011|101 0x159D
e 2 0101100|0010|010 0x1612
e 3 0101101|0100|110 0x16A6
BX = 000 Event : 65
1 0 0001100|0000|000 0x0600
1 1 0001110|0001|100 0x070C
1 2 0001111|0110|011 0x07B3
1 3 0010000|0101|110 0x082E
1 4 0010001|0010|110 0x0896
2 0 0011011|0010|010 0x0D92
2 1 0011110|0011|010 0x0F1A
4 0 0000010|0000|001 0x0101
5 0 0000101|1001|010 0x02CA
5 1 0000110|0011|010 0x031A
6 0 0001001|1000|000 0x04C0
9 0 0101110|0100|000 0x1720
9 1 0110001|0100|011 0x18A3
9 2 0110010|0110|100 0x1934
a 0 0110110|0101|001 0x1B29
a 1 0111100|0110|010 0x1E32
a 2 0111101|0110|010 0x1EB2
b 0 0100001|1000|110 0x10C6
b 1 0100010|1010|011 0x1153
c 0 0100101|0011|100 0x129C
c 1 0100110|0011|001 0x1319
c 2 0101010|0011|111 0x151F
c 3 0101011|1000|110 0x15C6
d 0 0101001|0001|010 0x148A
BX = 001 Event : 66
1 0 0001110|0110|100 0x0734
1 1 0010000|0110|100 0x0834
1 2 0010001|0000|100 0x0884
4 0 0000001|1001|001 0x00C9
4 1 0000010|0000|001 0x0101
4 2 0000100|1001|100 0x024C
4 3 0000101|1010|001 0x02D1
4 4 0000111|0000|111 0x0387
9 0 0101001|0000|011 0x1483
9 1 0101010|0000|011 0x1503
9 2 0101011|0101|001 0x15A9
9 3 0101101|0101|001 0x16A9
9 4 0110000|0001|110 0x180E
9 5 0110011|0011|100 0x199C
9 6 0110100|0110|100 0x1A34
a 0 0110101|0101|000 0x1AA8
a 1 0111010|0110|010 0x1D32
a 2 0111011|0110|111 0x1DB7
a 3 0111100|0110|110 0x1E36
b 0 0011000|0001|011 0x0C0B
c 0 0011101|1000|001 0x0EC1
d 0 0011111|1010|010 0x0FD2
d 1 0100010|1000|101 0x1145
d 2 0100011|0010|101 0x1195
BX = 010 Event : 67
1 0 0010010|0010|110 0x0916
1 1 0010111|0010|111 0x0B97
2 0 0011000|0111|100 0x0C3C
2 1 0011010|0110|001 0x0D31
2 2 0011101|0001|111 0x0E8F
2 3 0011110|0000|101 0x0F05
2 4 0011111|0110|100 0x0FB4
2 5 0100000|0110|100 0x1034
2 6 0100011|0001|111 0x118F
2 7 0100100|0110|111 0x1237
4 0 0000001|1010|100 0x00D4
4 1 0000110|0001|001 0x0309
4 2 0001001|1001|111 0x04CF
6 0 0001010|1010|110 0x0556
8 0 0110001|0100|111 0x18A7
9 0 0111010|0100|001 0x1D21
9 1 0111011|0001|110 0x1D8E
9 2 0111100|0011|101 0x1E1D
9 3 1000001|0110|111 0x20B7
9 4 1000010|0001|111 0x210F
9 5 1000011|0010|111 0x2197
a 0 1000111|0010|011 0x2393
a 1 1001000|0101|001 0x2429
b 0 0100101|1011|011 0x12DB
b 1 0100110|1010|011 0x1353
c 0 0101011|1011|111 0x15DF
e 0 0101110|1011|101 0x175D
e 1 0101111|1000|101 0x17C5
BX = 011 Event : 68
1 0 0010110|0100|010 0x0B22
1 1 0010111|0110|110 0x0BB6
1 2 0011000|0010|100 0x0C14
2 0 0011010|0101|000 0x0D28
2 1 0011100|0010|001 0x0E11
2 2 0011101|0001|011 0x0E8B
3 0 0000011|1000|011 0x01C3
4 0 0000100|1001|100 0x024C
4 1 0000110|0011|001 0x0319
4 2 0000111|0000|001 0x0381
4 3 0001000|1010|001 0x0451
4 4 0001011|0011|001 0x0599
4 5 0001100|0011|001 0x0619
5 0 0001110|1000|010 0x0742
5 1 0010000|0011|101 0x081D
5 2 0010001|1000|101 0x08C5
6 0 0010011|0001|110 0x098E
6 1 0010100|0000|110 0x0A06
9 0 0101110|0001|010 0x170A
9 1 0110001|0101|110 0x18AE
c 0 0100110|0010|110 0x1316
d 0 0100100|0001|010 0x120A
BX = 100 Event : 69
1 0 0010010|0010|011 0x0913
1 1 0011100|0010|101 0x0E15
1 2 0011101|0110|101 0x0EB5
1 3 0011110|0010|100 0x0F14
1 4 0100010|0001|111 0x110F
2 0 0100011|0011|111 0x119F
3 0 0000010|1001|110 0x014E
5 0 0000111|1001|010 0x03CA
6 0 0001010|1001|000 0x0548
6 1 0001011|1011|110 0x05DE
9 0 0110001|0000|001 0x1881
9 1 0110101|0101|010 0x1AAA
9 2 0111010|0110|110 0x1D36
9 3 0111011|0001|110 0x1D8E
9 4 0111100|0010|101 0x1E15
a 0 1000111|0101|111 0x23AF
b 0 0100100|0001|011 0x120B
b 1 0100101|0001|011 0x128B
b 2 0100110|0001|011 0x130B
b 3 1000101|0010|000 0x2290
b 4 1000110|0010|000 0x2310
c 0 0101000|0010|001 0x1411
BX = 101 Event : 70
1 0 0001111|0110|100 0x07B4
1 1 0010000|0101|100 0x082C
3 0 0010111|0110|001 0x0BB1
3 1 0011000|0100|000 0x0C20
4 0 0000011|0000|001 0x0181
6 0 0001000|0100|110 0x0426
8 0 0100101|0000|111 0x1287
8 1 0100110|0100|111 0x1327
9 0 0100010|0100|000 0x1120
9 1 0100011|0100|000 0x11A0
9 2 0100100|0000|000 0x1200
b 0 0011100|1011|110 0x0E5E
e 0 0011111|1010|000 0x0FD0
BX = 110 Event : 71
1 0 0001001|0010|001 0x0491
2 0 0010110|0000|001 0x0B01
2 1 0010111|0111|011 0x0BBB
2 2 0011010|0000|010 0x0D02
2 3 0011011|0011|010 0x0D9A
2 4 0011111|0010|111 0x0F97
4 0 0000001|0001|100 0x008C
4 1 0000010|1001|100 0x014C
5 0 0000111|0100|101 0x03A5
9 0 0101101|0110|010 0x16B2
a 0 0110011|0101|001 0x19A9
a 1 0110100|0011|011 0x1A1B
a 2 0110110|0010|101 0x1B15
a 3 0110111|0010|101 0x1B95
b 0 0100001|0000|011 0x1083
b 1 0111000|0101|000 0x1C28
c 0 0100110|0010|110 0x1316
BX = 111 Event : 72
1 0 0001110|0000|000 0x0700
1 1 0010001|0010|001 0x0891
2 0 0011110|0010|011 0x0F13
4 0 0000000|1010|100 0x0054
4 1 0000001|0011|001 0x0099
4 2 0000010|0000|001 0x0101
4 3 0000011|0011|001 0x0199
4 4 0001000|1011|111 0x045F
4 5 0001001|0011|111 0x049F
4 6 0001010|0000|111 0x0507
5 0 0001100|1011|101 0x065D
6 0 0001101|1001|110 0x06CE
8 0 0101101|0100|111 0x16A7
9 0 0101111|0101|010 0x17AA
9 1 0110000|0110|010 0x1832
a 0 0110111|0010|011 0x1B93
b 0 0100010|1001|011 0x114B
d 0 0100100|1000|010 0x1242
BX = 000 Event : 73
1 0 0010101|0001|011 0x0A8B
1 1 0010110|0110|011 0x0B33
1 2 0011000|0110|010 0x0C32
1 3 0011010|0001|100 0x0D0C
2 0 0100100|0000|001 0x1201
2 1 0100101|0001|001 0x1289
2 2 0100110|0101|001 0x1329
2 3 0101000|0011|001 0x1419
2 4 0101001|0011|101 0x149D
2 5 0101010|0110|100 0x1534
3 0 0101011|0000|001 0x1581
5 0 0001000|1010|010 0x0452
5 1 0001110|0000|101 0x0705
5 2 0001111|1010|101 0x07D5
6 0 0001100|0000|000 0x0600
6 1 0001101|0001|000 0x0688
8 0 0111110|0000|111 0x1F07
8 1 1000001|0000|110 0x2086
9 0 0111101|0100|001 0x1EA1
9 1 1000110|0010|010 0x2312
9 2 1000111|0101|010 0x23AA
9 3 1001010|0011|110 0x251E
a 0 1010000|0100|010 0x2822
a 1 1010001|0111|010 0x28BA
a 2 1010011|0100|011 0x29A3
a 3 1010100|0001|111 0x2A0F
a 4 1010101|0100|111 0x2AA7
a 5 1010110|0010|111 0x2B17
a 6 1010111|0101|111 0x2BAF
a 7 1011000|0010|111 0x2C17
c 0 0110011|0000|100 0x1984
c 1 0110101|0001|001 0x1A89
c 2 0110110|0001|001 0x1B09
c 3 0110111|1011|001 0x1BD9
d 0 0111001|0001|010 0x1C8A
BX = 001 Event : 74
1 0 0001000|0010|110 0x0416
1 1 0001100|0010|111 0x0617
2 0 0001011|0001|000 0x0588
2 1 0001101|0011|011 0x069B
4 0 0000010|1010|111 0x0157
4 1 0000100|1010|111 0x0257
9 0 0010111|0000|001 0x0B81
9 1 0011000|0001|000 0x0C08
9 2 0011010|0100|010 0x0D22
9 3 0011011|0110|010 0x0DB2
9 4 0011100|0100|010 0x0E22
9 5 0011101|0110|001 0x0EB1
c 0 0010011|1001|001 0x09C9
BX = 010 Event : 75
1 0 0011011|0001|001 0x0D89
1 1 0011100|0010|001 0x0E11
2 0 0101010|0111|011 0x153B
2 1 0101011|0110|010 0x15B2
2 2 0101110|0011|010 0x171A
2 3 0101111|0101|110 0x17AE
3 0 0000000|0011|011 0x001B
3 1 0000010|1010|110 0x0156
3 2 0110001|0110|000 0x18B0
3 3 0110010|0110|000 0x1930
5 0 0001110|1000|101 0x0745
5 1 0001111|0010|101 0x0795
9 0 1000011|0100|110 0x21A6
9 1 1001001|0000|111 0x2487
a 0 1000111|0100|000 0x23A0
a 1 1001011|0011|010 0x259A
a 2 1001100|0000|010 0x2602
a 3 1001101|0011|001 0x2699
a 4 1001110|0000|001 0x2701
a 5 1001111|0000|110 0x2786
a 6 1010100|0101|111 0x2A2F
b 0 0110100|1010|110 0x1A56
c 0 0111001|1010|110 0x1CD6
e 0 0111100|0011|000 0x1E18
e 1 0111110|0011|010 0x1F1A
BX = 011 Event : 76
2 0 0011011|0101|001 0x0DA9
2 1 0011110|0011|110 0x0F1E
4 0 0000110|1010|111 0x0357
4 1 0000111|1010|111 0x03D7
6 0 0001010|0010|000 0x0510
6 1 0001110|0011|011 0x071B
6 2 0001111|0010|010 0x0792
9 0 0110010|0000|001 0x1901
9 1 0110110|0101|001 0x1B29
9 2 0111000|0100|011 0x1C23
9 3 0111101|0000|010 0x1E82
a 0 1000010|0110|010 0x2132
a 1 1000011|0001|011 0x218B
a 2 1000100|0000|100 0x2204
b 0 1000110|0010|001 0x2311
c 0 0100101|1001|100 0x12CC
c 1 0101001|1010|100 0x14D4
e 0 0101101|0001|010 0x168A
BX = 100 Event : 77
0 0 0010000|0000|111 0x0807
1 0 0001101|0100|000 0x06A0
1 1 0001110|0100|000 0x0720
1 2 0001111|0000|000 0x0780
2 0 0011011|0110|000 0x0DB0
2 1 0011101|0101|101 0x0EAD
2 2 0011110|0011|101 0x0F1D
2 3 0011111|0001|101 0x0F8D
3 0 0000001|1001|011 0x00CB
4 0 0000011|1010|001 0x01D1
4 1 0000100|0010|001 0x0211
4 2 0000111|0011|001 0x0399
8 0 0100110|0100|111 0x1327
9 0 0100111|0001|100 0x138C
9 1 0101000|0000|100 0x1404
9 2 0101100|0100|011 0x1623
9 3 0101101|0110|011 0x16B3
9 4 0101110|0100|010 0x1722
9 5 0110000|0101|011 0x182B
9 6 0110010|0001|101 0x190D
9 7 0110011|0000|100 0x1984
9 8 0110100|0100|100 0x1A24
9 9 0110101|0000|100 0x1A84
9 a 0110110|0001|100 0x1B0C
a 0 0111100|0010|010 0x1E12
b 0 0100000|1000|110 0x1046
b 1 1000000|0110|001 0x2031
BX = 101 Event : 78
1 0 0010001|0110|100 0x08B4
1 1 0010010|0001|100 0x090C
1 2 0010011|0110|001 0x09B1
1 3 0010100|0110|100 0x0A34
1 4 0010111|0011|110 0x0B9E
1 5 0011001|0010|100 0x0C94
1 6 0011010|0110|100 0x0D34
5 0 0000111|0010|010 0x0392
5 1 0001000|0001|010 0x040A
5 2 0001001|0001|010 0x048A
9 0 0100110|0010|010 0x1312
a 0 0101011|0101|011 0x15AB
b 0 0011101|0000|110 0x0E86
BX = 110 Event : 79
1 0 0001011|0100|000 0x05A0
1 1 0001100|0100|000 0x0620
1 2 0001110|0010|011 0x0713
1 3 0010000|0110|110 0x0836
2 0 0010100|0101|100 0x0A2C
2 1 0010101|0101|100 0x0AAC
2 2 0010110|0100|011 0x0B23
4 0 0000101|1001|111 0x02CF
5 0 0000011|1001|010 0x01CA
5 1 0000100|1010|010 0x0252
6 0 0001010|0000|011 0x0503
9 0 0101000|0100|010 0x1422
9 1 0101011|0101|001 0x15A9
a 0 0101110|0000|100 0x1704
a 1 0101111|0110|011 0x17B3
b 0 0011001|1000|110 0x0CC6
b 1 0011010|0010|011 0x0D13
b 2 0011011|0011|110 0x0D9E
c 0 0011101|1011|001 0x0ED9
c 1 0011110|0010|001 0x0F11
c 2 0011111|0010|001 0x0F91
c 3 0100001|1010|001 0x10D1
c 4 0100010|1010|001 0x1151
c 5 0100110|0010|111 0x1317
BX = 111 Event : 80
0 0 0010101|0000|111 0x0A87
0 1 0010110|0000|110 0x0B06
0 2 0011101|0100|111 0x0EA7
0 3 0011110|0100|111 0x0F27
1 0 0010010|0100|000 0x0920
1 1 0010011|0000|000 0x0980
1 2 0010100|0000|000 0x0A00
1 3 0011010|0100|000 0x0D20
1 4 0011011|0000|000 0x0D80
1 5 0011111|0010|010 0x0F92
2 0 0101000|0101|010 0x142A
4 0 0000100|0001|100 0x020C
5 0 0001000|1000|010 0x0442
6 0 0001111|0011|011 0x079B
9 0 0110110|0001|001 0x1B09
9 1 0111101|0010|011 0x1E93
9 2 0111110|0110|011 0x1F33
9 3 0111111|0100|010 0x1FA2
9 4 1000001|0110|010 0x20B2
9 5 1000011|0001|100 0x218C
9 6 1000100|0100|100 0x2224
9 7 1000101|0101|010 0x22AA
a 0 1011000|0010|100 0x2C14
e 0 0110101|1001|000 0x1AC8
BX = 000 Event : 81
1 0 0001011|0000|001 0x0581
1 1 0001100|0000|001 0x0601
1 2 0001110|0000|011 0x0703
1 3 0001111|0000|010 0x0782
1 4 0010001|0110|001 0x08B1
2 0 0010111|0111|001 0x0BB9
2 1 0011000|0111|001 0x0C39
2 2 0011100|0010|111 0x0E17
3 0 0000000|1010|011 0x0053
4 0 0000010|0010|001 0x0111
4 1 0000100|0001|001 0x0209
5 0 0000101|1001|010 0x02CA
5 1 0000110|1001|010 0x034A
5 2 0001001|1000|101 0x04C5
a 0 0101101|0001|000 0x1688
b 0 0110010|0010|001 0x1911
c 0 0011110|0011|001 0x0F19
d 0 0100001|0011|010 0x109A
BX = 001 Event : 82
1 0 0000101|0000|000 0x0280
1 1 0001001|0110|101 0x04B5
2 0 0001010|0000|001 0x0501
2 1 0001101|0101|011 0x06AB
2 2 0001111|0100|001 0x07A1
2 3 0010000|0000|001 0x0801
6 0 0000010|0001|011 0x010B
9 0 0110011|0010|111 0x1997
a 0 0110100|0101|011 0x1A2B
a 1 0110101|0101|101 0x1AAD
b 0 0010100|1000|110 0x0A46
b 1 0010101|1010|110 0x0AD6
b 2 0010110|0010|011 0x0B13
d 0 0100001|1010|101 0x10D5
BX = 010 Event : 83
1 0 0001101|0100|001 0x06A1
1 1 0010001|0100|010 0x08A2
1 2 0010010|0100|001 0x0921
1 3 0010100|0011|110 0x0A1E
1 4 0010111|0100|101 0x0BA5
2 0 0011001|0100|001 0x0CA1
2 1 0011010|0101|000 0x0D28
2 2 0011100|0110|011 0x0E33
2 3 0011110|0010|011 0x0F13
3 0 0000000|1000|011 0x0043
5 0 0000100|0000|010 0x0202
9 0 0101001|0000|001 0x1481
9 1 0101010|0101|100 0x152C
9 2 0101011|0010|011 0x1593
9 3 0101101|0110|010 0x16B2
b 0 0100001|0001|011 0x108B
b 1 0100010|0001|011 0x110B
c 0 0100101|0010|111 0x1297
c 1 0100110|1001|110 0x134E
BX = 011 Event : 84
1 0 0010100|0000|001 0x0A01
1 1 0010111|0000|000 0x0B80
1 2 0011010|0110|010 0x0D32
1 3 0011011|0000|010 0x0D82
1 4 0011101|0101|101 0x0EAD
1 5 0100000|0010|111 0x1017
5 0 0001001|0010|010 0x0492
5 1 0001010|0001|010 0x050A
5 2 0001011|0011|010 0x059A
5 3 0001111|0011|101 0x079D
9 0 1000000|0101|100 0x202C
9 1 1000001|0010|011 0x2093
9 2 1000010|0100|010 0x2122
9 3 1000111|0011|110 0x239E
9 4 1001000|0100|101 0x2425
9 5 1001111|0001|111 0x278F
b 0 0100111|0011|011 0x139B
b 1 0101000|0011|011 0x141B
b 2 0101001|0010|011 0x1493
b 3 0101010|1001|011 0x154B
c 0 0101110|1001|100 0x174C
c 1 0110010|0011|100 0x191C
d 0 0110101|0000|010 0x1A82
d 1 0111010|0100|101 0x1D25
BX = 100 Event : 85
0 0 0010011|0000|111 0x0987
1 0 0010001|0100|000 0x08A0
1 1 0010010|0000|000 0x0900
1 2 0010100|0100|000 0x0A20
1 3 0010101|0001|011 0x0A8B
1 4 0010110|0000|010 0x0B02
1 5 0010111|0110|001 0x0BB1
1 6 0011010|0000|011 0x0D03
1 7 0011011|0100|001 0x0DA1
2 0 0100001|0010|000 0x1090
2 1 0101010|0101|110 0x152E
3 0 0000000|1001|110 0x004E
4 0 0000100|1001|001 0x0249
4 1 0000101|0010|001 0x0291
4 2 0001100|1010|001 0x0651
4 3 0001101|1011|001 0x06D9
8 0 1001100|0000|111 0x2607
8 1 1010001|0000|111 0x2887
9 0 1001000|0000|001 0x2401
9 1 1001011|0001|000 0x2588
9 2 1010010|0110|010 0x2932
9 3 1010011|0101|001 0x29A9
9 4 1010100|0010|010 0x2A12
9 5 1011001|0101|100 0x2CAC
9 6 1011100|0001|111 0x2E0F
a 0 1011011|0000|001 0x2D81
a 1 1011111|0011|010 0x2F9A
a 2 1100001|0101|101 0x30AD
a 3 1100011|0010|101 0x3195
b 0 0101011|0011|110 0x159E
c 0 0110100|1000|100 0x1A44
c 1 0110101|1001|100 0x1ACC
c 2 0111100|1001|111 0x1E4F
c 3 0111111|0010|110 0x1F96
c 4 1000000|1000|110 0x2046
d 0 1000011|0010|101 0x2195
e 0 1000110|1000|101 0x2345
BX = 101 Event : 86
0 0 0000110|0000|110 0x0306
0 1 0001000|0000|110 0x0406
1 0 0001011|0010|011 0x0593
1 1 0001101|0100|110 0x06A6
1 2 0001110|0101|110 0x072E
1 3 0001111|0001|110 0x078E
1 4 0010101|0101|110 0x0AAE
2 0 0011011|0101|110 0x0DAE
2 1 0011100|0101|100 0x0E2C
3 0 0000000|0010|011 0x0013
9 0 1000001|0101|110 0x20AE
a 0 1000011|0100|001 0x21A1
a 1 1000110|0110|001 0x2331
a 2 1000111|0001|010 0x238A
b 0 0100010|1010|110 0x1156
b 1 0100011|0001|110 0x118E
b 2 1001011|0100|000 0x25A0
c 0 0100111|0000|001 0x1381
c 1 0101100|1010|111 0x1657
d 0 0101110|1001|010 0x174A
BX = 110 Event : 87
1 0 0001000|0100|001 0x0421
1 1 0001001|0100|001 0x04A1
1 2 0001011|0000|000 0x0580
1 3 0001101|0100|100 0x06A4
1 4 0010001|0001|011 0x088B
2 0 0010111|0011|001 0x0B99
2 1 0011001|0010|110 0x0C96
2 2 0011011|0100|101 0x0DA5
2 3 0011100|0010|100 0x0E14
4 0 0000011|1011|001 0x01D9
5 0 0000101|0011|010 0x029A
9 0 0101110|0000|000 0x1700
9 1 0110010|0101|110 0x192E
9 2 0110011|0011|110 0x199E
9 3 0110101|0101|110 0x1AAE
b 0 0100011|1010|011 0x11D3
c 0 0101000|0000|111 0x1407
c 1 0101001|0000|111 0x1487
c 2 0101010|0010|111 0x1517
c 3 0101011|0011|110 0x159E
d 0 0101100|0001|101 0x160D
BX = 111 Event : 88
0 0 0001111|0001|110 0x078E
1 0 0010000|0010|010 0x0812
1 1 0010001|0010|010 0x0892
2 0 0010011|0100|011 0x09A3
2 1 0010101|0110|110 0x0AB6
2 2 0011000|0010|111 0x0C17
2 3 0011010|0000|111 0x0D07
3 0 0000000|0001|110 0x000E
3 1 0000001|1011|011 0x00DB
4 0 0001001|0001|111 0x048F
6 0 0001100|1011|000 0x0658
6 1 0001101|1011|000 0x06D8
9 0 0101001|0100|001 0x14A1
9 1 0110010|0001|111 0x190F
a 0 0111001|0001|100 0x1C8C
b 0 0011101|1001|011 0x0ECB
c 0 0011110|1001|100 0x0F4C
c 1 0011111|1010|100 0x0FD4
c 2 0100110|1010|110 0x1356
e 0 0100111|0010|000 0x1390
e 1 0101000|1011|010 0x145A
BX = 000 Event : 89
1 0 0000111|0001|000 0x0388
1 1 0001001|0100|000 0x04A0
1 2 0001011|0000|010 0x0582
1 3 0001100|0010|010 0x0612
1 4 0001101|0101|010 0x06AA
1 5 0001111|0101|010 0x07AA
1 6 0010001|0000|110 0x0886
2 0 0010111|0000|001 0x0B81
2 1 0011011|0011|100 0x0D9C
2 2 0011101|0000|010 0x0E82
2 3 0011111|0101|010 0x0FAA
2 4 0100000|0101|010 0x102A
4 0 0000010|1000|111 0x0147
9 0 0111001|0100|110 0x1CA6
9 1 0111110|0101|111 0x1F2F
9 2 0111111|0101|111 0x1FAF
9 3 1000000|0100|111 0x2027
a 0 0111011|0100|001 0x1DA1
a 1 0111100|0010|001 0x1E11
a 2 1000010|0110|010 0x2132
a 3 1000011|0010|100 0x2194
a 4 1000110|0000|111 0x2307
b 0 0100110|0010|110 0x1316
BX = 001 Event : 90
0 0 0010101|0000|111 0x0A87
1 0 0010010|0000|000 0x0900
1 1 0010011|0001|000 0x0988
1 2 0010100|0000|000 0x0A00
1 3 0010111|0101|010 0x0BAA
1 4 0011000|0100|010 0x0C22
1 5 0011001|0101|001 0x0CA9
1 6 0011100|0010|010 0x0E12
1 7 0011101|0001|010 0x0E8A
1 8 0011110|0101|001 0x0F29
1 9 0100000|0100|111 0x1027
2 0 0100001|0010|010 0x1092
2 1 0100101|0001|111 0x128F
3 0 0000000|1001|111 0x004F
3 1 0000001|0001|110 0x008E
3 2 0000010|1001|110 0x014E
3 3 0000011|0010|011 0x0193
3 4 0100011|0000|000 0x1180
3 5 0100100|0100|000 0x1220
4 0 0000100|0011|100 0x021C
4 1 0001010|0011|111 0x051F
5 0 0001001|0011|010 0x049A
6 0 0001111|0100|110 0x07A6
b 0 0100110|0010|011 0x1313
b 1 0100111|0000|011 0x1383
c 0 0101010|0011|100 0x151C
d 0 0101100|0010|101 0x1615
BX = 010 Event : 91
1 0 0001101|0100|001 0x06A1
1 1 0001110|0000|000 0x0700
1 2 0010000|0010|100 0x0814
1 3 0010100|0000|001 0x0A01
1 4 0010101|0100|001 0x0AA1
1 5 0011010|0001|100 0x0D0C
2 0 0011111|0101|000 0x0FA8
4 0 0000001|1000|100 0x00C4
4 1 0000010|0000|100 0x0104
4 2 0000011|0011|001 0x0199
4 3 0000100|1010|001 0x0251
4 4 0000110|0011|001 0x0319
6 0 0001100|0010|110 0x0616
9 0 0101011|0100|001 0x15A1
9 1 0110000|0000|011 0x1803
9 2 0110001|0101|001 0x18A9
a 0 0110110|0010|001 0x1B11
a 1 0111000|0010|011 0x1C13
c 0 0100011|1010|001 0x11D1
BX = 011 Event : 92
0 0 0010000|0001|110 0x080E
1 0 0010001|0010|010 0x0892
1 1 0010011|0010|010 0x0992
2 0 0010101|0100|011 0x0AA3
2 1 0010111|0110|110 0x0BB6
2 2 0011011|0010|111 0x0D97
2 3 0011101|0000|111 0x0E87
3 0 0000000|0001|110 0x000E
3 1 0000001|1011|011 0x00DB
4 0 0001000|0001|111 0x040F
6 0 0001011|1011|000 0x05D8
6 1 0001100|1011|000 0x0658
9 0 0101110|0100|001 0x1721
9 1 0101111|0100|000 0x17A0
9 2 0111011|0010|111 0x1D97
a 0 1000010|0010|100 0x2114
b 0 0100000|1001|011 0x104B
c 0 0100001|1001|100 0x10CC
c 1 0100010|1010|100 0x1154
c 2 0101010|1010|110 0x1556
e 0 0101100|0010|000 0x1610
e 1 0101101|1011|010 0x16DA
BX = 100 Event : 93
1 0 0010010|0000|001 0x0901
1 1 0010111|0101|010 0x0BAA
1 2 0011000|0101|010 0x0C2A
1 3 0011001|0101|001 0x0CA9
1 4 0011110|0010|110 0x0F16
1 5 0100000|0010|111 0x1017
2 0 0100001|0011|011 0x109B
2 1 0100010|0011|010 0x111A
2 2 0100100|0000|001 0x1201
2 3 0100101|0010|001 0x1291
2 4 0100111|0000|110 0x1386
3 0 0000000|1011|111 0x005F
3 1 0000001|0011|011 0x009B
3 2 0000100|1000|011 0x0243
4 0 0000101|1001|100 0x02CC
4 1 0000110|1010|001 0x0351
5 0 0001101|1000|101 0x06C5
9 0 0111101|0100|000 0x1EA0
9 1 0111110|0000|000 0x1F00
9 2 1000000|0001|010 0x200A
9 3 1000110|0100|101 0x2325
9 4 1000111|0100|100 0x23A4
9 5 1001000|0100|100 0x2424
a 0 1001101|0111|001 0x26B9
a 1 1010000|0000|101 0x2805
a 2 1010010|0011|101 0x291D
b 0 0101100|1011|011 0x165B
c 0 0110011|0011|001 0x1999
e 0 0111010|0010|101 0x1D15
BX = 101 Event : 94
1 0 0001111|0000|000 0x0780
1 1 0010100|0100|010 0x0A22
1 2 0010101|0101|001 0x0AA9
1 3 0011000|0001|010 0x0C0A
2 0 0011011|0010|010 0x0D92
3 0 0000000|1001|111 0x004F
3 1 0000001|0010|011 0x0093
4 0 0000010|0011|100 0x011C
4 1 0001000|0011|111 0x041F
5 0 0000111|0011|010 0x039A
6 0 0001100|0000|110 0x0606
b 0 0011101|0010|011 0x0E93
b 1 0011110|0010|011 0x0F13
b 2 0011111|0000|011 0x0F83
c 0 0100001|0011|100 0x109C
BX = 110 Event : 95
2 0 0011010|0010|100 0x0D14
2 1 0011101|0011|110 0x0E9E
3 0 0100000|0011|001 0x1019
3 1 0100001|0001|000 0x1088
6 0 0001010|1001|000 0x0548
6 1 0001011|0010|000 0x0590
6 2 0001101|0011|011 0x069B
6 3 0001110|0010|011 0x0713
6 4 0001111|0010|010 0x0792
9 0 0101101|0010|010 0x1692
9 1 0101110|0101|010 0x172A
9 2 0101111|0000|100 0x1784
9 3 0110001|0100|011 0x18A3
9 4 0110010|0001|011 0x190B
9 5 0110111|0000|010 0x1B82
9 6 0111000|0110|100 0x1C34
a 0 0111111|0110|010 0x1FB2
a 1 1000000|0011|110 0x201E
a 2 1000001|0000|100 0x2084
b 0 1000011|0010|001 0x2191
c 0 0100011|1001|100 0x11CC
c 1 0100111|1010|100 0x13D4
BX = 111 Event : 96
1 0 0001110|0110|101 0x0735
5 0 0000100|1010|101 0x0255
6 0 0000111|0001|011 0x038B
9 0 0101011|0000|110 0x1586
a 0 0101101|0010|001 0x1691
c 0 0011110|0000|001 0x0F01
c 1 0100001|1010|001 0x10D1
BX = 000 Event : 97
0 0 0001011|0100|111 0x05A7
1 0 0001110|0110|100 0x0734
1 1 0001111|0001|100 0x078C
1 2 0010000|0110|100 0x0834
1 3 0010011|0010|100 0x0994
5 0 0000101|0001|010 0x028A
5 1 0000110|0001|010 0x030A
8 0 0100001|0000|111 0x1087
9 0 0100000|0100|000 0x1020
9 1 0100010|0010|010 0x1112
a 0 0101000|0000|100 0x1404
a 1 0101001|0101|011 0x14AB
BX = 001 Event : 98
0 0 0001000|0000|111 0x0407
1 0 0000111|0001|001 0x0389
1 1 0001001|0101|001 0x04A9
2 0 0001111|0011|001 0x0799
2 1 0010001|0110|101 0x08B5
3 0 0010010|0001|001 0x0909
4 0 0000011|1000|001 0x01C1
9 0 0100100|0001|010 0x120A
a 0 0110010|0101|001 0x1929
a 1 0110101|0010|101 0x1A95
c 0 0010100|1010|100 0x0A54
d 0 0010110|0011|010 0x0B1A
d 1 0011010|0100|101 0x0D25
e 0 0011001|0001|000 0x0C88
BX = 010 Event : 99
1 0 0010101|0100|000 0x0AA0
1 1 0010110|0000|000 0x0B00
1 2 0011001|0010|010 0x0C92
1 3 0011010|0001|100 0x0D0C
1 4 0011110|0100|111 0x0F27
1 5 0100000|0000|101 0x1005
1 6 0100100|0010|111 0x1217
2 0 0100101|0101|010 0x12AA
4 0 0000111|0001|100 0x038C
5 0 0001010|1000|010 0x0542
8 0 0111010|0100|111 0x1D27
9 0 0110100|0001|001 0x1A09
9 1 0110101|0100|000 0x1AA0
9 2 0111001|0100|000 0x1CA0
9 3 0111110|0010|011 0x1F13
9 4 0111111|0110|011 0x1FB3
9 5 1000001|0110|010 0x20B2
9 6 1000010|0001|100 0x210C
9 7 1000011|0100|100 0x21A4
a 0 1001101|0111|001 0x26B9
a 1 1010001|0011|001 0x2899
a 2 1010010|0010|100 0x2914
BX = 011 Event : 100
1 0 0001010|0000|001 0x0501
1 1 0001100|0001|100 0x060C
1 2 0001111|0101|111 0x07AF
2 0 0010000|0110|011 0x0833
3 0 0000001|0000|011 0x0083
a 0 0011111|0011|010 0x0F9A
a 1 0100001|0000|010 0x1082
a 2 0100010|0010|111 0x1117
a 3 0100101|0010|111 0x1297
a 4 0101000|0000|111 0x1407
b 0 0100110|0001|000 0x1308
b 1 0100111|0110|000 0x13B0
