BX = 000 Event : 1
1 0 0001101|0110|100 0x06B4
1 1 0001110|0001|100 0x070C
1 2 0001111|0000|010 0x0782
1 3 0010011|0110|110 0x09B6
1 4 0010100|0110|110 0x0A36
1 5 0010101|0010|110 0x0A96
3 0 0011110|0010|001 0x0F11
8 0 0101111|0100|111 0x17A7
9 0 0110101|0001|010 0x1A8A
9 1 0110111|0001|110 0x1B8E
9 2 0111000|0101|110 0x1C2E
9 3 1000010|0001|111 0x210F
a 0 1001000|0010|100 0x2414
a 1 1001001|0000|010 0x2482
a 2 1001010|0010|010 0x2512
c 0 0100100|1000|100 0x1244
c 1 0100101|0011|100 0x129C
e 0 0101100|1010|000 0x1650
BX = 001 Event : 2
1 0 0010001|0100|001 0x08A1
2 0 0011100|0101|011 0x0E2B
2 1 0011101|0001|011 0x0E8B
2 2 0011110|0011|010 0x0F1A
2 3 0100000|0001|100 0x100C
2 4 0100010|0100|111 0x1127
2 5 0100110|0000|111 0x1307
3 0 0100001|0101|000 0x10A8
3 1 0100011|0010|000 0x1190
3 2 0100100|0010|000 0x1210
3 3 0100101|0110|000 0x12B0
5 0 0000111|0011|101 0x039D
6 0 0000110|1011|000 0x0358
9 0 0110111|0000|001 0x1B81
9 1 0111000|0001|001 0x1C09
9 2 0111110|0000|100 0x1F04
9 3 0111111|0110|011 0x1FB3
9 4 1000000|0101|010 0x202A
9 5 1000001|0001|010 0x208A
9 6 1000100|0000|100 0x2204
a 0 1001011|0111|010 0x25BA
b 0 0101110|1011|011 0x175B
b 1 0101111|1000|011 0x17C3
b 2 0110000|0001|011 0x180B
c 0 0110011|1000|100 0x19C4
BX = 010 Event : 3
1 0 0010110|0010|001 0x0B11
2 0 0011100|0101|000 0x0E28
2 1 0011110|0110|100 0x0F34
3 0 0000001|1011|110 0x00DE
4 0 0001001|0001|100 0x048C
9 0 0110101|0001|010 0x1A8A
9 1 0110110|0101|001 0x1B29
9 2 0111001|0110|110 0x1CB6
a 0 0111111|0110|010 0x1FB2
a 1 1000010|0101|110 0x212E
a 2 1000011|0101|100 0x21AC
b 0 0100110|1010|011 0x1353
b 1 1000100|0100|001 0x2221
b 2 1000101|0010|001 0x2291
b 3 1000110|0101|001 0x2329
b 4 1000111|0001|000 0x2388
e 0 0101010|1010|000 0x1550
BX = 011 Event : 4
1 0 0010001|0100|001 0x08A1
1 1 0010010|0100|001 0x0921
1 2 0011001|0100|010 0x0CA2
2 0 0101000|0101|011 0x142B
2 1 0101001|0111|011 0x14BB
2 2 0101101|0100|110 0x16A6
2 3 0101111|0101|101 0x17AD
4 0 0000111|1010|001 0x03D1
a 0 1001010|0010|010 0x2512
a 1 1001101|0110|110 0x26B6
b 0 0110011|1010|011 0x19D3
c 0 0110111|0010|001 0x1B91
BX = 100 Event : 5
1 0 0011100|0101|010 0x0E2A
1 1 0011101|0001|010 0x0E8A
1 2 0011110|0010|001 0x0F11
2 0 0101000|0010|100 0x1414
3 0 0000011|1000|011 0x01C3
3 1 0000100|1000|011 0x0243
5 0 0001000|0010|010 0x0412
5 1 0001101|0010|101 0x0695
6 0 0001111|0011|011 0x079B
8 0 0111010|0001|111 0x1D0F
8 1 0111100|0000|110 0x1E06
9 0 0111110|0100|100 0x1F24
a 0 1000000|0010|000 0x2010
a 1 1000100|0100|011 0x2223
a 2 1001000|0110|111 0x2437
c 0 0101111|1010|001 0x17D1
c 1 0110000|1000|001 0x1841
e 0 0110101|0100|000 0x1AA0
e 1 0110110|1001|000 0x1B48
e 2 0110111|0001|000 0x1B88
e 3 0111000|0011|010 0x1C1A
BX = 101 Event : 6
1 0 0001101|0001|000 0x0688
1 1 0011001|0010|101 0x0C95
1 2 0011010|0010|101 0x0D15
1 3 0011011|0101|101 0x0DAD
2 0 0100001|0110|100 0x10B4
2 1 0100010|0111|011 0x113B
2 2 0100111|0001|110 0x138E
2 3 0101001|0101|110 0x14AE
2 4 0101010|0110|111 0x1537
3 0 0000000|0001|111 0x000F
4 0 0000100|1010|001 0x0251
4 1 0000111|0001|111 0x038F
9 0 0111001|0000|001 0x1C81
9 1 0111010|0001|000 0x1D08
9 2 0111011|0001|000 0x1D88
9 3 1000010|0100|110 0x2126
a 0 1000110|0010|000 0x2310
a 1 1001011|0011|010 0x259A
a 2 1001100|0111|001 0x2639
b 0 0101111|1010|011 0x17D3
c 0 0110100|1010|001 0x1A51
d 0 0110110|1011|010 0x1B5A
BX = 110 Event : 7
1 0 0100001|0010|011 0x1093
1 1 0100010|0010|010 0x1112
1 2 0100011|0100|010 0x11A2
1 3 0100101|0010|110 0x1296
1 4 0100111|0101|100 0x13AC
2 0 0101011|0101|001 0x15A9
2 1 0101101|0101|100 0x16AC
2 2 0110000|0001|101 0x180D
2 3 0110010|0001|111 0x190F
3 0 0000100|0001|111 0x020F
3 1 0000101|1010|111 0x02D7
3 2 0000110|0011|011 0x031B
3 3 0000111|0011|011 0x039B
4 0 0001110|1010|100 0x0754
4 1 0010011|1001|111 0x09CF
4 2 0010100|0001|111 0x0A0F
5 0 0011000|0001|101 0x0C0D
6 0 0010111|1001|000 0x0BC8
6 1 0011010|0010|011 0x0D13
8 0 1000011|0001|110 0x218E
9 0 1000001|0100|000 0x20A0
9 1 1000010|0100|000 0x2120
9 2 1001011|0001|100 0x258C
9 3 1001100|0100|110 0x2626
9 4 1001101|0011|100 0x269C
9 5 1010000|0001|111 0x280F
9 6 1010001|0010|111 0x2897
9 7 1010010|0001|111 0x290F
c 0 0111100|0010|100 0x1E14
BX = 111 Event : 8
1 0 0011001|0000|111 0x0C87
2 0 0011011|0110|100 0x0DB4
2 1 0011111|0101|100 0x0FAC
2 2 0100010|0100|111 0x1127
3 0 0000010|1010|011 0x0153
3 1 0000011|0011|011 0x019B
3 2 0000100|1000|011 0x0243
4 0 0000111|0000|100 0x0384
8 0 0110011|0100|111 0x19A7
8 1 0110100|0001|111 0x1A0F
9 0 0110010|0000|001 0x1901
9 1 0111011|0010|010 0x1D92
9 2 0111111|0011|110 0x1F9E
a 0 1000001|0010|001 0x2091
b 0 0100101|1001|110 0x12CE
b 1 0100110|0011|110 0x131E
d 0 0101010|0010|010 0x1512
d 1 0101111|1010|101 0x17D5
e 0 0101110|0000|000 0x1700
e 1 0110000|1000|010 0x1842
BX = 000 Event : 9
1 0 0001110|0010|111 0x0717
2 0 0010001|0101|101 0x08AD
3 0 0000000|0011|110 0x001E
3 1 0000001|1011|110 0x00DE
9 0 0100101|0000|010 0x1282
9 1 0101011|0010|111 0x1597
b 0 0010011|1010|110 0x09D6
c 0 0010110|0001|100 0x0B0C
c 1 0010111|1010|001 0x0BD1
BX = 001 Event : 10
0 0 0001010|0100|111 0x0527
0 1 0001011|0000|111 0x0587
1 0 0010001|0010|110 0x0896
1 1 0010010|0100|110 0x0926
1 2 0011000|0100|111 0x0C27
1 3 0011001|0100|110 0x0CA6
3 0 0000000|1001|110 0x004E
3 1 0011110|0100|001 0x0F21
4 0 0000011|1000|100 0x01C4
4 1 0000100|0011|001 0x0219
6 0 0000111|0100|000 0x03A0
6 1 0001000|0000|000 0x0400
9 0 0101001|0101|100 0x14AC
9 1 0101011|0110|010 0x15B2
9 2 0101100|0110|010 0x1632
9 3 0101101|0001|100 0x168C
9 4 0101110|0100|100 0x1724
9 5 0110000|0100|100 0x1824
a 0 0111011|0101|100 0x1DAC
a 1 0111101|0000|010 0x1E82
a 2 1000000|0100|111 0x2027
c 0 0100000|1010|001 0x1051
c 1 0100001|0001|001 0x1089
BX = 010 Event : 11
1 0 0001101|0101|010 0x06AA
1 1 0001110|0010|110 0x0716
2 0 0010110|0101|100 0x0B2C
2 1 0010111|0101|100 0x0BAC
2 2 0011000|0101|010 0x0C2A
2 3 0011011|0101|100 0x0DAC
2 4 0011100|0100|100 0x0E24
4 0 0000100|0001|111 0x020F
4 1 0000101|0010|111 0x0297
5 0 0000011|0000|010 0x0182
6 0 0000110|0000|000 0x0300
8 0 0110101|0100|111 0x1AA7
8 1 0110110|0000|111 0x1B07
9 0 0111011|0101|100 0x1DAC
9 1 0111100|0001|011 0x1E0B
9 2 0111101|0001|010 0x1E8A
9 3 0111110|0001|110 0x1F0E
9 4 0111111|0000|100 0x1F84
a 0 1000010|0100|001 0x2121
a 1 1000101|0000|001 0x2281
a 2 1000110|0010|000 0x2310
a 3 1001000|0110|011 0x2433
a 4 1001001|0011|001 0x2499
b 0 0100001|1010|110 0x10D6
c 0 0100100|1000|100 0x1244
c 1 0100101|0000|100 0x1284
c 2 0100110|0011|100 0x131C
c 3 0100111|1010|001 0x13D1
BX = 011 Event : 12
1 0 0010010|0001|010 0x090A
1 1 0010100|0100|010 0x0A22
1 2 0010101|0110|010 0x0AB2
1 3 0010110|0010|001 0x0B11
1 4 0011001|0101|101 0x0CAD
1 5 0011100|0100|100 0x0E24
2 0 0011110|0010|001 0x0F11
2 1 0100001|0011|011 0x109B
2 2 0100011|0010|100 0x1194
3 0 0000010|1010|011 0x0153
3 1 0000011|1010|011 0x01D3
3 2 0000100|1010|011 0x0253
3 3 0000101|1011|011 0x02DB
4 0 0000111|1001|100 0x03CC
4 1 0001000|1001|100 0x044C
4 2 0001001|1000|001 0x04C1
4 3 0001010|0011|001 0x0519
4 4 0001100|0011|111 0x061F
5 0 0001011|1011|010 0x05DA
8 0 0110111|0001|111 0x1B8F
9 0 0111001|0100|011 0x1CA3
a 0 0111111|0011|100 0x1F9C
a 1 1000001|0100|111 0x20A7
b 0 0101001|0000|110 0x1486
b 1 0101010|0000|110 0x1506
b 2 0101011|1000|110 0x15C6
c 0 0101101|1000|001 0x16C1
c 1 0101110|0011|001 0x1719
c 2 0101111|0010|001 0x1791
d 0 0110100|0100|101 0x1A25
d 1 0110101|0010|101 0x1A95
BX = 100 Event : 13
1 0 0001010|0001|000 0x0508
1 1 0001011|0101|101 0x05AD
2 0 0010000|0011|100 0x081C
2 1 0010011|0110|101 0x09B5
2 2 0010100|0100|100 0x0A24
2 3 0010101|0101|111 0x0AAF
3 0 0000000|0011|011 0x001B
4 0 0000010|1001|100 0x014C
4 1 0000011|1000|100 0x01C4
4 2 0000100|0001|001 0x0209
6 0 0000111|1011|010 0x03DA
8 0 0011111|0000|111 0x0F87
9 0 0100001|0101|010 0x10AA
d 0 0011100|0010|010 0x0E12
e 0 0011101|0011|101 0x0E9D
BX = 101 Event : 14
1 0 0010001|0001|001 0x0889
1 1 0010100|0010|110 0x0A16
1 2 0010111|0110|101 0x0BB5
1 3 0011000|0100|101 0x0C25
1 4 0011101|0010|111 0x0E97
2 0 0011110|0001|100 0x0F0C
2 1 0100000|0100|110 0x1026
2 2 0100001|0010|100 0x1094
3 0 0000001|1000|011 0x00C3
3 1 0000010|1010|011 0x0153
3 2 0000011|1010|011 0x01D3
3 3 0100010|0001|001 0x1109
6 0 0001101|1001|110 0x06CE
8 0 0101010|0001|111 0x150F
9 0 0101110|0001|100 0x170C
9 1 0101111|0001|100 0x178C
9 2 0110000|0010|011 0x1813
9 3 0110001|0101|010 0x18AA
9 4 0110010|0110|010 0x1932
9 5 0110110|0110|100 0x1B34
9 6 0110111|0100|100 0x1BA4
a 0 0111000|0001|001 0x1C09
a 1 0111100|0111|100 0x1E3C
a 2 0111111|0010|111 0x1F97
e 0 0100101|0011|000 0x1298
e 1 0101000|1001|010 0x144A
e 2 0101001|0010|010 0x1492
BX = 110 Event : 15
1 0 0010110|0110|101 0x0B35
2 0 0011001|0110|101 0x0CB5
3 0 0000011|1010|011 0x01D3
4 0 0001010|1010|001 0x0551
6 0 0001111|1010|110 0x07D6
9 0 0101111|0000|100 0x1784
9 1 0110000|0100|100 0x1824
a 0 0111000|0000|100 0x1C04
a 1 0111010|0101|101 0x1D2D
c 0 0011111|0000|100 0x0F84
c 1 0100001|0000|110 0x1086
d 0 0100000|0000|010 0x1002
d 1 0100011|1010|101 0x11D5
BX = 111 Event : 16
0 0 0010110|0000|110 0x0B06
1 0 0010111|0100|011 0x0BA3
1 1 0011001|0110|010 0x0CB2
1 2 0011111|0011|100 0x0F9C
1 3 0100010|0000|111 0x1107
4 0 0000110|1001|100 0x034C
4 1 0000111|1000|100 0x03C4
9 0 0111101|0100|100 0x1EA4
9 1 1000010|0100|001 0x2121
9 2 1000101|0011|101 0x229D
a 0 1001000|0100|011 0x2423
a 1 1001001|0110|100 0x24B4
a 2 1001010|0001|111 0x250F
b 0 0100111|1001|011 0x13CB
c 0 0101101|0010|001 0x1691
c 1 0101110|0000|001 0x1701
d 0 0110010|1010|010 0x1952
d 1 0110100|1011|101 0x1A5D
BX = 000 Event : 17
2 0 0001110|0010|001 0x0711
3 0 0000001|0010|011 0x0093
4 0 0000101|0010|001 0x0291
9 0 0100111|0000|101 0x1385
9 1 0101001|0100|111 0x14A7
9 2 0101100|0010|111 0x1617
b 0 0010101|1011|011 0x0ADB
d 0 0011000|1000|010 0x0C42
BX = 001 Event : 18
1 0 0001000|0000|001 0x0401
1 1 0001001|0000|000 0x0480
1 2 0001110|0101|011 0x072B
1 3 0001111|0101|011 0x07AB
1 4 0010001|0010|010 0x0892
1 5 0010010|0000|001 0x0901
1 6 0010011|0101|101 0x09AD
2 0 0010111|0101|000 0x0BA8
5 0 0000110|1010|101 0x0355
9 0 0101111|0110|101 0x17B5
a 0 0110010|0011|110 0x191E
a 1 0110011|0011|110 0x199E
a 2 0110100|0010|100 0x1A14
b 0 0110101|0001|001 0x1A89
d 0 0100011|1000|010 0x11C2
e 0 0100111|0000|011 0x1383
e 1 0101000|0010|011 0x1413
BX = 010 Event : 19
2 0 0100000|0111|010 0x103A
6 0 0000110|0010|000 0x0310
6 1 0001000|1001|011 0x044B
9 0 0110110|0101|011 0x1B2B
a 0 1000000|0011|110 0x201E
a 1 1000001|0110|110 0x20B6
c 0 0101101|0010|001 0x1691
BX = 011 Event : 20
1 0 0001100|0000|000 0x0600
1 1 0010010|0010|101 0x0915
1 2 0010011|0011|101 0x099D
1 3 0010100|0000|100 0x0A04
2 0 0010110|0000|011 0x0B03
9 0 0110000|0000|100 0x1804
9 1 0110100|0110|001 0x1A31
9 2 0110101|0001|110 0x1A8E
a 0 0111111|0001|111 0x1F8F
c 0 0100000|0010|100 0x1014
c 1 0100001|1001|100 0x10CC
c 2 0100010|0000|100 0x1104
d 0 0100110|1000|010 0x1342
BX = 100 Event : 21
1 0 0010001|0101|001 0x08A9
1 1 0010011|0011|101 0x099D
1 2 0010100|0010|101 0x0A15
2 0 0010110|0101|001 0x0B29
3 0 0000010|1000|011 0x0143
3 1 0000011|1010|011 0x01D3
3 2 0011000|0110|001 0x0C31
3 3 0011010|0001|001 0x0D09
4 0 0000100|1011|100 0x025C
4 1 0000101|1000|111 0x02C7
6 0 0000111|1011|010 0x03DA
9 0 0101101|0110|110 0x16B6
a 0 0101110|0110|001 0x1731
b 0 0011011|1001|110 0x0DCE
e 0 0100111|0100|010 0x13A2
e 1 0101000|0100|011 0x1423
BX = 101 Event : 22
1 0 0010000|0100|001 0x0821
1 1 0010110|0101|001 0x0B29
1 2 0011000|0001|101 0x0C0D
1 3 0011001|0010|101 0x0C95
4 0 0000110|0011|111 0x031F
6 0 0001001|0100|000 0x04A0
6 1 0001011|0100|110 0x05A6
9 0 0111010|0101|011 0x1D2B
a 0 1000110|0001|111 0x230F
b 0 0100100|1001|011 0x124B
b 1 0100101|0011|110 0x129E
b 2 1000101|0001|000 0x2288
c 0 0101001|1001|100 0x14CC
e 0 0110101|0100|101 0x1AA5
e 1 0110110|1011|010 0x1B5A
e 2 0110111|1000|010 0x1BC2
BX = 110 Event : 23
1 0 0001011|0001|000 0x0588
2 0 0010011|0110|010 0x09B2
4 0 0000100|1001|100 0x024C
4 1 0000101|0011|100 0x029C
4 2 0001000|1001|111 0x044F
4 3 0001001|1000|111 0x04C7
9 0 0100101|0101|110 0x12AE
a 0 0101101|0001|110 0x168E
a 1 0101110|0110|101 0x1735
b 0 0010111|0011|011 0x0B9B
c 0 0011011|0001|100 0x0D8C
c 1 0011100|0010|001 0x0E11
BX = 111 Event : 24
1 0 0010111|0110|101 0x0BB5
2 0 0011000|0101|000 0x0C28
2 1 0011001|0100|000 0x0CA0
2 2 0011010|0110|100 0x0D34
3 0 0000010|1000|011 0x0143
3 1 0000011|1001|011 0x01CB
4 0 0000110|1001|001 0x0349
6 0 0001001|0011|000 0x0498
6 1 0001011|0001|011 0x058B
6 2 0001100|1011|010 0x065A
8 0 0101011|0001|111 0x158F
8 1 0101101|0001|110 0x168E
9 0 0101010|0000|001 0x1501
a 0 0111010|0011|011 0x1D1B
b 0 0111100|0010|000 0x1E10
c 0 0011111|0001|001 0x0F89
c 1 0100000|0011|001 0x1019
e 0 0100100|1001|101 0x124D
e 1 0100101|0011|010 0x129A
e 2 0100110|1010|110 0x1356
BX = 000 Event : 25
1 0 0001111|0000|100 0x0784
1 1 0010000|0010|100 0x0814
1 2 0010001|0001|100 0x088C
1 3 0010010|0101|010 0x092A
1 4 0011000|0010|110 0x0C16
1 5 0011110|0000|111 0x0F07
2 0 0011100|0100|000 0x0E20
2 1 0100010|0100|100 0x1124
2 2 0100101|0100|101 0x12A5
4 0 0000010|1011|001 0x0159
8 0 0110111|0001|111 0x1B8F
9 0 0110110|0100|001 0x1B21
9 1 0111110|0100|111 0x1F27
9 2 1000000|0010|110 0x2016
9 3 1000010|0100|110 0x2126
9 4 1000011|0101|111 0x21AF
a 0 1001000|0101|001 0x2429
a 1 1001001|0100|101 0x24A5
a 2 1001010|0000|101 0x2505
d 0 0101111|0001|010 0x178A
BX = 001 Event : 26
0 0 0001110|0100|110 0x0726
1 0 0010010|0001|100 0x090C
1 1 0010011|0000|100 0x0984
1 2 0010100|0001|010 0x0A0A
1 3 0010110|0000|110 0x0B06
1 4 0010111|0101|110 0x0BAE
1 5 0011000|0101|101 0x0C2D
2 0 0011010|0010|011 0x0D13
2 1 0011011|0010|100 0x0D94
4 0 0000011|0010|100 0x0194
4 1 0000100|1000|001 0x0241
4 2 0000101|1001|001 0x02C9
4 3 0001010|0001|111 0x050F
9 0 0101101|0100|110 0x16A6
a 0 0110010|0011|100 0x191C
a 1 0110011|0010|011 0x1993
a 2 0110100|0101|010 0x1A2A
a 3 0110110|0110|110 0x1B36
b 0 0011101|1000|011 0x0EC3
c 0 0100000|1000|001 0x1041
c 1 0100001|0000|110 0x1086
e 0 0100011|1011|010 0x11DA
BX = 010 Event : 27
1 0 0001111|0100|000 0x07A0
2 0 0011001|0110|011 0x0CB3
3 0 0000000|1011|111 0x005F
4 0 0000100|0000|100 0x0204
4 1 0000101|1010|100 0x02D4
5 0 0001011|0011|101 0x059D
6 0 0001000|0010|000 0x0410
6 1 0001001|1010|000 0x04D0
9 0 0101110|0010|110 0x1716
9 1 0110010|0000|111 0x1907
a 0 0110101|0011|010 0x1A9A
BX = 011 Event : 28
0 0 0010010|0100|110 0x0926
1 0 0001111|0001|001 0x0789
1 1 0010101|0010|100 0x0A94
1 2 0010110|0000|010 0x0B02
1 3 0010111|0001|001 0x0B89
1 4 0011000|0010|110 0x0C16
1 5 0011001|0010|101 0x0C95
2 0 0011011|0010|000 0x0D90
2 1 0100000|0101|100 0x102C
2 2 0100010|0000|010 0x1102
2 3 0100011|0110|110 0x11B6
2 4 0100100|0100|101 0x1225
2 5 0100101|0001|101 0x128D
2 6 0100111|0100|100 0x13A4
3 0 0000011|1001|011 0x01CB
3 1 0101001|0000|001 0x1481
4 0 0000110|0001|100 0x030C
4 1 0000111|1000|100 0x03C4
5 0 0001010|1011|101 0x055D
9 0 0111100|0010|010 0x1E12
9 1 0111110|0101|010 0x1F2A
9 2 0111111|0101|001 0x1FA9
9 3 1000001|0011|110 0x209E
9 4 1000011|0110|110 0x21B6
a 0 1000101|0000|100 0x2284
c 0 0101110|1001|001 0x1749
BX = 100 Event : 29
2 0 0010110|0011|100 0x0B1C
4 0 0000101|1011|001 0x02D9
4 1 0000110|0010|001 0x0311
5 0 0001001|1010|010 0x04D2
5 1 0001010|1010|101 0x0555
9 0 0011110|0001|001 0x0F09
9 1 0011111|0000|000 0x0F80
9 2 0100100|0000|001 0x1201
9 3 0100111|0110|110 0x13B6
9 4 0101000|0110|101 0x1435
a 0 0101001|0100|000 0x14A0
a 1 0101010|0101|000 0x1528
a 2 0101100|0010|100 0x1614
a 3 0101101|0010|100 0x1694
c 0 0011010|0011|001 0x0D19
BX = 101 Event : 30
0 0 0010101|0100|111 0x0AA7
0 1 0010110|0100|111 0x0B27
0 2 0010111|0001|111 0x0B8F
1 0 0011010|0100|100 0x0D24
2 0 0100010|0000|101 0x1105
3 0 0000011|0001|011 0x018B
3 1 0000100|0001|011 0x020B
3 2 0100100|0000|000 0x1200
4 0 0001000|1010|100 0x0454
4 1 0001001|0011|001 0x0499
5 0 0010000|0000|101 0x0805
6 0 0001111|1010|000 0x07D0
9 0 0110100|0110|010 0x1A32
9 1 0110110|0001|110 0x1B0E
9 2 0110111|0101|100 0x1BAC
a 0 0111001|0001|001 0x1C89
a 1 1000000|0010|111 0x2017
b 0 1000001|0000|001 0x2081
b 1 1000010|0101|001 0x2129
c 0 0100111|1001|100 0x13CC
BX = 110 Event : 31
1 0 0010111|0000|100 0x0B84
1 1 0011000|0010|100 0x0C14
1 2 0011010|0110|110 0x0D36
1 3 0011100|0011|110 0x0E1E
2 0 0011110|0101|001 0x0F29
2 1 0100000|0100|000 0x1020
2 2 0100011|0101|011 0x11AB
2 3 0100100|0101|001 0x1229
2 4 0100111|0010|100 0x1394
2 5 0101000|0110|100 0x1434
4 0 0000100|1010|100 0x0254
6 0 0001010|1010|110 0x0556
6 1 0001011|0100|010 0x05A2
9 0 0111010|0011|110 0x1D1E
9 1 0111101|0010|100 0x1E94
a 0 1000100|0000|011 0x2203
d 0 0101111|0001|101 0x178D
e 0 0110000|1001|101 0x184D
BX = 111 Event : 32
1 0 0011111|0011|101 0x0F9D
2 0 0100010|0100|001 0x1121
2 1 0101101|0011|001 0x1699
2 2 0101110|0110|001 0x1731
3 0 0000000|0010|110 0x0016
4 0 0000111|0000|100 0x0384
6 0 0010000|0100|000 0x0820
9 0 1001011|0010|001 0x2591
a 0 1011000|0010|100 0x2C14
b 0 0110101|1010|011 0x1AD3
c 0 0111010|0001|100 0x1D0C
e 0 1000010|0001|010 0x210A
e 1 1000011|1011|110 0x21DE
BX = 000 Event : 33
1 0 0010001|0000|000 0x0880
1 1 0010010|0100|000 0x0920
1 2 0011000|0011|101 0x0C1D
2 0 0011100|0010|110 0x0E16
3 0 0011101|0010|001 0x0E91
3 1 0011110|0010|001 0x0F11
5 0 0001100|0100|101 0x0625
9 0 0101101|0101|010 0x16AA
9 1 0101110|0000|010 0x1702
c 0 0100001|0010|100 0x1094
e 0 0100011|0100|000 0x11A0
BX = 001 Event : 34
1 0 0001011|0010|011 0x0593
1 1 0001100|0011|101 0x061D
1 2 0001101|0010|101 0x0695
2 0 0010000|0000|001 0x0801
2 1 0010100|0010|011 0x0A13
2 2 0010101|0110|011 0x0AB3
2 3 0011000|0110|111 0x0C37
3 0 0010111|0101|001 0x0BA9
4 0 0000101|1000|001 0x02C1
6 0 0000111|0011|000 0x0398
6 1 0001000|1000|000 0x0440
8 0 0101000|0001|110 0x140E
8 1 0101001|0001|110 0x148E
9 0 0101011|0001|010 0x158A
9 1 0110101|0110|111 0x1AB7
a 0 0111001|0110|011 0x1CB3
c 0 0011100|1011|001 0x0E59
d 0 0100000|0001|101 0x100D
d 1 0100001|0011|101 0x109D
BX = 010 Event : 35
0 0 0010100|0100|111 0x0A27
1 0 0011001|0100|100 0x0CA4
1 1 0011100|0100|010 0x0E22
1 2 0011110|0010|101 0x0F15
2 0 0100100|0101|110 0x122E
3 0 0000011|0011|011 0x019B
4 0 0000100|1001|100 0x024C
4 1 0000101|0011|001 0x0299
4 2 0000110|1000|001 0x0341
4 3 0001001|0011|111 0x049F
5 0 0000111|0000|010 0x0382
5 1 0001000|1010|010 0x0452
8 0 0111001|0100|111 0x1CA7
8 1 0111010|0100|111 0x1D27
9 0 1000011|0001|001 0x2189
9 1 1000110|0100|110 0x2326
9 2 1000111|0100|110 0x23A6
9 3 1001010|0100|100 0x2524
9 4 1001100|0100|110 0x2626
a 0 1010110|0011|111 0x2B1F
a 1 1010111|0000|111 0x2B87
b 0 0100110|0010|011 0x1313
b 1 0100111|0011|011 0x139B
b 2 1010100|0000|000 0x2A00
c 0 0101001|1000|100 0x14C4
c 1 0101010|1000|100 0x1544
c 2 0101011|1011|001 0x15D9
d 0 0110011|1001|101 0x19CD
BX = 011 Event : 36
0 0 0001100|0001|110 0x060E
1 0 0001111|0001|010 0x078A
1 1 0010000|0010|010 0x0812
1 2 0010010|0010|001 0x0911
1 3 0010101|0100|101 0x0AA5
2 0 0100000|0100|100 0x1024
2 1 0100001|0001|100 0x108C
3 0 0000010|1001|110 0x014E
3 1 0000100|0010|111 0x0217
4 0 0000110|0000|001 0x0301
4 1 0000111|1000|001 0x03C1
5 0 0001001|0000|010 0x0482
6 0 0001010|1010|110 0x0556
9 0 0110011|0011|101 0x199D
b 0 0100100|0011|110 0x121E
b 1 0100101|1010|011 0x12D3
d 0 0101101|0010|101 0x1695
BX = 100 Event : 37
1 0 0010000|0000|001 0x0801
1 1 0010001|0000|000 0x0880
1 2 0010110|0010|010 0x0B12
1 3 0010111|0001|001 0x0B89
1 4 0011010|0000|110 0x0D06
2 0 0011111|0100|001 0x0FA1
2 1 0100100|0001|010 0x120A
3 0 0000010|0011|011 0x011B
3 1 0000011|0001|011 0x018B
9 0 0111001|0010|100 0x1C94
9 1 0111011|0100|010 0x1DA2
9 2 0111100|0100|010 0x1E22
9 3 0111101|0101|010 0x1EAA
9 4 1000000|0110|101 0x2035
9 5 1000010|0010|100 0x2114
a 0 1000011|0010|000 0x2190
a 1 1001001|0010|110 0x2496
c 0 0101101|0011|100 0x169C
c 1 0101111|1000|001 0x17C1
d 0 0110001|0000|010 0x1882
BX = 101 Event : 38
0 0 0010010|0001|111 0x090F
1 0 0010110|0100|001 0x0B21
1 1 0011000|0110|110 0x0C36
1 2 0011001|0010|101 0x0C95
2 0 0101010|0001|100 0x150C
3 0 0000001|0001|011 0x008B
3 1 0000010|0000|011 0x0103
4 0 0000101|0000|001 0x0281
4 1 0000110|0001|001 0x0309
5 0 0001011|0001|101 0x058D
9 0 0111101|0100|100 0x1EA4
9 1 0111110|0010|011 0x1F13
9 2 0111111|0101|011 0x1FAB
9 3 1000011|0001|101 0x218D
9 4 1000110|0010|100 0x2314
9 5 1001001|0101|111 0x24AF
a 0 1010001|0001|001 0x2889
c 0 0110000|0011|001 0x1819
c 1 0110001|1001|001 0x18C9
e 0 0110101|1011|000 0x1AD8
BX = 110 Event : 39
1 0 0010101|0010|101 0x0A95
2 0 0011010|0101|110 0x0D2E
2 1 0011100|0100|110 0x0E26
4 0 0000011|1001|001 0x01C9
4 1 0001001|1001|111 0x04CF
5 0 0001100|0100|101 0x0625
5 1 0001101|1001|101 0x06CD
9 0 0101100|0000|001 0x1601
9 1 0110100|0010|011 0x1A13
9 2 0110111|0101|101 0x1BAD
a 0 0111011|0000|010 0x1D82
a 1 1000001|0011|111 0x209F
a 2 1000010|0100|111 0x2127
a 3 1000011|0010|111 0x2197
a 4 1000100|0011|111 0x221F
b 0 0011111|0011|011 0x0F9B
b 1 0100000|1000|011 0x1043
c 0 0100011|1001|100 0x11CC
c 1 0100100|0011|001 0x1219
c 2 0100110|1000|110 0x1346
e 0 0101000|1000|101 0x1445
BX = 111 Event : 40
1 0 0010000|0101|110 0x082E
2 0 0010101|0010|011 0x0A93
3 0 0000000|1011|110 0x005E
3 1 0000001|1000|011 0x00C3
3 2 0010111|0011|000 0x0B98
9 0 0011101|0001|000 0x0E88
9 1 0100011|0101|001 0x11A9
BX = 000 Event : 41
1 0 0001100|0010|110 0x0616
1 1 0001101|0100|100 0x06A4
2 0 0010100|0011|011 0x0A1B
3 0 0000000|0010|011 0x0013
3 1 0000001|0011|111 0x009F
3 2 0000010|1011|011 0x015B
4 0 0000100|0011|100 0x021C
6 0 0000111|0010|000 0x0390
9 0 0101000|0001|010 0x140A
9 1 0101111|0101|111 0x17AF
9 2 0110000|0000|111 0x1807
a 0 0110101|0001|100 0x1A8C
a 1 0110110|0101|111 0x1B2F
a 2 0111000|0101|111 0x1C2F
a 3 0111001|0110|111 0x1CB7
b 0 0011000|1001|011 0x0C4B
c 0 0011010|0001|100 0x0D0C
d 0 0011101|0100|101 0x0EA5
BX = 001 Event : 42
1 0 0001011|0101|100 0x05AC
1 1 0001100|0100|011 0x0623
1 2 0001101|0110|011 0x06B3
1 3 0001111|0101|110 0x07AE
1 4 0010010|0110|101 0x0935
2 0 0010110|0000|001 0x0B01
2 1 0010111|0101|001 0x0BA9
3 0 0000010|1011|111 0x015F
4 0 0000111|0011|111 0x039F
4 1 0001000|1001|111 0x044F
9 0 0101000|0000|100 0x1404
9 1 0101001|0010|100 0x1494
9 2 0101011|0110|011 0x15B3
9 3 0101101|0010|010 0x1692
9 4 0110010|0100|110 0x1926
BX = 010 Event : 43
1 0 0001100|0110|010 0x0632
1 1 0010011|0101|111 0x09AF
4 0 0000001|0000|001 0x0081
6 0 0000111|0100|011 0x03A3
9 0 0101000|0000|100 0x1404
9 1 0101010|0001|010 0x150A
9 2 0101101|0001|110 0x168E
9 3 0101110|0001|100 0x170C
c 0 0011101|0000|100 0x0E84
c 1 0011110|1011|100 0x0F5C
d 0 0100010|0011|101 0x111D
e 0 0100001|1011|000 0x10D8
e 1 0100011|0011|010 0x119A
BX = 011 Event : 44
1 0 0001100|0001|010 0x060A
2 0 0010110|0001|011 0x0B0B
2 1 0010111|0010|110 0x0B96
6 0 0001000|1000|000 0x0440
6 1 0001001|1010|000 0x04D0
9 0 0110001|0001|110 0x188E
9 1 0110011|0010|111 0x1997
b 0 0011010|0000|011 0x0D03
b 1 0011011|0011|011 0x0D9B
c 0 0011111|1000|001 0x0FC1
d 0 0100100|0010|010 0x1212
BX = 100 Event : 45
1 0 0010100|0001|000 0x0A08
1 1 0011110|0100|100 0x0F24
2 0 0100000|0110|001 0x1031
3 0 0000011|0001|110 0x018E
3 1 0000100|1001|011 0x024B
3 2 0100111|0110|000 0x13B0
4 0 0001000|0011|100 0x041C
4 1 0001001|0011|001 0x0499
6 0 0010000|1010|000 0x0850
9 0 0111010|0001|000 0x1D08
9 1 0111100|0100|010 0x1E22
9 2 1000001|0001|100 0x208C
b 0 0101000|0010|110 0x1416
b 1 0101001|1001|110 0x14CE
b 2 0101010|0010|110 0x1516
b 3 0101011|0001|110 0x158E
d 0 0101111|1000|010 0x17C2
e 0 0110011|0001|010 0x198A
e 1 0110100|1011|010 0x1A5A
BX = 101 Event : 46
0 0 0010111|0001|110 0x0B8E
1 0 0010110|0001|001 0x0B09
2 0 0011111|0000|001 0x0F81
2 1 0100111|0100|100 0x13A4
2 2 0101010|0001|111 0x150F
3 0 0000001|1010|011 0x00D3
3 1 0000010|0010|111 0x0117
3 2 0000011|1011|011 0x01DB
3 3 0101001|0101|000 0x14A8
4 0 0010001|0001|111 0x088F
5 0 0010000|0001|010 0x080A
5 1 0010011|1011|101 0x09DD
8 0 0111010|0001|111 0x1D0F
9 0 1000001|0000|110 0x2086
9 1 1000010|0101|110 0x212E
9 2 1000110|0000|111 0x2307
9 3 1000111|0010|111 0x2397
a 0 1000101|0101|000 0x22A8
c 0 0101110|0011|100 0x171C
c 1 0101111|0011|001 0x1799
c 2 0110000|0000|001 0x1801
d 0 0110100|1010|010 0x1A52
e 0 0110111|1011|011 0x1BDB
BX = 110 Event : 47
1 0 0001010|0000|000 0x0500
1 1 0001011|0000|000 0x0580
1 2 0001100|0001|000 0x0608
1 3 0010001|0010|010 0x0892
1 4 0010010|0100|010 0x0922
2 0 0011001|0110|001 0x0CB1
3 0 0000001|1010|110 0x00D6
3 1 0000010|1010|111 0x0157
3 2 0000011|1010|011 0x01D3
5 0 0000101|0000|010 0x0282
5 1 0000111|1000|101 0x03C5
8 0 0101100|0000|111 0x1607
9 0 0101111|0001|100 0x178C
9 1 0110000|0010|111 0x1817
9 2 0110010|0101|110 0x192E
9 3 0110100|0010|111 0x1A17
a 0 0111011|0011|011 0x1D9B
e 0 0101010|0100|101 0x1525
BX = 111 Event : 48
0 0 0010001|0000|111 0x0887
1 0 0010000|0000|000 0x0800
1 1 0011000|0001|110 0x0C0E
1 2 0011001|0000|101 0x0C85
2 0 0011100|0000|001 0x0E01
2 1 0011101|0100|000 0x0EA0
2 2 0100010|0011|110 0x111E
3 0 0000011|0011|111 0x019F
4 0 0000101|1010|001 0x02D1
5 0 0001000|0001|010 0x040A
9 0 0101100|0000|000 0x1600
9 1 0110000|0000|100 0x1804
9 2 0110001|0110|001 0x18B1
9 3 0110110|0110|111 0x1B37
9 4 1000001|0101|111 0x20AF
a 0 1000000|0001|000 0x2008
a 1 1000101|0010|011 0x2293
a 2 1000110|0011|001 0x2319
a 3 1000111|0001|101 0x238D
c 0 0101001|1000|001 0x14C1
BX = 000 Event : 49
1 0 0010011|0001|000 0x0988
1 1 0011100|0001|110 0x0E0E
2 0 0011101|0100|001 0x0EA1
2 1 0011110|0001|000 0x0F08
2 2 0100011|0010|011 0x1193
3 0 0000001|0001|111 0x008F
3 1 0000010|1011|111 0x015F
4 0 0000111|1001|001 0x03C9
6 0 0001110|1010|110 0x0756
9 0 0111001|0101|111 0x1CAF
a 0 0111000|0010|000 0x1C10
a 1 0111011|0000|001 0x1D81
a 2 0111100|0101|111 0x1E2F
a 3 0111101|0101|111 0x1EAF
c 0 0101100|0011|001 0x1619
d 0 0101110|0000|010 0x1702
BX = 001 Event : 50
1 0 0000111|0000|100 0x0384
1 1 0001000|0101|010 0x042A
1 2 0001011|0011|101 0x059D
2 0 0001111|0101|000 0x07A8
2 1 0011111|0010|111 0x0F97
3 0 0011011|0110|001 0x0DB1
9 0 0110000|0100|001 0x1821
9 1 0110001|0001|001 0x1889
9 2 0110101|0010|010 0x1A92
9 3 0110110|0101|010 0x1B2A
9 4 0110111|0100|010 0x1BA2
9 5 0111011|0001|100 0x1D8C
a 0 0111100|0000|000 0x1E00
a 1 1000010|0000|010 0x2102
a 2 1000011|0011|010 0x219A
a 3 1000101|0010|101 0x2295
b 0 0100001|1000|110 0x10C6
b 1 0100010|0001|110 0x110E
c 0 0100110|0001|001 0x1309
d 0 0101010|0011|010 0x151A
d 1 0101110|0001|101 0x170D
BX = 010 Event : 51
0 0 0010001|0000|111 0x0887
1 0 0001111|0100|001 0x07A1
1 1 0010000|0000|001 0x0801
1 2 0010101|0010|010 0x0A92
2 0 0100001|0001|000 0x1088
2 1 0101000|0111|010 0x143A
2 2 0101001|0110|110 0x14B6
3 0 0101100|0000|001 0x1601
4 0 0000111|0011|001 0x0399
8 0 1000001|0000|111 0x2087
9 0 1000000|0001|000 0x2008
9 1 1000101|0000|001 0x2281
9 2 1000111|0000|111 0x2387
9 3 1001000|0000|111 0x2407
a 0 1001010|0101|011 0x252B
c 0 0110000|0001|100 0x180C
c 1 0110001|1001|100 0x18CC
c 2 0110110|1010|110 0x1B56
e 0 0111010|1010|101 0x1D55
BX = 011 Event : 52
1 0 0010010|0101|001 0x0929
1 1 0010011|0001|001 0x0989
1 2 0011001|0001|111 0x0C8F
2 0 0011000|0101|001 0x0C29
2 1 0011101|0110|110 0x0EB6
2 2 0011110|0001|100 0x0F0C
2 3 0100001|0110|111 0x10B7
3 0 0000100|0010|011 0x0213
3 1 0100000|0010|001 0x1011
4 0 0001010|0010|001 0x0511
4 1 0001011|0000|111 0x0587
9 0 0111011|0000|101 0x1D85
a 0 1000001|0011|011 0x209B
a 1 1000011|0010|101 0x2195
b 0 0100100|1000|110 0x1246
b 1 0100101|1010|110 0x12D6
b 2 0100110|0001|110 0x130E
b 3 1000100|0110|000 0x2230
c 0 0101011|0001|100 0x158C
c 1 0101100|0010|100 0x1614
d 0 0101110|0010|010 0x1712
d 1 0110001|0100|101 0x18A5
e 0 0110100|1000|010 0x1A42
e 1 0110101|0001|110 0x1A8E
BX = 100 Event : 53
9 0 0100111|0001|011 0x138B
9 1 0101001|0100|110 0x14A6
9 2 0101010|0010|110 0x1516
9 3 0101011|0000|100 0x1584
9 4 0101100|0000|100 0x1604
9 5 0101111|0110|111 0x17B7
a 0 0101101|0001|000 0x1688
a 1 0110010|0001|100 0x190C
a 2 0110011|0100|011 0x19A3
a 3 0110100|0001|011 0x1A0B
a 4 0110101|0011|010 0x1A9A
a 5 0110110|0100|001 0x1B21
b 0 0011000|1000|011 0x0C43
b 1 0011001|0000|011 0x0C83
b 2 0111010|0101|001 0x1D29
c 0 0011011|0001|001 0x0D89
e 0 0100100|1010|101 0x1255
BX = 101 Event : 54
0 0 0001110|0001|111 0x070F
1 0 0001101|0100|000 0x06A0
1 1 0010010|0010|011 0x0913
1 2 0010011|0001|010 0x098A
4 0 0000001|0011|100 0x009C
4 1 0000101|0001|111 0x028F
5 0 0000100|0010|010 0x0212
5 1 0001001|0011|101 0x049D
6 0 0001010|1010|110 0x0556
6 1 0001011|1011|010 0x05DA
9 0 0101101|0100|001 0x16A1
9 1 0110000|0001|000 0x1808
9 2 0110001|0000|000 0x1880
9 3 0111001|0000|100 0x1C84
9 4 0111010|0100|011 0x1D23
9 5 0111101|0000|001 0x1E81
9 6 0111110|0011|110 0x1F1E
9 7 0111111|0001|101 0x1F8D
b 0 0100001|0001|011 0x108B
BX = 110 Event : 55
0 0 0010001|0100|111 0x08A7
1 0 0010101|0100|110 0x0AA6
1 1 0010110|0011|110 0x0B1E
1 2 0011001|0100|111 0x0CA7
3 0 0000011|1011|011 0x01DB
3 1 0000100|0001|011 0x020B
5 0 0001001|1001|010 0x04CA
5 1 0001100|0010|101 0x0615
8 0 0100100|0100|111 0x1227
8 1 0100101|0001|110 0x128E
9 0 0100110|0101|011 0x132B
9 1 0101000|0101|110 0x142E
9 2 0101111|0100|110 0x17A6
a 0 0110000|0000|100 0x1804
c 0 0100000|0010|100 0x1014
BX = 111 Event : 56
1 0 0010010|0100|000 0x0920
1 1 0010011|0001|000 0x0988
1 2 0010100|0001|000 0x0A08
1 3 0011000|0010|011 0x0C13
1 4 0011001|0101|010 0x0CAA
2 0 0100110|0011|010 0x131A
2 1 0101010|0110|110 0x1536
4 0 0000110|0001|111 0x030F
4 1 0000111|0000|111 0x0387
9 0 1000100|0010|100 0x2214
9 1 1001000|0110|101 0x2435
9 2 1001001|0011|100 0x249C
b 0 0110001|0001|110 0x188E
b 1 0110010|0011|011 0x191B
e 0 0111100|0100|010 0x1E22
BX = 000 Event : 57
0 0 0001011|0000|111 0x0587
1 0 0001001|0000|000 0x0480
1 1 0010011|0000|010 0x0982
1 2 0010101|0010|001 0x0A91
1 3 0011000|0000|110 0x0C06
1 4 0011001|0101|110 0x0CAE
1 5 0011010|0100|110 0x0D26
1 6 0011011|0010|110 0x0D96
2 0 0100110|0000|100 0x1304
3 0 0000100|1001|011 0x024B
4 0 0000110|0010|100 0x0314
4 1 0000111|1000|001 0x03C1
9 0 1000001|0000|010 0x2082
9 1 1000010|0000|001 0x2101
9 2 1000101|0110|110 0x22B6
a 0 1001000|0110|000 0x2430
b 0 0101101|0000|011 0x1683
e 0 0110100|1001|000 0x1A48
BX = 001 Event : 58
0 0 0001001|0001|110 0x048E
1 0 0001000|0001|001 0x0409
1 1 0001100|0101|100 0x062C
1 2 0001101|0010|011 0x0693
1 3 0001110|0100|010 0x0722
1 4 0001111|0001|001 0x0789
2 0 0010110|0100|000 0x0B20
3 0 0011101|0010|001 0x0E91
5 0 0000100|0000|010 0x0202
9 0 0101010|0000|000 0x1500
9 1 0101111|0001|010 0x178A
9 2 0110000|0100|010 0x1822
9 3 0110100|0110|110 0x1A36
9 4 0110101|0001|110 0x1A8E
9 5 0111000|0110|100 0x1C34
9 6 0111101|0100|111 0x1EA7
9 7 0111110|0001|111 0x1F0F
a 0 1000100|0000|100 0x2204
c 0 0100101|0001|110 0x128E
BX = 010 Event : 59
1 0 0001111|0001|100 0x078C
2 0 0011000|0110|111 0x0C37
3 0 0000010|1011|111 0x015F
3 1 0000011|1010|111 0x01D7
4 0 0000110|0010|001 0x0311
6 0 0001000|1000|000 0x0440
8 0 0100101|0100|110 0x12A6
9 0 0101011|0010|010 0x1592
a 0 0110001|0000|000 0x1880
a 1 0110010|0100|000 0x1920
d 0 0011011|1010|010 0x0DD2
e 0 0011110|1011|000 0x0F58
BX = 011 Event : 60
1 0 0001100|0100|001 0x0621
1 1 0001101|0001|010 0x068A
1 2 0001110|0101|010 0x072A
1 3 0001111|0100|001 0x07A1
1 4 0010000|0010|001 0x0811
1 5 0010001|0001|001 0x0889
1 6 0010100|0101|101 0x0A2D
1 7 0010101|0110|101 0x0AB5
2 0 0010111|0101|001 0x0BA9
2 1 0011000|0001|000 0x0C08
2 2 0011100|0010|100 0x0E14
2 3 0011101|0001|011 0x0E8B
2 4 0100001|0110|111 0x10B7
2 5 0100101|0011|111 0x129F
9 0 1000001|0000|100 0x2084
9 1 1000010|0110|100 0x2134
9 2 1000100|0100|010 0x2222
9 3 1000111|0110|110 0x23B6
9 4 1001001|0100|110 0x24A6
9 5 1001011|0101|100 0x25AC
9 6 1001100|0101|111 0x262F
b 0 0100111|0011|110 0x139E
c 0 0101101|0011|100 0x169C
c 1 0101110|1010|001 0x1751
c 2 0101111|1011|001 0x17D9
c 3 0110000|0011|001 0x1819
BX = 100 Event : 61
1 0 0010011|0000|100 0x0984
1 1 0010100|0100|011 0x0A23
3 0 0000101|1010|011 0x02D3
4 0 0000111|0011|100 0x039C
4 1 0001000|1010|111 0x0457
5 0 0001101|1000|101 0x06C5
6 0 0001100|1010|000 0x0650
8 0 0101010|0000|110 0x1506
9 0 0101111|0010|010 0x1792
9 1 0110010|0000|110 0x1906
9 2 0110011|0101|100 0x19AC
a 0 0110100|0100|001 0x1A21
a 1 0110110|0110|000 0x1B30
b 0 0100010|0010|110 0x1116
b 1 0100100|0001|110 0x120E
b 2 0100101|1011|011 0x12DB
e 0 0101000|1011|000 0x1458
BX = 101 Event : 62
0 0 0010010|0100|111 0x0927
1 0 0010001|0001|000 0x0888
1 1 0011001|0010|001 0x0C91
1 2 0011111|0110|101 0x0FB5
1 3 0100000|0101|101 0x102D
1 4 0100001|0100|101 0x10A5
2 0 0100111|0001|111 0x138F
3 0 0000001|0001|110 0x008E
3 1 0000010|1010|111 0x0157
4 0 0000101|0011|001 0x0299
4 1 0001000|0001|111 0x040F
5 0 0000111|1001|010 0x03CA
5 1 0001010|1011|101 0x055D
9 0 1000010|0010|010 0x2112
a 0 1001001|0001|010 0x248A
a 1 1001010|0000|001 0x2501
c 0 0101111|0011|001 0x1799
c 1 0110000|1011|001 0x1859
d 0 0110011|1010|010 0x19D2
d 1 0110111|1010|101 0x1BD5
d 2 0111000|0011|101 0x1C1D
e 0 0111001|0011|110 0x1C9E
BX = 110 Event : 63
1 0 0001111|0101|010 0x07AA
1 1 0010000|0100|010 0x0822
2 0 0010011|0101|100 0x09AC
2 1 0010101|0100|100 0x0AA4
3 0 0000000|0001|110 0x000E
3 1 0000001|1011|110 0x00DE
3 2 0000010|0010|111 0x0117
3 3 0000011|0001|111 0x018F
3 4 0010110|0100|000 0x0B20
4 0 0000101|1001|100 0x02CC
4 1 0001000|0010|111 0x0417
5 0 0000111|0000|010 0x0382
6 0 0001010|0000|000 0x0500
8 0 0110000|0100|111 0x1827
9 0 0111000|0000|100 0x1C04
a 0 0111001|0100|001 0x1CA1
a 1 0111101|0110|011 0x1EB3
b 0 0011100|1010|110 0x0E56
b 1 0111110|0001|001 0x1F09
c 0 0011111|0011|001 0x0F99
BX = 111 Event : 64
1 0 0010001|0100|010 0x08A2
1 1 0010010|0100|010 0x0922
1 2 0010011|0100|001 0x09A1
1 3 0010100|0010|001 0x0A11
1 4 0011000|0000|110 0x0C06
1 5 0011010|0011|100 0x0D1C
1 6 0011110|0001|110 0x0F0E
4 0 0000101|1010|001 0x02D1
4 1 0000110|1001|001 0x0349
4 2 0001001|0011|111 0x049F
5 0 0001011|0001|101 0x058D
6 0 0001100|1011|011 0x065B
9 0 0111110|0101|010 0x1F2A
9 1 1000000|0100|110 0x2026
9 2 1000001|0010|101 0x2095
9 3 1000101|0100|100 0x22A4
9 4 1001001|0100|111 0x24A7
a 0 1001010|0100|010 0x2522
a 1 1001101|0110|110 0x26B6
a 2 1001110|0000|100 0x2704
a 3 1001111|0100|100 0x27A4
a 4 1010000|0011|100 0x281C
a 5 1010001|0110|111 0x28B7
d 0 0100100|0011|010 0x121A
e 0 0101001|0100|000 0x14A0
e 1 0101010|0011|000 0x1518
e 2 0110011|0100|010 0x19A2
e 3 0110100|0010|110 0x1A16
e 4 0110101|0000|011 0x1A83
BX = 000 Event : 65
1 0 0010000|0001|010 0x080A
1 1 0010001|0010|001 0x0891
1 2 0010110|0010|100 0x0B14
2 0 0010111|0000|001 0x0B81
2 1 0011101|0111|011 0x0EBB
2 2 0011110|0110|101 0x0F35
3 0 0100000|0001|001 0x1009
3 1 0100010|0001|001 0x1109
5 0 0001000|0011|010 0x041A
5 1 0001001|0011|010 0x049A
6 0 0001011|0000|000 0x0580
6 1 0001100|0011|000 0x0618
6 2 0001101|0000|000 0x0680
8 0 0101111|0100|110 0x17A6
9 0 0101010|0100|001 0x1521
9 1 0110011|0101|011 0x19AB
9 2 0110100|0110|011 0x1A33
9 3 0110110|0001|001 0x1B09
b 0 1000010|0010|001 0x2111
b 1 1000011|0010|001 0x2191
c 0 0100101|0010|100 0x1294
c 1 0100110|0010|110 0x1316
d 0 0100111|1011|101 0x13DD
BX = 001 Event : 66
0 0 0001111|0001|111 0x078F
0 1 0010000|0000|110 0x0806
4 0 0000100|1000|111 0x0247
4 1 0000101|0001|111 0x028F
5 0 0001001|0010|101 0x0495
9 0 0110000|0110|110 0x1836
9 1 0110010|0001|100 0x190C
9 2 0110011|0110|100 0x19B4
a 0 0110111|0101|010 0x1BAA
b 0 0011101|1010|110 0x0ED6
b 1 0011111|1010|011 0x0FD3
b 2 0100000|1010|011 0x1053
b 3 0100001|0000|011 0x1083
b 4 0100010|1000|011 0x1143
c 0 0100110|0011|100 0x131C
c 1 0101001|0000|110 0x1486
BX = 010 Event : 67
2 0 0011100|0100|001 0x0E21
2 1 0011101|0100|001 0x0EA1
2 2 0011111|0011|110 0x0F9E
3 0 0000100|1010|110 0x0256
4 0 0001010|1000|001 0x0541
4 1 0001011|0011|001 0x0599
6 0 0010001|1001|110 0x08CE
6 1 0010010|0100|110 0x0926
9 0 0110011|0100|010 0x19A2
9 1 0110100|0101|010 0x1A2A
9 2 0110101|0001|001 0x1A89
9 3 0111101|0000|100 0x1E84
a 0 1001001|0000|010 0x2482
a 1 1001011|0010|110 0x2596
a 2 1001100|0000|101 0x2605
a 3 1001110|0010|100 0x2714
a 4 1001111|0011|111 0x279F
b 0 0100001|0000|011 0x1083
e 0 0100101|0010|000 0x1290
e 1 0100111|0000|010 0x1382
BX = 011 Event : 68
1 0 0001011|0100|101 0x05A5
1 1 0001100|0110|101 0x0635
2 0 0010000|0001|011 0x080B
2 1 0010001|0001|010 0x088A
3 0 0000001|1000|110 0x00C6
3 1 0000010|1000|011 0x0143
8 0 0011110|0001|110 0x0F0E
b 0 0010111|0011|011 0x0B9B
c 0 0011001|1010|001 0x0CD1
c 1 0011011|0001|110 0x0D8E
c 2 0011100|1000|110 0x0E46
BX = 100 Event : 69
1 0 0010101|0100|011 0x0AA3
1 1 0010110|0000|010 0x0B02
1 2 0010111|0001|010 0x0B8A
1 3 0011001|0001|010 0x0C8A
1 4 0011100|0100|001 0x0E21
1 5 0011101|0110|001 0x0EB1
1 6 0011111|0000|101 0x0F85
2 0 0100000|0100|000 0x1020
2 1 0100101|0011|100 0x129C
2 2 0100110|0010|011 0x1313
2 3 0101000|0001|101 0x140D
2 4 0101001|0011|100 0x149C
3 0 0000011|0001|011 0x018B
6 0 0001101|0000|011 0x0683
9 0 1000100|0000|001 0x2201
9 1 1010000|0001|110 0x280E
a 0 1011100|0011|100 0x2E1C
d 0 0110111|0011|010 0x1B9A
d 1 0111000|1010|010 0x1C52
d 2 0111001|0011|010 0x1C9A
e 0 0111110|0011|010 0x1F1A
BX = 101 Event : 70
0 0 0001010|0000|111 0x0507
0 1 0001011|0100|110 0x05A6
1 0 0001101|0001|001 0x0689
1 1 0010011|0110|110 0x09B6
1 2 0010100|0001|110 0x0A0E
9 0 0101101|0000|100 0x1684
a 0 0110011|0100|110 0x19A6
a 1 0110100|0011|101 0x1A1D
a 2 0110110|0001|111 0x1B0F
a 3 0111000|0001|111 0x1C0F
b 0 0011110|1010|110 0x0F56
c 0 0100001|0000|001 0x1081
BX = 110 Event : 71
2 0 0011000|0101|001 0x0C29
2 1 0011101|0100|100 0x0EA4
2 2 0011110|0010|100 0x0F14
3 0 0100000|0001|001 0x1009
4 0 0000110|0010|100 0x0314
4 1 0001010|1001|111 0x054F
6 0 0001111|1001|000 0x07C8
6 1 0010000|0001|011 0x080B
9 0 0110000|0110|010 0x1832
a 0 0110111|0100|001 0x1BA1
a 1 0111001|0110|110 0x1CB6
c 0 0100101|0010|001 0x1291
e 0 0101000|1010|000 0x1450
BX = 111 Event : 72
1 0 0100000|0100|110 0x1026
1 1 0100001|0000|101 0x1085
1 2 0100011|0101|101 0x11AD
2 0 0100100|0101|001 0x1229
2 1 0101000|0010|110 0x1416
3 0 0000101|0011|011 0x029B
3 1 0000110|0011|011 0x031B
3 2 0000111|0010|011 0x0393
4 0 0001100|1000|100 0x0644
9 0 0111011|0000|001 0x1D81
9 1 0111100|0000|000 0x1E00
9 2 1000100|0010|110 0x2216
a 0 1001000|0000|001 0x2401
a 1 1001100|0001|000 0x2608
a 2 1001111|0011|100 0x279C
a 3 1010000|0110|101 0x2835
a 4 1010101|0011|111 0x2A9F
b 0 0101110|0000|110 0x1706
b 1 0101111|1011|011 0x17DB
b 2 1010100|0001|001 0x2A09
c 0 0110010|0010|100 0x1914
c 1 0110111|0011|110 0x1B9E
e 0 0111001|1011|011 0x1CDB
BX = 000 Event : 73
1 0 0001111|0100|010 0x07A2
4 0 0000011|1001|100 0x01CC
4 1 0000100|0011|100 0x021C
5 0 0001000|0001|010 0x040A
8 0 0101001|0100|111 0x14A7
9 0 0101100|0101|011 0x162B
9 1 0101101|0000|010 0x1682
9 2 0101110|0010|001 0x1711
9 3 0110000|0101|110 0x182E
9 4 0110010|0010|100 0x1914
9 5 0110100|0000|100 0x1A04
9 6 0111001|0100|110 0x1CA6
a 0 0110110|0101|000 0x1B28
a 1 0111100|0010|110 0x1E16
b 0 0011110|0011|110 0x0F1E
BX = 001 Event : 74
1 0 0000111|0000|001 0x0381
1 1 0001001|0100|100 0x04A4
2 0 0001101|0011|011 0x069B
2 1 0010001|0110|111 0x08B7
3 0 0000010|0011|111 0x011F
4 0 0000011|1010|001 0x01D1
9 0 0011100|0000|000 0x0E00
9 1 0100000|0100|010 0x1022
9 2 0100001|0000|010 0x1082
c 0 0011000|1000|100 0x0C44
BX = 010 Event : 75
1 0 0001101|0100|100 0x06A4
1 1 0001110|0001|010 0x070A
1 2 0001111|0000|010 0x0782
1 3 0010000|0001|001 0x0809
2 0 0010100|0101|000 0x0A28
2 1 0011001|0010|010 0x0C92
3 0 0000001|0000|111 0x0087
5 0 0000110|0011|010 0x031A
6 0 0001000|1011|011 0x045B
9 0 0100110|0100|000 0x1320
9 1 0101011|0101|111 0x15AF
9 2 0101100|0101|111 0x162F
a 0 0101111|0010|010 0x1792
a 1 0110000|0111|001 0x1839
b 0 0011011|0000|110 0x0D86
c 0 0011111|0011|001 0x0F99
d 0 0100011|0100|101 0x11A5
BX = 011 Event : 76
0 0 0011101|0001|111 0x0E8F
1 0 0100000|0100|100 0x1024
1 1 0100010|0000|011 0x1103
1 2 0100100|0010|010 0x1212
1 3 0100101|0110|001 0x12B1
1 4 0101001|0000|100 0x1484
1 5 0101101|0010|111 0x1697
3 0 0000010|1001|011 0x014B
4 0 0001001|0010|001 0x0491
4 1 0001101|0010|111 0x0697
6 0 0010010|0000|000 0x0900
6 1 0010011|1011|000 0x09D8
6 2 0011010|1000|011 0x0D43
8 0 1000010|0000|111 0x2107
9 0 1000001|0001|001 0x2089
9 1 1001011|0000|010 0x2582
9 2 1001100|0000|001 0x2601
9 3 1001111|0011|100 0x279C
9 4 1010000|0101|100 0x282C
9 5 1010010|0101|100 0x292C
a 0 1010101|0110|101 0x2AB5
a 1 1010110|0001|101 0x2B0D
b 0 0110010|1001|011 0x194B
b 1 0110011|0000|110 0x1986
c 0 0111000|0000|100 0x1C04
c 1 0111010|1010|110 0x1D56
c 2 0111011|0011|110 0x1D9E
BX = 100 Event : 77
1 0 0010101|0001|001 0x0A89
2 0 0011100|0010|001 0x0E11
3 0 0000001|0000|111 0x0087
3 1 0000010|0010|111 0x0117
4 0 0000111|1010|100 0x03D4
4 1 0001110|0000|111 0x0707
6 0 0010010|1000|011 0x0943
9 0 0101010|0010|100 0x1514
9 1 0101111|0110|100 0x17B4
9 2 0110010|0000|100 0x1904
b 0 0100001|0010|011 0x1093
d 0 0100010|1000|010 0x1142
BX = 101 Event : 78
2 0 0001110|0011|110 0x071E
3 0 0010001|0001|001 0x0889
5 0 0000010|1001|010 0x014A
a 0 0101000|0110|010 0x1432
a 1 0101001|0101|110 0x14AE
c 0 0010110|0000|100 0x0B04
d 0 0011001|0010|010 0x0C92
e 0 0011101|1010|101 0x0ED5
BX = 110 Event : 79
4 0 0000101|0010|111 0x0297
5 0 0000100|1011|010 0x025A
5 1 0000111|0000|101 0x0385
6 0 0000110|0100|000 0x0320
8 0 0011111|0001|111 0x0F8F
9 0 0011110|0000|001 0x0F01
9 1 0100011|0001|001 0x1189
9 2 0100100|0101|110 0x122E
a 0 0100110|0110|110 0x1336
d 0 0011100|0010|010 0x0E12
BX = 111 Event : 80
0 0 0001111|0001|111 0x078F
1 0 0001101|0001|000 0x0688
1 1 0010011|0010|010 0x0992
1 2 0010100|0001|001 0x0A09
1 3 0011000|0110|101 0x0C35
1 4 0011001|0000|101 0x0C85
2 0 0011111|0111|100 0x0FBC
2 1 0100000|0010|011 0x1013
2 2 0100001|0101|001 0x10A9
2 3 0100010|0101|110 0x112E
4 0 0000101|0011|001 0x0299
6 0 0001001|0001|010 0x048A
8 0 0110010|0001|111 0x190F
8 1 0110011|0001|111 0x198F
8 2 0110100|0000|110 0x1A06
9 0 0110001|0001|000 0x1888
a 0 1000110|0110|110 0x2336
c 0 0101011|1001|100 0x15CC
BX = 000 Event : 81
0 0 0011010|0000|110 0x0D06
2 0 0101011|0010|000 0x1590
2 1 0101100|0101|010 0x162A
5 0 0001000|1011|010 0x045A
5 1 0010000|0100|101 0x0825
6 0 0001010|0001|000 0x0508
6 1 0001011|0001|000 0x0588
6 2 0001110|1000|000 0x0740
6 3 0001111|0011|000 0x0798
6 4 0010001|1000|011 0x08C3
6 5 0010010|0001|011 0x090B
6 6 0010011|1010|010 0x09D2
6 7 0010100|1001|010 0x0A4A
9 0 0111111|0100|000 0x1FA0
b 0 0110010|0000|110 0x1906
c 0 0110111|0001|100 0x1B8C
d 0 0111001|1010|010 0x1CD2
e 0 0111011|0011|000 0x1D98
BX = 001 Event : 82
4 0 0000001|0010|001 0x0091
4 1 0000010|1001|001 0x0149
6 0 0001000|0001|010 0x040A
9 0 0100101|0001|010 0x128A
9 1 0100110|0101|010 0x132A
a 0 0101101|0110|101 0x16B5
b 0 0010110|0000|110 0x0B06
c 0 0011001|0001|100 0x0C8C
c 1 0011010|1000|001 0x0D41
e 0 0011110|1001|000 0x0F48
BX = 010 Event : 83
1 0 0001001|0000|000 0x0480
1 1 0001100|0000|011 0x0603
1 2 0001101|0110|010 0x06B2
1 3 0001110|0100|010 0x0722
1 4 0010000|0100|110 0x0826
1 5 0010001|0010|110 0x0896
1 6 0010011|0100|111 0x09A7
2 0 0011001|0011|010 0x0C9A
2 1 0011010|0010|001 0x0D11
2 2 0011100|0000|110 0x0E06
3 0 0011111|0000|000 0x0F80
5 0 0000110|1000|010 0x0342
9 0 0110001|0110|111 0x18B7
9 1 0110010|0001|110 0x190E
9 2 0110011|0100|110 0x19A6
9 3 0110101|0001|111 0x1A8F
a 0 0110110|0000|100 0x1B04
a 1 0110111|0011|100 0x1B9C
a 2 0111000|0001|100 0x1C0C
b 0 0111011|0010|001 0x1D91
c 0 0100110|0011|110 0x131E
d 0 0100101|1001|010 0x12CA
e 0 0101001|1010|000 0x14D0
BX = 011 Event : 84
1 0 0001000|0101|010 0x042A
1 1 0001001|0010|010 0x0492
3 0 0010000|0010|001 0x0811
4 0 0000001|1001|001 0x00C9
9 0 0100110|0000|100 0x1304
9 1 0100111|0000|011 0x1383
9 2 0101000|0000|010 0x1402
a 0 0110001|0011|011 0x189B
a 1 0110011|0110|100 0x19B4
a 2 0111000|0000|111 0x1C07
a 3 0111001|0000|111 0x1C87
c 0 0011001|1010|001 0x0CD1
c 1 0011010|0010|110 0x0D16
c 2 0011011|1011|110 0x0DDE
d 0 0011110|1010|101 0x0F55
e 0 0011101|1000|000 0x0EC0
BX = 100 Event : 85
0 0 0001111|0001|110 0x078E
1 0 0010010|0010|010 0x0912
1 1 0010101|0000|101 0x0A85
1 2 0010111|0010|111 0x0B97
2 0 0011110|0011|111 0x0F1F
3 0 0000000|0010|111 0x0017
4 0 0000100|0001|100 0x020C
4 1 0000101|1010|001 0x02D1
4 2 0000110|1001|001 0x0349
4 3 0000111|1001|001 0x03C9
6 0 0001010|0100|000 0x0520
6 1 0001100|0011|011 0x061B
9 0 0111011|0101|001 0x1DA9
b 0 0100001|0000|110 0x1086
b 1 1000100|0010|001 0x2211
b 2 1000101|0101|000 0x22A8
c 0 0100111|1001|100 0x13CC
c 1 0101000|0000|001 0x1401
c 2 0101001|0000|001 0x1481
c 3 0101011|1001|110 0x15CE
c 4 0101100|0001|110 0x160E
d 0 0101110|0100|101 0x1725
e 0 0101111|1001|000 0x17C8
e 1 0110010|1001|101 0x194D
e 2 0110100|1001|011 0x1A4B
BX = 101 Event : 86
1 0 0010001|0100|000 0x08A0
2 0 0100011|0011|010 0x119A
2 1 0100100|0011|010 0x121A
3 0 0000000|1001|110 0x004E
3 1 0000001|0011|110 0x009E
4 0 0000101|0010|001 0x0291
4 1 0000111|1001|111 0x03CF
5 0 0000110|0011|010 0x031A
6 0 0001001|1011|000 0x04D8
6 1 0001010|0010|000 0x0510
6 2 0001100|1011|011 0x065B
6 3 0001101|0011|010 0x069A
6 4 0001110|1011|010 0x075A
9 0 0110100|0010|011 0x1A13
9 1 0110101|0000|010 0x1A82
9 2 0110110|0000|001 0x1B01
9 3 0111100|0101|111 0x1E2F
a 0 1000110|0110|110 0x2336
a 1 1000111|0011|100 0x239C
a 2 1001000|0101|100 0x242C
b 0 0100110|0001|011 0x130B
b 1 1001001|0110|000 0x24B0
b 2 1001011|0010|000 0x2590
c 0 0101001|1010|110 0x14D6
e 0 0101100|1011|000 0x1658
BX = 110 Event : 87
1 0 0001010|0100|000 0x0520
1 1 0001110|0010|100 0x0714
1 2 0001111|0010|011 0x0793
1 3 0010000|0101|010 0x082A
1 4 0010010|0011|110 0x091E
2 0 0010111|0101|011 0x0BAB
3 0 0011011|0000|001 0x0D81
4 0 0000101|0011|100 0x029C
4 1 0000110|0000|001 0x0301
4 2 0000111|0000|001 0x0381
9 0 0101110|0000|000 0x1700
9 1 0110000|0101|100 0x182C
9 2 0110001|0000|100 0x1884
9 3 0110100|0010|101 0x1A15
9 4 0110111|0101|100 0x1BAC
a 0 0111010|0001|000 0x1D08
c 0 0100110|1001|100 0x134C
d 0 0101100|1011|101 0x165D
BX = 111 Event : 88
1 0 0001000|0001|011 0x040B
1 1 0001010|0101|001 0x0529
1 2 0001101|0001|110 0x068E
1 3 0001110|0011|110 0x071E
2 0 0010101|0100|000 0x0AA0
2 1 0011000|0111|011 0x0C3B
5 0 0000100|0100|101 0x0225
9 0 0101010|0100|000 0x1520
9 1 0101111|0010|010 0x1792
9 2 0110000|0101|010 0x182A
9 3 0110001|0110|001 0x18B1
9 4 0110010|0101|001 0x1929
a 0 0110110|0011|011 0x1B1B
a 1 0110111|0011|011 0x1B9B
b 0 0011101|0000|110 0x0E86
c 0 0100001|0011|001 0x1099
c 1 0100011|0010|110 0x1196
d 0 0100010|0001|010 0x110A
e 0 0100110|1010|000 0x1350
e 1 0101001|0100|101 0x14A5
BX = 000 Event : 89
1 0 0010101|0001|000 0x0A88
1 1 0011010|0101|011 0x0D2B
1 2 0011011|0100|001 0x0DA1
1 3 0011110|0100|110 0x0F26
2 0 0100000|0101|001 0x1029
2 1 0100010|0011|011 0x111B
2 2 0100011|0011|001 0x1199
2 3 0100100|0110|001 0x1231
2 4 0100101|0000|100 0x1284
3 0 0000100|1011|110 0x025E
3 1 0100111|0101|000 0x13A8
9 0 0110011|0101|100 0x19AC
9 1 0110110|0000|111 0x1B07
a 0 0111010|0011|110 0x1D1E
b 0 0101000|0000|011 0x1403
d 0 0101011|1010|010 0x15D2
BX = 001 Event : 90
1 0 0010001|0000|010 0x0882
1 1 0010010|0001|010 0x090A
1 2 0010011|0001|010 0x098A
1 3 0011111|0001|110 0x0F8E
2 0 0100010|0010|011 0x1113
3 0 0000010|1011|111 0x015F
4 0 0000100|0011|001 0x0219
5 0 0001010|0010|101 0x0515
6 0 0001001|1001|000 0x04C8
9 0 0110001|0000|111 0x1887
9 1 0110010|0101|110 0x192E
9 2 0110110|0101|111 0x1B2F
9 3 0110111|0101|111 0x1BAF
9 4 0111000|0100|111 0x1C27
a 0 0111001|0011|100 0x1C9C
a 1 0111010|0010|101 0x1D15
a 2 0111011|0110|101 0x1DB5
e 0 0101100|1000|000 0x1640
e 1 0101101|0010|110 0x1696
BX = 010 Event : 91
2 0 0010110|0101|000 0x0B28
3 0 0000000|0001|011 0x000B
3 1 0000001|1010|011 0x00D3
3 2 0000010|0001|011 0x010B
3 3 0011011|0110|001 0x0DB1
3 4 0011100|0000|001 0x0E01
6 0 0000111|0100|000 0x03A0
6 1 0001001|1000|011 0x04C3
8 0 0100100|0001|110 0x120E
9 0 0100011|0001|001 0x1189
9 1 0100101|0100|010 0x12A2
9 2 0100110|0000|010 0x1302
9 3 0100111|0101|110 0x13AE
9 4 0101101|0101|111 0x16AF
a 0 0101100|0001|000 0x1608
a 1 0110001|0011|100 0x189C
a 2 0110010|0000|010 0x1902
a 3 0110100|0011|100 0x1A1C
b 0 0110110|0101|000 0x1B28
c 0 0100001|1000|110 0x10C6
d 0 0100000|1011|010 0x105A
BX = 011 Event : 92
1 0 0001001|0001|011 0x048B
1 1 0001011|0101|001 0x05A9
1 2 0001111|0001|110 0x078E
2 0 0010111|0100|000 0x0BA0
2 1 0011010|0111|011 0x0D3B
5 0 0000110|0100|101 0x0325
9 0 0100111|0100|000 0x13A0
9 1 0101101|0010|010 0x1692
9 2 0101110|0101|010 0x172A
9 3 0101111|0110|001 0x17B1
9 4 0110000|0101|001 0x1829
a 0 0110110|0011|011 0x1B1B
a 1 0110111|0011|011 0x1B9B
b 0 0011101|0000|110 0x0E86
c 0 0100001|0011|001 0x1099
c 1 0100011|0010|110 0x1196
d 0 0100010|0001|010 0x110A
BX = 100 Event : 93
1 0 0100010|0010|110 0x1116
2 0 0100101|0001|001 0x1289
2 1 0101011|0101|100 0x15AC
2 2 0101100|0011|011 0x161B
2 3 0101101|0111|010 0x16BA
2 4 0101110|0001|001 0x1709
2 5 0110000|0000|101 0x1805
3 0 0000011|0011|110 0x019E
3 1 0000110|1000|111 0x0347
3 2 0000111|0010|111 0x0397
4 0 0001100|1000|100 0x0644
4 1 0001101|0010|001 0x0691
4 2 0010010|0001|111 0x090F
6 0 0010110|0100|000 0x0B20
6 1 0010111|1000|110 0x0BC6
9 0 0111100|0000|000 0x1E00
9 1 1001001|0110|110 0x24B6
9 2 1001010|0100|101 0x2525
9 3 1001111|0010|111 0x2797
9 4 1010001|0101|111 0x28AF
9 5 1010010|0101|111 0x292F
a 0 1011111|0010|111 0x2F97
b 0 0110011|0000|110 0x1986
b 1 0110100|1001|110 0x1A4E
c 0 0110110|0000|100 0x1B04
BX = 101 Event : 94
1 0 0001110|0100|001 0x0721
1 1 0001111|0001|000 0x0788
1 2 0010110|0000|010 0x0B02
1 3 0010111|0001|010 0x0B8A
1 4 0011001|0010|010 0x0C92
1 5 0011010|0100|001 0x0D21
2 0 0100011|0010|011 0x1193
3 0 0000011|0001|110 0x018E
3 1 0000100|1011|111 0x025F
4 0 0000110|0011|001 0x0319
4 1 0000111|0011|001 0x0399
5 0 0001011|0010|101 0x0595
6 0 0001010|1001|000 0x0548
9 0 0101110|0000|111 0x1707
9 1 0101111|0101|110 0x17AE
9 2 0110011|0101|111 0x19AF
9 3 0110100|0110|111 0x1A37
a 0 0110101|0110|101 0x1AB5
e 0 0100110|1000|000 0x1340
e 1 0100111|1000|000 0x13C0
e 2 0101001|0010|110 0x1496
BX = 110 Event : 95
1 0 0010100|0100|100 0x0A24
1 1 0010111|0010|010 0x0B92
1 2 0011000|0101|001 0x0C29
1 3 0011111|0000|100 0x0F84
3 0 0000001|1001|011 0x00CB
4 0 0001000|0000|001 0x0401
5 0 0001100|0010|101 0x0615
5 1 0001101|1011|101 0x06DD
6 0 0001010|0000|000 0x0500
6 1 0001011|1011|000 0x05D8
6 2 0001111|1000|011 0x07C3
9 0 0111011|0000|010 0x1D82
9 1 0111101|0000|001 0x1E81
9 2 0111110|0010|001 0x1F11
9 3 1000010|0010|100 0x2114
9 4 1000011|0101|100 0x21AC
9 5 1000101|0101|100 0x22AC
a 0 1001011|0110|101 0x25B5
a 1 1001100|0001|101 0x260D
a 2 1001101|0001|101 0x268D
b 0 0100111|1001|011 0x13CB
c 0 0101011|0000|100 0x1584
c 1 0101100|0010|001 0x1611
c 2 0101101|1000|001 0x16C1
BX = 111 Event : 96
1 0 0010000|0000|000 0x0800
2 0 0010101|0100|001 0x0AA1
2 1 0010110|0010|101 0x0B15
3 0 0000000|1011|110 0x005E
4 0 0000100|0000|100 0x0204
4 1 0000101|0001|100 0x028C
4 2 0000110|1001|001 0x0349
5 0 0001100|1000|101 0x0645
5 1 0001101|0000|101 0x0685
6 0 0001111|0001|010 0x078A
8 0 0100110|0001|111 0x130F
b 0 0011100|1001|110 0x0E4E
b 1 0011101|1001|011 0x0ECB
c 0 0100010|1000|001 0x1141
BX = 000 Event : 97
0 0 0001010|0100|111 0x0527
1 0 0001111|0101|011 0x07AB
2 0 0011000|0011|110 0x0C1E
5 0 0000011|1001|010 0x01CA
9 0 0101011|0001|100 0x158C
9 1 0101101|0000|011 0x1683
9 2 0101110|0101|010 0x172A
9 3 0101111|0101|010 0x17AA
9 4 0110001|0010|110 0x1896
9 5 0110011|0001|100 0x198C
a 0 0111000|0110|010 0x1C32
a 1 0111010|0000|110 0x1D06
a 2 0111011|0101|110 0x1DAE
a 3 0111100|0000|111 0x1E07
b 0 0111101|0100|001 0x1EA1
c 0 0011111|1001|100 0x0FCC
c 1 0100010|1010|110 0x1156
d 0 0100001|0010|010 0x1092
e 0 0100101|1010|101 0x12D5
BX = 001 Event : 98
0 0 0001010|0100|111 0x0527
1 0 0001000|0000|001 0x0401
1 1 0001001|0001|000 0x0488
1 2 0010101|0010|110 0x0A96
1 3 0011011|0010|110 0x0D96
3 0 0000000|0000|011 0x0003
4 0 0000011|1001|001 0x01C9
9 0 0110101|0100|001 0x1AA1
9 1 0111010|0001|011 0x1D0B
9 2 0111100|0100|010 0x1E22
a 0 1000010|0101|100 0x212C
a 1 1000100|0100|100 0x2224
a 2 1000101|0000|111 0x2287
a 3 1000110|0000|111 0x2307
b 0 0100011|1010|011 0x11D3
c 0 0101001|0011|100 0x149C
c 1 0101100|0011|110 0x161E
d 0 0101011|1010|010 0x15D2
d 1 0110001|1000|101 0x18C5
BX = 010 Event : 99
1 0 0001100|0001|000 0x0608
1 1 0010011|0010|110 0x0996
1 2 0010100|0000|101 0x0A05
2 0 0011111|0101|110 0x0FAE
4 0 0000101|0011|001 0x0299
6 0 0001000|0100|011 0x0423
6 1 0001001|0001|010 0x048A
a 0 0111111|0110|110 0x1FB6
a 1 1000010|0100|111 0x2127
c 0 0101010|1001|100 0x154C
BX = 011 Event : 100
1 0 0001000|0100|001 0x0421
1 1 0001010|0001|100 0x050C
5 0 0000110|1001|101 0x034D
9 0 0011101|0001|001 0x0E89
9 1 0011111|0110|010 0x0FB2
a 0 0100101|0100|110 0x12A6
b 0 0010010|1010|011 0x0953
b 1 0010011|0011|011 0x099B
b 2 0100100|0010|001 0x1211
c 0 0011000|1000|110 0x0C46
