BX = 000 Event : 1
0 0 0101010|110|001 0x0AB1
0 1 0101011|100|010 0x0AE2
0 2 0110001|100|110 0x0C66
1 0 0110101|010|000 0x0D50
2 0 0111110|000|011 0x0F83
3 0 0000000|000|011 0x0003
3 1 0000001|100|100 0x0064
3 2 0000100|101|110 0x012E
4 0 0000101|001|000 0x0148
5 0 0001101|101|011 0x036B
5 1 0001110|000|100 0x0384
6 0 0010100|010|000 0x0510
BX = 001 Event : 2
1 0 0111001|110|000 0x0E70
1 1 0111100|101|000 0x0F28
1 2 0111101|110|001 0x0F71
3 0 0000011|100|010 0x00E2
4 0 0001110|010|101 0x0395
4 1 0001111|000|110 0x03C6
4 2 0010000|101|110 0x042E
4 3 0010001|100|110 0x0466
4 4 0010011|100|111 0x04E7
7 0 0101100|001|100 0x0B0C
7 1 0101111|001|101 0x0BCD
BX = 010 Event : 3
0 0 0101011|100|000 0x0AE0
2 0 0111101|001|001 0x0F49
2 1 0111110|010|001 0x0F91
2 2 1000000|011|100 0x101C
2 3 1001001|101|111 0x126F
3 0 0000001|101|100 0x006C
3 1 0000010|001|101 0x008D
3 2 0000011|101|101 0x00ED
3 3 1001010|100|000 0x12A0
3 4 1001011|011|000 0x12D8
4 0 0001000|101|011 0x022B
4 1 0001001|010|011 0x0253
4 2 0001010|100|100 0x02A4
4 3 0001101|100|110 0x0366
6 0 0010101|110|100 0x0574
6 1 0010110|110|100 0x05B4
6 2 0010111|110|100 0x05F4
7 0 0011110|101|000 0x07A8
7 1 0011111|100|101 0x07E5
BX = 011 Event : 4
0 0 0100110|100|101 0x09A5
0 1 0100111|010|111 0x09D7
1 0 0101000|100|101 0x0A25
1 1 0101001|101|101 0x0A6D
2 0 0101101|010|000 0x0B50
2 1 0101110|101|100 0x0BAC
2 2 0110011|011|111 0x0CDF
4 0 0000011|010|001 0x00D1
5 0 0001011|000|001 0x02C1
6 0 0010100|010|000 0x0510
7 0 0011110|000|000 0x0780
7 1 0100001|010|111 0x0857
BX = 100 Event : 5
0 0 0101110|001|110 0x0B8E
2 0 0110111|110|100 0x0DF4
3 0 0001000|101|110 0x022E
3 1 0001001|101|111 0x026F
3 2 1000010|101|001 0x10A9
4 0 0001101|100|000 0x0360
4 1 0001110|000|000 0x0380
4 2 0010001|110|001 0x0471
4 3 0010011|101|001 0x04E9
4 4 0010110|000|100 0x0584
5 0 0011111|110|011 0x07F3
6 0 0100010|101|000 0x08A8
7 0 0100101|110|000 0x0970
BX = 101 Event : 6
0 0 1001011|100|000 0x12E0
2 0 1100000|001|000 0x1808
2 1 1100001|101|000 0x1868
4 0 0011001|010|010 0x0652
4 1 0011101|001|100 0x074C
4 2 0011111|110|101 0x07F5
4 3 0100001|101|110 0x086E
4 4 0100011|001|110 0x08CE
5 0 0101110|000|010 0x0B82
5 1 0110000|100|010 0x0C22
5 2 0110011|100|011 0x0CE3
6 0 0111000|010|010 0x0E12
6 1 0111001|001|100 0x0E4C
6 2 0111011|110|101 0x0EF5
BX = 110 Event : 7
0 0 0110011|101|101 0x0CED
2 0 0111111|001|001 0x0FC9
2 1 1000000|100|001 0x1021
2 2 1000111|101|111 0x11EF
2 3 1001001|100|111 0x1267
3 0 0000011|100|011 0x00E3
3 1 0000111|100|110 0x01E6
3 2 0001001|100|111 0x0267
3 3 0001010|010|111 0x0297
3 4 1001000|100|000 0x1220
4 0 0001101|000|000 0x0340
4 1 0001110|100|011 0x03A3
4 2 0001111|000|100 0x03C4
4 3 0010000|001|100 0x040C
4 4 0010001|000|100 0x0444
4 5 0010010|010|100 0x0494
4 6 0010100|000|101 0x0505
4 7 0010110|001|110 0x058E
4 8 0010111|011|110 0x05DE
5 0 0011110|110|011 0x07B3
BX = 111 Event : 8
0 0 0110111|010|111 0x0DD7
0 1 0111000|010|111 0x0E17
2 0 1000000|101|010 0x102A
2 1 1000001|100|011 0x1063
2 2 1000011|001|101 0x10CD
3 0 0000011|100|010 0x00E2
3 1 0000100|110|100 0x0134
3 2 0000101|001|101 0x014D
3 3 0000110|101|101 0x01AD
3 4 0001000|100|110 0x0226
3 5 0001001|000|110 0x0246
3 6 0001010|100|110 0x02A6
3 7 0001011|010|111 0x02D7
3 8 0001111|000|111 0x03C7
3 9 0010000|010|111 0x0417
3 a 1000111|010|000 0x11D0
5 0 0011010|110|010 0x06B2
5 1 0011101|110|011 0x0773
5 2 0100001|110|100 0x0874
6 0 0101100|101|101 0x0B2D
7 0 0101110|110|000 0x0BB0
7 1 0110000|001|011 0x0C0B
BX = 000 Event : 9
1 0 0011110|101|000 0x07A8
1 1 0100001|101|011 0x086B
2 0 0101000|101|011 0x0A2B
3 0 0000010|001|101 0x008D
5 0 0001000|100|000 0x0220
5 1 0001010|101|001 0x02A9
7 0 0010111|010|011 0x05D3
7 1 0011001|010|101 0x0655
BX = 001 Event : 10
0 0 0101101|001|001 0x0B49
1 0 0110000|010|010 0x0C12
1 1 0110011|001|100 0x0CCC
1 2 0110100|101|100 0x0D2C
1 3 0110101|110|101 0x0D75
3 0 0000010|000|011 0x0083
3 1 0000011|110|011 0x00F3
4 0 0010101|100|011 0x0563
4 1 0010110|101|100 0x05AC
4 2 0010111|001|110 0x05CE
4 3 0011010|010|111 0x0697
5 0 0011100|100|001 0x0721
5 1 0100010|100|101 0x08A5
6 0 0100111|010|111 0x09D7
BX = 010 Event : 11
0 0 0101001|010|000 0x0A50
1 0 0101100|010|111 0x0B17
4 0 0000100|110|000 0x0130
4 1 0000101|010|001 0x0151
4 2 0000110|000|001 0x0181
4 3 0000111|110|001 0x01F1
4 4 0001000|101|001 0x0229
4 5 0001001|100|010 0x0262
4 6 0001010|101|010 0x02AA
4 7 0001011|001|010 0x02CA
4 8 0010100|100|110 0x0526
4 9 0011001|101|110 0x066E
4 a 0011010|110|110 0x06B6
4 b 0011011|110|111 0x06F7
7 0 0100100|000|101 0x0905
BX = 011 Event : 12
0 0 1000110|010|000 0x1190
0 1 1000111|001|000 0x11C8
1 0 1010100|000|100 0x1504
1 1 1010110|101|101 0x15AD
2 0 1011100|100|000 0x1720
2 1 1011101|101|000 0x1768
2 2 1100010|001|101 0x188D
2 3 1100011|011|110 0x18DE
2 4 1100100|001|110 0x190E
3 0 0000001|110|011 0x0073
3 1 0000011|001|100 0x00CC
3 2 0000100|001|100 0x010C
3 3 0000101|100|100 0x0164
3 4 0001011|000|101 0x02C5
3 5 0001110|000|111 0x0387
3 6 0001111|000|111 0x03C7
3 7 0010001|010|111 0x0457
3 8 1100101|110|000 0x1970
3 9 1100110|111|000 0x19B8
4 0 0010100|010|000 0x0510
4 1 0011100|000|010 0x0702
5 0 0101000|000|000 0x0A00
5 1 0110000|101|111 0x0C2F
6 0 0111101|101|101 0x0F6D
7 0 1000000|100|001 0x1021
BX = 100 Event : 13
0 0 0101001|101|001 0x0A69
0 1 0101010|100|010 0x0AA2
1 0 0101110|010|101 0x0B95
2 0 0110001|110|000 0x0C70
2 1 0110110|101|011 0x0DAB
2 2 0110111|010|100 0x0DD4
3 0 0000001|000|001 0x0041
3 1 0000100|010|001 0x0111
3 2 0000110|110|010 0x01B2
3 3 0000111|001|010 0x01CA
5 0 0010101|011|100 0x055C
7 0 0100110|110|101 0x09B5
BX = 101 Event : 14
1 0 0110100|011|010 0x0D1A
1 1 0110111|010|100 0x0DD4
2 0 0111100|011|110 0x0F1E
3 0 0000111|000|010 0x01C2
3 1 0001010|000|111 0x0287
3 2 0001011|000|111 0x02C7
3 3 0001100|101|111 0x032F
3 4 0001101|001|111 0x034F
4 0 0010000|100|010 0x0422
4 1 0010001|101|010 0x046A
4 2 0010100|000|100 0x0504
5 0 0011100|001|000 0x0708
5 1 0011101|110|001 0x0771
5 2 0011110|011|001 0x0799
5 3 0100001|010|010 0x0852
5 4 0100010|001|010 0x088A
6 0 0101001|011|100 0x0A5C
BX = 110 Event : 15
0 0 0101001|010|110 0x0A56
1 0 0101101|011|001 0x0B59
1 1 0110010|001|101 0x0C8D
3 0 0000001|000|011 0x0043
3 1 0000011|010|111 0x00D7
4 0 0001011|110|111 0x02F7
5 0 0001110|000|110 0x0386
5 1 0010000|110|110 0x0436
5 2 0010001|101|111 0x046F
6 0 0010100|110|000 0x0530
6 1 0011010|110|111 0x06B7
7 0 0011011|010|000 0x06D0
7 1 0011100|101|000 0x0728
BX = 111 Event : 16
0 0 0100101|001|000 0x0948
0 1 0100110|010|000 0x0990
0 2 0100111|000|010 0x09C2
0 3 0101000|110|111 0x0A37
1 0 0101001|110|011 0x0A73
1 1 0101010|010|011 0x0A93
1 2 0101011|010|011 0x0AD3
1 3 0101100|110|011 0x0B33
1 4 0101110|001|100 0x0B8C
1 5 0110001|001|111 0x0C4F
3 0 0000101|000|100 0x0144
3 1 0111101|000|000 0x0F40
3 2 0111111|000|001 0x0FC1
4 0 0001011|000|001 0x02C1
4 1 0010000|101|101 0x042D
4 2 0010001|110|101 0x0475
4 3 0010010|100|110 0x04A6
5 0 0011011|010|011 0x06D3
6 0 0100000|100|111 0x0827
6 1 0100001|000|111 0x0847
BX = 000 Event : 17
2 0 0110111|110|010 0x0DF2
2 1 0111001|000|110 0x0E46
2 2 0111010|010|111 0x0E97
2 3 0111011|100|111 0x0EE7
5 0 0010100|001|100 0x050C
5 1 0011001|001|101 0x064D
6 0 0011110|001|010 0x078A
7 0 0100111|001|101 0x09CD
BX = 001 Event : 18
1 0 0110000|101|001 0x0C29
1 1 0110010|101|100 0x0CAC
2 0 0110111|010|000 0x0DD0
2 1 0111000|010|000 0x0E10
2 2 0111010|000|011 0x0E83
2 3 0111101|100|101 0x0F65
3 0 0000000|000|001 0x0001
3 1 0001000|000|011 0x0203
3 2 0001001|001|011 0x024B
3 3 0001100|101|100 0x032C
3 4 0001101|001|100 0x034C
7 0 0100010|101|000 0x08A8
BX = 010 Event : 19
0 0 0110010|110|010 0x0CB2
0 1 0110011|100|100 0x0CE4
1 0 0111100|101|011 0x0F2B
1 1 0111110|110|011 0x0FB3
1 2 0111111|000|101 0x0FC5
2 0 1000001|010|010 0x1052
2 1 1000110|110|111 0x11B7
3 0 0000001|100|011 0x0063
3 1 0000010|010|100 0x0094
3 2 0000101|101|101 0x016D
3 3 0000110|010|101 0x0195
3 4 1001001|011|000 0x1258
4 0 0001001|101|000 0x0268
4 1 0001011|001|001 0x02C9
4 2 0001100|110|010 0x0332
4 3 0001111|000|100 0x03C4
4 4 0010101|100|111 0x0567
5 0 0011011|001|010 0x06CA
5 1 0011110|000|111 0x0787
6 0 0100101|110|011 0x0973
6 1 0101001|000|111 0x0A47
BX = 011 Event : 20
1 0 0100101|101|101 0x096D
2 0 0100111|100|001 0x09E1
3 0 0000010|000|010 0x0082
3 1 0000111|101|110 0x01EE
4 0 0001101|110|011 0x0373
4 1 0001110|101|100 0x03AC
5 0 0010100|011|000 0x0518
5 1 0011010|100|101 0x06A5
BX = 100 Event : 21
0 0 0111000|010|100 0x0E14
1 0 0111100|001|011 0x0F0B
2 0 1000000|010|001 0x1011
3 0 0000000|000|001 0x0001
3 1 0000001|010|011 0x0053
4 0 0000101|010|000 0x0150
4 1 0001110|001|011 0x038B
4 2 0010000|000|101 0x0405
5 0 0010111|011|010 0x05DA
5 1 0011000|110|010 0x0632
5 2 0011011|000|101 0x06C5
5 3 0011111|001|111 0x07CF
5 4 0100000|100|111 0x0827
5 5 0100001|001|111 0x084F
6 0 0100011|101|011 0x08EB
6 1 0100111|001|111 0x09CF
7 0 0101011|101|011 0x0AEB
BX = 101 Event : 22
0 0 0100100|000|001 0x0901
3 0 0000000|110|001 0x0031
3 1 0000011|010|100 0x00D4
3 2 0000110|001|110 0x018E
3 3 0001001|101|111 0x026F
3 4 0001010|001|111 0x028F
4 0 0010011|001|110 0x04CE
5 0 0010110|010|010 0x0592
5 1 0010111|100|011 0x05E3
6 0 0011110|110|101 0x07B5
7 0 0100001|100|010 0x0862
BX = 110 Event : 23
3 0 0000001|101|101 0x006D
3 1 0110001|110|001 0x0C71
4 0 0000111|001|111 0x01CF
5 0 0001001|011|000 0x0258
5 1 0001010|011|011 0x029B
5 2 0001100|000|100 0x0304
5 3 0001110|001|110 0x038E
BX = 111 Event : 24
0 0 0101010|010|011 0x0A93
0 1 0101011|110|011 0x0AF3
1 0 0110101|100|011 0x0D63
2 0 0111100|010|000 0x0F10
2 1 0111111|110|011 0x0FF3
2 2 1000010|001|101 0x108D
2 3 1000101|110|110 0x1176
2 4 1000111|010|111 0x11D7
3 0 0000100|101|101 0x012D
4 0 0001000|000|010 0x0202
4 1 0001011|101|110 0x02EE
4 2 0001110|111|110 0x03BE
5 0 0001111|101|000 0x03E8
6 0 0011101|110|101 0x0775
6 1 0100001|100|101 0x0865
7 0 0100100|100|000 0x0920
7 1 0100110|000|111 0x0987
BX = 000 Event : 25
0 0 0101010|110|100 0x0AB4
3 0 0000000|100|001 0x0021
3 1 0000101|010|011 0x0153
3 2 0001011|100|110 0x02E6
4 0 0010000|110|100 0x0434
4 1 0010001|110|111 0x0477
5 0 0010010|000|000 0x0480
5 1 0011010|010|011 0x0693
5 2 0011011|010|011 0x06D3
6 0 0100110|100|111 0x09A7
BX = 001 Event : 26
0 0 0110001|100|000 0x0C60
0 1 0110011|010|100 0x0CD4
0 2 0110101|010|110 0x0D56
1 0 0111000|001|000 0x0E08
1 1 0111001|100|001 0x0E61
1 2 0111010|101|010 0x0EAA
2 0 1000001|001|001 0x1049
2 1 1000100|110|100 0x1134
2 2 1001111|101|111 0x13EF
3 0 0000101|001|011 0x014B
3 1 0001110|100|110 0x03A6
3 2 0001111|001|110 0x03CE
3 3 0010001|101|111 0x046F
3 4 1001011|101|000 0x12E8
4 0 0010011|100|000 0x04E0
4 1 0011100|101|101 0x072D
4 2 0011110|010|110 0x0796
4 3 0100000|011|111 0x081F
5 0 0100011|110|000 0x08F0
6 0 0101001|010|100 0x0A54
7 0 0101111|010|111 0x0BD7
BX = 010 Event : 27
1 0 0101110|000|011 0x0B83
2 0 0110100|011|100 0x0D1C
3 0 0000000|100|000 0x0020
3 1 0000001|001|001 0x0049
3 2 0000011|001|101 0x00CD
3 3 0001000|001|111 0x020F
4 0 0001100|101|001 0x0329
4 1 0001110|110|010 0x03B2
4 2 0010010|000|110 0x0486
BX = 011 Event : 28
1 0 1000101|110|000 0x1170
2 0 1001011|110|100 0x12F4
2 1 1001110|101|101 0x13AD
3 0 0001010|100|110 0x02A6
3 1 0001011|000|110 0x02C6
3 2 0001101|100|110 0x0366
3 3 0001110|100|110 0x03A6
4 0 0011010|010|111 0x0697
4 1 0011011|000|111 0x06C7
6 0 0110000|010|100 0x0C14
6 1 0110011|101|100 0x0CEC
6 2 0110100|101|101 0x0D2D
6 3 0110110|110|110 0x0DB6
6 4 0110111|000|110 0x0DC6
7 0 0111101|100|101 0x0F65
BX = 100 Event : 29
2 0 0110000|101|010 0x0C2A
3 0 0000000|000|001 0x0001
3 1 0000010|010|001 0x0091
3 2 0000011|001|001 0x00C9
3 3 0000110|010|010 0x0192
3 4 0000111|100|011 0x01E3
3 5 0001000|000|011 0x0203
3 6 0001001|000|011 0x0243
3 7 0001010|000|011 0x0283
3 8 0010100|101|111 0x052F
4 0 0010101|100|000 0x0560
4 1 0010111|110|001 0x05F1
5 0 0011100|111|000 0x0738
BX = 101 Event : 30
1 0 0111100|001|101 0x0F0D
1 1 0111101|101|101 0x0F6D
2 0 1000011|100|011 0x10E3
3 0 0000100|101|110 0x012E
3 1 1001011|001|000 0x12C8
3 2 1001110|001|000 0x1388
3 3 1001111|110|000 0x13F0
4 0 0001001|100|010 0x0262
4 1 0001010|000|010 0x0282
4 2 0001101|010|100 0x0354
4 3 0001111|100|101 0x03E5
5 0 0011101|110|111 0x0777
6 0 0100100|011|110 0x091E
6 1 0100101|011|110 0x095E
6 2 0100110|010|111 0x0997
7 0 0101000|101|000 0x0A28
7 1 0101111|101|111 0x0BEF
BX = 110 Event : 31
2 0 0110100|101|010 0x0D2A
2 1 0110101|000|010 0x0D42
2 2 0110111|100|110 0x0DE6
2 3 0111000|110|110 0x0E36
2 4 0111001|110|111 0x0E77
3 0 0000000|000|000 0x0000
3 1 0000011|100|001 0x00E1
3 2 0000110|110|010 0x01B2
3 3 0001100|110|111 0x0337
4 0 0010000|101|001 0x0429
4 1 0010001|000|011 0x0443
4 2 0010100|000|101 0x0505
5 0 0010111|010|010 0x05D2
6 0 0011111|110|010 0x07F2
7 0 0100111|101|100 0x09EC
7 1 0101000|101|110 0x0A2E
BX = 111 Event : 32
0 0 0111100|010|010 0x0F12
0 1 1000010|110|111 0x10B7
0 2 1000011|010|111 0x10D7
2 0 1010010|000|100 0x1484
2 1 1011101|101|111 0x176F
3 0 0000001|100|001 0x0061
3 1 0000010|001|001 0x0089
3 2 0000110|101|010 0x01AA
3 3 0001010|010|100 0x0294
3 4 0001011|100|100 0x02E4
3 5 0010000|000|111 0x0407
3 6 1011111|000|000 0x17C0
4 0 0010011|100|011 0x04E3
5 0 0011000|010|000 0x0610
5 1 0100000|101|110 0x082E
6 0 0100011|101|000 0x08E8
6 1 0100101|110|011 0x0973
6 2 0100111|001|011 0x09CB
6 3 0101100|101|101 0x0B2D
6 4 0101111|101|111 0x0BEF
7 0 0110000|000|000 0x0C00
7 1 0110100|010|100 0x0D14
BX = 000 Event : 33
0 0 0100110|000|010 0x0982
2 0 0111000|000|010 0x0E02
3 0 0000011|110|100 0x00F4
6 0 0010110|010|001 0x0591
6 1 0011000|110|011 0x0633
7 0 0011111|110|010 0x07F2
BX = 001 Event : 34
0 0 0110100|010|100 0x0D14
1 0 0111001|110|010 0x0E72
2 0 1000000|101|010 0x102A
3 0 0000001|110|010 0x0072
3 1 0000100|000|110 0x0106
4 0 0000111|110|001 0x01F1
4 1 0001010|100|001 0x02A1
4 2 0001101|001|010 0x034A
5 0 0011011|110|001 0x06F1
6 0 0100111|001|101 0x09CD
BX = 010 Event : 35
0 0 0101010|100|000 0x0AA0
0 1 0101011|100|000 0x0AE0
2 0 0110110|010|000 0x0D90
2 1 0110111|000|011 0x0DC3
3 0 0000000|010|000 0x0010
3 1 0000001|110|001 0x0071
3 2 0000010|010|001 0x0091
3 3 0000110|010|101 0x0195
3 4 0000111|000|111 0x01C7
4 0 0001000|101|000 0x0228
4 1 0001010|010|101 0x0295
4 2 0001011|100|101 0x02E5
4 3 0001100|000|101 0x0305
4 4 0001111|110|110 0x03F6
5 0 0010111|100|101 0x05E5
5 1 0011000|001|111 0x060F
6 0 0011100|001|100 0x070C
6 1 0011101|001|101 0x074D
6 2 0011111|001|111 0x07CF
BX = 011 Event : 36
0 0 0110000|000|000 0x0C00
0 1 0110010|010|101 0x0C95
1 0 0110101|110|011 0x0D73
1 1 0110110|011|011 0x0D9B
1 2 0110111|100|111 0x0DE7
2 0 0111001|010|000 0x0E50
2 1 0111010|100|010 0x0EA2
3 0 0000001|000|101 0x0045
3 1 0000011|010|110 0x00D6
3 2 0000100|000|111 0x0107
4 0 0010000|010|110 0x0416
5 0 0011100|100|010 0x0722
5 1 0100100|010|111 0x0917
6 0 0100101|101|001 0x0969
BX = 100 Event : 37
0 0 0111000|010|000 0x0E10
0 1 0111011|001|010 0x0ECA
1 0 1000001|001|010 0x104A
2 0 1010011|000|111 0x14C7
3 0 0000010|101|011 0x00AB
3 1 0000101|010|111 0x0157
3 2 0000110|010|111 0x0197
3 3 0001000|100|111 0x0227
4 0 0010010|000|010 0x0482
5 0 0011001|011|001 0x0659
5 1 0011011|100|001 0x06E1
BX = 101 Event : 38
0 0 0110000|101|001 0x0C29
0 1 0110010|110|100 0x0CB4
2 0 0111110|010|000 0x0F90
2 1 0111111|110|010 0x0FF2
2 2 1000101|000|100 0x1144
3 0 0000000|010|001 0x0011
3 1 0000101|101|111 0x016F
4 0 0000110|010|001 0x0191
4 1 0001000|001|010 0x020A
4 2 0001001|101|011 0x026B
4 3 0001011|010|011 0x02D3
4 4 0001100|100|100 0x0324
4 5 0001110|010|101 0x0395
4 6 0001111|101|110 0x03EE
4 7 0010001|100|110 0x0466
4 8 0010100|110|111 0x0537
5 0 0010101|110|000 0x0570
6 0 0100001|001|011 0x084B
6 1 0100011|110|110 0x08F6
7 0 0100110|101|000 0x09A8
7 1 0100111|001|011 0x09CB
7 2 0101001|110|101 0x0A75
7 3 0101011|110|111 0x0AF7
BX = 110 Event : 39
0 0 0011111|000|011 0x07C3
0 1 0100000|001|101 0x080D
2 0 0100110|001|010 0x098A
2 1 0101001|110|011 0x0A73
2 2 0101010|110|011 0x0AB3
3 0 0000001|010|010 0x0052
3 1 0000011|010|101 0x00D5
3 2 0001001|010|101 0x0255
3 3 0001010|010|111 0x0297
4 0 0001101|110|000 0x0370
6 0 0010111|000|010 0x05C2
BX = 111 Event : 40
0 0 0101111|000|100 0x0BC4
2 0 0111001|010|001 0x0E51
2 1 1000001|110|110 0x1076
2 2 1000010|110|111 0x10B7
3 0 0000101|001|100 0x014C
3 1 0001000|001|110 0x020E
5 0 0010000|001|001 0x0409
5 1 0010011|010|100 0x04D4
5 2 0010100|010|100 0x0514
6 0 0011011|001|010 0x06CA
7 0 0100110|010|011 0x0993
7 1 0101000|010|011 0x0A13
BX = 000 Event : 41
0 0 0100010|000|100 0x0884
2 0 0100110|101|000 0x09A8
3 0 0101101|000|000 0x0B40
3 1 0101110|000|000 0x0B80
3 2 0101111|001|001 0x0BC9
4 0 0001000|010|011 0x0213
5 0 0010101|001|110 0x054E
5 1 0010111|001|101 0x05CD
7 0 0011110|001|110 0x078E
7 1 0011111|100|111 0x07E7
BX = 001 Event : 42
1 0 0101010|000|000 0x0A80
1 1 0101011|011|001 0x0AD9
2 0 0110011|110|101 0x0CF5
3 0 0000001|000|011 0x0043
3 1 0000011|000|111 0x00C7
4 0 0000101|010|001 0x0151
4 1 0010000|001|111 0x040F
5 0 0010110|010|110 0x0596
6 0 0011000|101|001 0x0629
6 1 0011001|110|010 0x0672
6 2 0100000|101|110 0x082E
7 0 0100101|001|101 0x094D
BX = 010 Event : 43
0 0 0111011|000|010 0x0EC2
1 0 1000100|101|001 0x1129
2 0 1000111|001|000 0x11C8
2 1 1001111|100|101 0x13E5
3 0 0000000|000|001 0x0001
3 1 0000100|110|010 0x0132
4 0 0010000|101|100 0x042C
4 1 0010111|101|111 0x05EF
5 0 0100100|000|110 0x0906
6 0 0100110|110|001 0x09B1
6 1 0101011|110|100 0x0AF4
6 2 0101101|100|101 0x0B65
6 3 0101110|101|101 0x0BAD
6 4 0110000|011|101 0x0C1D
7 0 0110011|001|000 0x0CC8
BX = 011 Event : 44
0 0 0011011|000|010 0x06C2
2 0 0101010|101|100 0x0AAC
3 0 0000011|001|100 0x00CC
3 1 0000101|001|100 0x014C
3 2 0000110|101|101 0x01AD
5 0 0001110|100|011 0x03A3
5 1 0001111|000|011 0x03C3
6 0 0010011|010|100 0x04D4
BX = 100 Event : 45
4 0 0000011|010|000 0x00D0
4 1 0000111|001|010 0x01CA
4 2 0001011|100|010 0x02E2
4 3 0001100|110|010 0x0332
4 4 0010001|001|100 0x044C
4 5 0010110|001|101 0x058D
5 0 0100000|110|110 0x0836
6 0 0100101|001|101 0x094D
BX = 101 Event : 46
1 0 0110100|101|101 0x0D2D
1 1 0110110|001|111 0x0D8F
2 0 0111000|100|001 0x0E21
2 1 0111001|100|010 0x0E62
2 2 0111011|101|001 0x0EE9
2 3 0111100|100|010 0x0F22
2 4 0111101|001|010 0x0F4A
2 5 1000001|000|011 0x1043
2 6 1000100|000|011 0x1103
3 0 0000010|000|010 0x0082
3 1 0000100|110|111 0x0137
4 0 0000111|010|010 0x01D2
4 1 0001111|001|110 0x03CE
6 0 0100001|000|010 0x0842
6 1 0100010|110|100 0x08B4
7 0 0100111|010|101 0x09D5
BX = 110 Event : 47
1 0 0110011|001|010 0x0CCA
1 1 0110101|011|011 0x0D5B
1 2 0110110|011|100 0x0D9C
1 3 0110111|000|101 0x0DC5
3 0 0000011|001|101 0x00CD
3 1 0000100|001|101 0x010D
4 0 0000101|110|000 0x0170
4 1 0000111|100|001 0x01E1
4 2 0001100|101|010 0x032A
4 3 0001111|100|100 0x03E4
6 0 0100010|000|110 0x0886
6 1 0100011|101|111 0x08EF
BX = 111 Event : 48
0 0 0100101|010|000 0x0950
1 0 0110001|001|011 0x0C4B
1 1 0110111|010|110 0x0DD6
2 0 0111111|101|010 0x0FEA
3 0 0000000|001|011 0x000B
4 0 0000011|000|001 0x00C1
4 1 0000100|100|001 0x0121
4 2 0000101|010|001 0x0151
4 3 0000111|110|001 0x01F1
4 4 0001000|010|011 0x0213
5 0 0010001|010|110 0x0456
5 1 0010010|001|110 0x048E
6 0 0011000|110|010 0x0632
BX = 000 Event : 49
2 0 1000101|110|010 0x1172
2 1 1000110|110|011 0x11B3
2 2 1001001|110|101 0x1275
2 3 1001010|001|101 0x128D
2 4 1001011|001|110 0x12CE
2 5 1001110|001|110 0x138E
2 6 1001111|001|111 0x13CF
3 0 0000000|010|001 0x0011
3 1 0000001|010|001 0x0051
3 2 0000110|101|110 0x01AE
3 3 1010000|011|000 0x1418
3 4 1010101|101|000 0x1568
3 5 1010111|011|001 0x15D9
4 0 0001011|101|001 0x02E9
4 1 0010001|000|110 0x0446
4 2 0010010|111|111 0x04BF
5 0 0011100|000|111 0x0707
6 0 0100100|110|010 0x0932
6 1 0100101|001|011 0x094B
6 2 0100110|000|011 0x0983
6 3 0100111|100|100 0x09E4
BX = 001 Event : 50
0 0 0101100|110|000 0x0B30
0 1 0101101|000|000 0x0B40
1 0 0110110|110|001 0x0DB1
1 1 0111000|101|010 0x0E2A
2 0 1000010|110|010 0x10B2
3 0 0000000|101|001 0x0029
3 1 0000110|001|111 0x018F
3 2 1001000|110|001 0x1231
4 0 0010000|101|110 0x042E
5 0 0010100|110|010 0x0532
5 1 0011000|001|100 0x060C
5 2 0011001|101|101 0x066D
7 0 0100100|010|001 0x0911
BX = 010 Event : 51
0 0 0011011|010|000 0x06D0
0 1 0011100|010|001 0x0711
0 2 0011110|110|100 0x07B4
2 0 0101011|001|010 0x0ACA
2 1 0101100|010|010 0x0B12
4 0 0000100|110|010 0x0132
4 1 0000101|010|011 0x0153
4 2 0001000|010|110 0x0216
5 0 0001110|010|010 0x0392
5 1 0001111|001|010 0x03CA
6 0 0010100|100|100 0x0524
7 0 0011010|010|111 0x0697
BX = 011 Event : 52
0 0 0110100|101|010 0x0D2A
0 1 0111010|000|111 0x0E87
1 0 1000011|001|100 0x10CC
2 0 1010000|011|111 0x141F
3 0 1010011|000|001 0x14C1
3 1 1010100|010|001 0x1511
4 0 0001001|010|011 0x0253
4 1 0001100|001|101 0x030D
4 2 0001111|010|110 0x03D6
4 3 0010001|001|110 0x044E
4 4 0010011|100|110 0x04E6
4 5 0010100|101|111 0x052F
4 6 0010111|110|111 0x05F7
5 0 0011000|000|000 0x0600
5 1 0011010|110|010 0x06B2
5 2 0100000|110|100 0x0834
6 0 0100100|000|000 0x0900
6 1 0100101|010|000 0x0950
7 0 0101001|110|000 0x0A70
BX = 100 Event : 53
0 0 0101000|000|000 0x0A00
0 1 0101001|001|101 0x0A4D
0 2 0101010|100|101 0x0AA5
0 3 0101011|000|101 0x0AC5
2 0 0110101|100|000 0x0D60
2 1 0110110|101|000 0x0DA8
2 2 0111001|101|000 0x0E68
2 3 0111011|000|001 0x0EC1
2 4 1000100|001|011 0x110B
4 0 0000100|010|000 0x0110
4 1 0001111|000|111 0x03C7
5 0 0010101|001|100 0x054C
5 1 0010111|010|111 0x05D7
5 2 0011000|100|111 0x0627
6 0 0011101|000|010 0x0742
7 0 0100000|010|001 0x0811
BX = 101 Event : 54
0 0 0100111|000|101 0x09C5
1 0 0101001|001|000 0x0A48
4 0 0001001|101|001 0x0269
4 1 0001010|001|001 0x0289
5 0 0010011|000|110 0x04C6
BX = 110 Event : 55
1 0 0101001|000|100 0x0A44
1 1 0101010|000|100 0x0A84
2 0 0110101|011|111 0x0D5F
2 1 0110110|110|111 0x0DB7
3 0 0000011|000|101 0x00C5
3 1 0000100|001|110 0x010E
4 0 0001000|100|000 0x0220
4 1 0001011|001|111 0x02CF
5 0 0010000|101|101 0x042D
6 0 0011000|101|100 0x062C
6 1 0011001|101|100 0x066C
6 2 0011010|001|100 0x068C
7 0 0100000|101|100 0x082C
7 1 0100100|100|111 0x0927
BX = 111 Event : 56
1 0 0111000|000|100 0x0E04
2 0 0111100|001|000 0x0F08
3 0 0000010|010|010 0x0092
3 1 0000011|010|011 0x00D3
3 2 0000110|100|100 0x01A4
4 0 0010100|000|101 0x0505
4 1 0010110|010|110 0x0596
4 2 0010111|110|110 0x05F6
4 3 0011011|001|111 0x06CF
5 0 0011101|110|001 0x0771
5 1 0011111|010|100 0x07D4
6 0 0100010|101|001 0x08A9
6 1 0100011|010|010 0x08D2
6 2 0101010|101|111 0x0AAF
7 0 0101011|001|000 0x0AC8
7 1 0101100|000|000 0x0B00
7 2 0101101|010|000 0x0B50
7 3 0101111|110|101 0x0BF5
BX = 000 Event : 57
1 0 0111110|110|001 0x0FB1
2 0 1000101|010|000 0x1150
2 1 1001000|000|010 0x1202
2 2 1001010|110|100 0x12B4
2 3 1001101|001|101 0x134D
3 0 0000001|001|001 0x0049
3 1 0000011|010|001 0x00D1
3 2 0000110|010|100 0x0194
4 0 0001101|000|000 0x0340
4 1 0001110|110|000 0x03B0
4 2 0010000|010|011 0x0413
4 3 0011100|101|111 0x072F
5 0 0100001|010|110 0x0856
5 1 0100011|101|110 0x08EE
6 0 0101010|101|010 0x0AAA
6 1 0101011|000|010 0x0AC2
7 0 0101111|000|001 0x0BC1
7 1 0110001|000|101 0x0C45
BX = 001 Event : 58
0 0 0100110|110|001 0x09B1
0 1 0100111|101|110 0x09EE
2 0 0101110|110|101 0x0BB5
2 1 0101111|001|101 0x0BCD
2 2 0110000|100|110 0x0C26
3 0 0000101|001|011 0x014B
3 1 0001001|010|111 0x0257
3 2 0110100|000|000 0x0D00
4 0 0001101|100|010 0x0362
4 1 0001111|110|011 0x03F3
4 2 0010011|101|110 0x04EE
4 3 0010110|111|110 0x05BE
5 0 0011010|010|001 0x0691
6 0 0100010|010|110 0x0896
BX = 010 Event : 59
2 0 0110110|011|111 0x0D9F
3 0 0000100|001|101 0x010D
3 1 0000101|101|101 0x016D
5 0 0001111|001|010 0x03CA
5 1 0010100|110|101 0x0535
6 0 0011000|001|011 0x060B
7 0 0011110|001|010 0x078A
7 1 0011111|010|111 0x07D7
BX = 011 Event : 60
2 0 0111010|101|001 0x0EA9
2 1 0111011|101|001 0x0EE9
2 2 0111100|010|011 0x0F13
2 3 0111101|010|100 0x0F54
2 4 0111111|000|100 0x0FC4
2 5 1000001|100|101 0x1065
3 0 0000010|110|011 0x00B3
3 1 0000011|101|101 0x00ED
3 2 0000100|010|110 0x0116
3 3 1001100|100|000 0x1320
4 0 0001111|000|100 0x03C4
4 1 0010000|000|101 0x0405
5 0 0010100|110|010 0x0532
5 1 0010101|110|010 0x0572
5 2 0011110|101|111 0x07AF
7 0 0100101|110|000 0x0970
7 1 0100110|010|001 0x0991
7 2 0100111|001|001 0x09C9
7 3 0101011|110|101 0x0AF5
BX = 100 Event : 61
0 0 0011011|001|000 0x06C8
0 1 0011101|101|010 0x076A
0 2 0100001|001|111 0x084F
1 0 0100010|110|011 0x08B3
3 0 0000000|100|001 0x0021
3 1 0000010|100|100 0x00A4
3 2 0000101|010|110 0x0156
4 0 0000110|101|000 0x01A8
4 1 0000111|000|000 0x01C0
4 2 0001010|010|010 0x0292
4 3 0001011|001|011 0x02CB
6 0 0010001|101|000 0x0468
6 1 0010010|010|010 0x0492
6 2 0010100|010|110 0x0516
7 0 0010111|001|001 0x05C9
BX = 101 Event : 62
1 0 0100001|101|000 0x0868
1 1 0100110|001|110 0x098E
2 0 0101000|000|001 0x0A01
2 1 0101001|110|010 0x0A72
2 2 0101100|110|010 0x0B32
2 3 0101110|101|010 0x0BAA
3 0 0000000|010|001 0x0011
4 0 0000100|001|001 0x0109
5 0 0001100|011|011 0x031B
5 1 0010000|001|110 0x040E
5 2 0010001|001|110 0x044E
5 3 0010010|010|101 0x0495
5 4 0010011|010|110 0x04D6
6 0 0011011|000|111 0x06C7
BX = 110 Event : 63
0 0 0011101|110|000 0x0770
1 0 0100110|010|111 0x0997
2 0 0100111|001|000 0x09C8
3 0 0000000|010|001 0x0011
4 0 0001000|110|000 0x0230
4 1 0001001|001|001 0x0249
4 2 0001010|100|001 0x02A1
4 3 0001011|100|010 0x02E2
4 4 0001100|100|010 0x0322
7 0 0011010|010|000 0x0690
7 1 0011011|101|010 0x06EA
BX = 111 Event : 64
0 0 0111010|001|010 0x0E8A
2 0 1000111|000|001 0x11C1
2 1 1001000|101|001 0x1229
2 2 1001011|110|101 0x12F5
3 0 0000100|101|010 0x012A
3 1 0000110|110|100 0x01B4
3 2 0001001|010|101 0x0255
4 0 0001110|010|000 0x0390
4 1 0011011|001|111 0x06CF
5 0 0100000|100|010 0x0822
5 1 0100001|101|011 0x086B
5 2 0100010|101|011 0x08AB
5 3 0100011|011|101 0x08DD
6 0 0100110|001|100 0x098C
6 1 0101101|110|111 0x0B77
6 2 0101111|110|111 0x0BF7
7 0 0110001|000|000 0x0C40
7 1 0110111|100|111 0x0DE7
7 2 0111000|010|111 0x0E17
BX = 000 Event : 65
2 0 0110010|110|001 0x0CB1
3 0 0000000|100|001 0x0021
3 1 0000001|000|001 0x0041
3 2 0000110|000|100 0x0184
3 3 0111101|000|000 0x0F40
3 4 0111110|011|000 0x0F98
3 5 0111111|010|000 0x0FD0
3 6 1000000|101|001 0x1029
4 0 0001100|010|000 0x0310
4 1 0001101|000|001 0x0341
4 2 0010001|110|011 0x0473
4 3 0010010|100|100 0x04A4
4 4 0010100|010|101 0x0515
5 0 0011111|100|110 0x07E6
6 0 0100000|010|000 0x0810
6 1 0100100|010|010 0x0912
6 2 0100110|100|101 0x09A5
7 0 0101010|010|111 0x0A97
BX = 001 Event : 66
3 0 0000000|001|001 0x0009
3 1 0000001|101|010 0x006A
3 2 0000010|010|010 0x0092
3 3 0000011|100|010 0x00E2
3 4 1000000|100|000 0x1020
4 0 0001011|101|000 0x02E8
4 1 0001101|000|010 0x0342
4 2 0010111|101|111 0x05EF
5 0 0011111|101|110 0x07EE
BX = 010 Event : 67
0 0 0111001|000|000 0x0E40
1 0 1000001|011|001 0x1059
1 1 1000110|110|101 0x11B5
2 0 1001101|110|110 0x1376
3 0 0000010|010|110 0x0096
4 0 0001001|100|011 0x0263
4 1 0001100|100|101 0x0325
4 2 0010001|100|110 0x0466
4 3 0010100|110|111 0x0537
5 0 0010101|010|000 0x0550
5 1 0010110|100|001 0x05A1
5 2 0100000|000|110 0x0806
5 3 0100001|001|111 0x084F
7 0 0111000|010|111 0x0E17
BX = 011 Event : 68
3 0 0100110|010|000 0x0990
5 0 0001110|011|001 0x0399
5 1 0001111|010|001 0x03D1
5 2 0010010|110|010 0x04B2
6 0 0010110|001|001 0x0589
7 0 0011000|101|001 0x0629
BX = 100 Event : 69
2 0 1000010|101|011 0x10AB
2 1 1000011|101|100 0x10EC
3 0 0000101|100|100 0x0164
4 0 0010111|010|101 0x05D5
5 0 0100100|101|001 0x0929
5 1 0101000|011|101 0x0A1D
7 0 0110000|000|111 0x0C07
BX = 101 Event : 70
0 0 0111011|101|101 0x0EED
2 0 1000101|110|000 0x1170
3 0 0000001|010|001 0x0051
3 1 0000010|101|011 0x00AB
3 2 0000011|001|011 0x00CB
3 3 0001001|010|111 0x0257
3 4 0001010|000|111 0x0287
3 5 0001011|100|111 0x02E7
3 6 1010010|000|000 0x1480
4 0 0001100|000|000 0x0300
4 1 0001101|101|000 0x0368
4 2 0001111|010|001 0x03D1
4 3 0010100|110|101 0x0535
5 0 0011101|110|001 0x0771
5 1 0100000|010|010 0x0812
5 2 0100001|000|011 0x0843
5 3 0100100|001|110 0x090E
5 4 0100110|010|111 0x0997
6 0 0101000|100|000 0x0A20
6 1 0101001|100|000 0x0A60
BX = 110 Event : 71
1 0 0110101|110|100 0x0D74
2 0 0111010|010|010 0x0E92
2 1 0111111|001|101 0x0FCD
2 2 1000001|110|111 0x1077
3 0 0000001|010|010 0x0052
3 1 0000010|100|011 0x00A3
4 0 0001000|110|000 0x0230
4 1 0001001|001|001 0x0249
4 2 0001111|110|110 0x03F6
4 3 0010000|100|111 0x0427
6 0 0100011|000|111 0x08C7
BX = 111 Event : 72
0 0 1000011|110|100 0x10F4
0 1 1000100|010|100 0x1114
0 2 1001000|100|111 0x1227
1 0 1001010|000|000 0x1280
2 0 1010001|011|010 0x145A
2 1 1010010|011|011 0x149B
3 0 0000100|001|011 0x010B
3 1 0001000|100|110 0x0226
3 2 1011001|101|000 0x1668
4 0 0001100|100|001 0x0321
4 1 0001101|100|001 0x0361
4 2 0001111|110|010 0x03F2
4 3 0010010|110|101 0x04B5
4 4 0010011|001|110 0x04CE
4 5 0010100|100|110 0x0526
4 6 0010101|101|111 0x056F
5 0 0100110|101|110 0x09AE
5 1 0101000|100|110 0x0A26
5 2 0101001|010|111 0x0A57
6 0 0110001|000|011 0x0C43
6 1 0110100|001|100 0x0D0C
6 2 0110111|000|100 0x0DC4
6 3 0111101|001|111 0x0F4F
7 0 0111111|001|000 0x0FC8
BX = 000 Event : 73
0 0 0111110|000|000 0x0F80
1 0 1000101|110|011 0x1173
1 1 1001010|001|101 0x128D
1 2 1001011|010|101 0x12D5
3 0 0000001|001|100 0x004C
3 1 0000010|110|100 0x00B4
3 2 0000011|010|110 0x00D6
4 0 0000101|100|000 0x0160
4 1 0000111|001|001 0x01C9
4 2 0001101|110|101 0x0375
4 3 0010001|001|101 0x044D
5 0 0011100|100|010 0x0722
5 1 0011101|001|011 0x074B
6 0 0100011|010|000 0x08D0
6 1 0100101|010|001 0x0951
6 2 0101101|001|100 0x0B4C
6 3 0101110|000|101 0x0B85
7 0 0110001|101|000 0x0C68
7 1 0110111|001|111 0x0DCF
7 2 0111000|100|111 0x0E27
BX = 001 Event : 74
1 0 0100001|101|111 0x086F
4 0 0000101|110|110 0x0176
4 1 0000110|110|110 0x01B6
5 0 0001001|100|001 0x0261
5 1 0001101|010|101 0x0355
5 2 0001110|001|111 0x038F
6 0 0010001|010|001 0x0451
6 1 0010010|000|001 0x0481
6 2 0010011|010|001 0x04D1
6 3 0010111|110|101 0x05F5
BX = 010 Event : 75
0 0 0100101|110|010 0x0972
3 0 0000000|010|100 0x0014
3 1 0000100|101|111 0x012F
4 0 0000111|001|001 0x01C9
4 1 0001000|010|010 0x0212
4 2 0001001|001|010 0x024A
4 3 0001111|100|111 0x03E7
4 4 0010000|101|111 0x042F
5 0 0010001|101|000 0x0468
5 1 0010010|001|000 0x0488
6 0 0011000|011|011 0x061B
BX = 011 Event : 76
0 0 0110010|000|100 0x0C84
0 1 0110100|010|111 0x0D17
2 0 1000000|100|110 0x1026
3 0 0000100|001|101 0x010D
3 1 0000101|010|110 0x0156
4 0 0001010|010|001 0x0291
5 0 0011101|001|100 0x074C
5 1 0100000|101|110 0x082E
5 2 0100001|000|110 0x0846
5 3 0100011|010|111 0x08D7
6 0 0100100|100|000 0x0920
7 0 0101010|101|010 0x0AAA
7 1 0101101|010|111 0x0B57
BX = 100 Event : 77
1 0 0011110|001|000 0x0788
3 0 0000000|100|001 0x0021
3 1 0000001|101|011 0x006B
3 2 0000010|010|101 0x0095
3 3 0000100|010|111 0x0117
7 0 0010011|101|010 0x04EA
7 1 0010101|000|010 0x0542
7 2 0010110|000|010 0x0582
7 3 0011000|010|110 0x0616
BX = 101 Event : 78
0 0 0011001|010|000 0x0650
0 1 0011010|101|001 0x06A9
1 0 0100001|101|010 0x086A
2 0 0101000|110|010 0x0A32
3 0 0000000|001|001 0x0009
3 1 0000001|010|010 0x0052
3 2 0000010|010|010 0x0092
3 3 0110011|011|001 0x0CD9
4 0 0001001|010|000 0x0250
4 1 0001010|001|010 0x028A
4 2 0001011|000|010 0x02C2
5 0 0010000|001|111 0x040F
7 0 0010100|101|001 0x0529
BX = 110 Event : 79
0 0 0100101|100|010 0x0962
0 1 0100110|001|011 0x098B
1 0 0101010|110|010 0x0AB2
1 1 0101011|110|011 0x0AF3
2 0 0101110|010|000 0x0B90
3 0 0000000|100|001 0x0021
3 1 0000011|010|100 0x00D4
5 0 0001010|001|000 0x0288
5 1 0001011|110|000 0x02F0
6 0 0010110|110|001 0x05B1
6 1 0011010|100|010 0x06A2
6 2 0011111|110|110 0x07F6
6 3 0100000|110|111 0x0837
7 0 0100011|000|110 0x08C6
7 1 0100100|001|111 0x090F
BX = 111 Event : 80
1 0 0110010|000|010 0x0C82
1 1 0110011|101|100 0x0CEC
3 0 0000001|010|010 0x0052
5 0 0001101|100|101 0x0365
6 0 0010000|001|001 0x0409
6 1 0011100|100|111 0x0727
7 0 0011101|101|010 0x076A
7 1 0011110|101|010 0x07AA
BX = 000 Event : 81
0 0 0011011|010|100 0x06D4
1 0 0011111|101|011 0x07EB
2 0 0101011|000|111 0x0AC7
2 1 0101100|110|111 0x0B37
3 0 0000000|101|001 0x0029
3 1 0000010|010|100 0x0094
5 0 0001100|100|000 0x0320
6 0 0010010|010|000 0x0490
6 1 0010101|110|101 0x0575
BX = 001 Event : 82
0 0 0011110|101|000 0x07A8
0 1 0100000|101|101 0x082D
1 0 0100110|000|100 0x0984
1 1 0101010|001|111 0x0A8F
3 0 0000000|000|001 0x0001
3 1 0000001|010|001 0x0051
3 2 0000010|010|010 0x0092
4 0 0000101|110|000 0x0170
4 1 0000111|101|100 0x01EC
4 2 0001001|000|101 0x0245
4 3 0001110|011|111 0x039F
5 0 0010101|101|111 0x056F
7 0 0011100|101|101 0x072D
BX = 010 Event : 83
0 0 0011000|010|000 0x0610
0 1 0011010|000|011 0x0683
2 0 0011111|001|001 0x07C9
2 1 0100001|011|101 0x085D
3 0 0000001|010|101 0x0055
4 0 0000100|000|010 0x0102
4 1 0000110|100|110 0x01A6
4 2 0000111|000|110 0x01C6
BX = 011 Event : 84
1 0 1001001|001|010 0x124A
1 1 1001010|010|101 0x1295
1 2 1001100|101|101 0x132D
2 0 1010110|100|100 0x15A4
2 1 1011010|001|111 0x168F
3 0 0000011|000|010 0x00C2
3 1 0000110|010|100 0x0194
3 2 0001000|100|101 0x0225
3 3 0001011|010|110 0x02D6
3 4 0001100|010|110 0x0316
3 5 0001101|110|111 0x0377
4 0 0010001|000|000 0x0440
4 1 0010110|100|001 0x05A1
4 2 0010111|000|010 0x05C2
4 3 0011000|110|010 0x0632
4 4 0011001|100|011 0x0663
5 0 0100011|101|000 0x08E8
BX = 100 Event : 85
0 0 0110100|001|000 0x0D08
2 0 1000101|001|000 0x1148
2 1 1001100|010|101 0x1315
2 2 1001101|011|100 0x135C
2 3 1001111|101|111 0x13EF
3 0 0000000|010|001 0x0011
3 1 0000100|100|100 0x0124
3 2 1010010|010|001 0x1491
4 0 0001000|010|001 0x0211
4 1 0001100|100|011 0x0323
4 2 0001101|010|100 0x0354
4 3 0001111|100|100 0x03E4
4 4 0010001|000|101 0x0445
4 5 0010011|000|101 0x04C5
4 6 0011001|110|111 0x0677
4 7 0011010|100|111 0x06A7
7 0 0101110|101|100 0x0BAC
BX = 101 Event : 86
0 0 0110100|010|110 0x0D16
1 0 0110110|000|101 0x0D85
2 0 0111100|010|111 0x0F17
3 0 0000011|010|010 0x00D2
3 1 0000100|000|010 0x0102
3 2 0000101|001|011 0x014B
3 3 0000110|101|100 0x01AC
4 0 0001101|000|000 0x0340
4 1 0010010|110|100 0x04B4
4 2 0010101|000|101 0x0545
5 0 0100010|101|110 0x08AE
7 0 0101001|000|011 0x0A43
BX = 110 Event : 87
1 0 0110110|110|011 0x0DB3
1 1 0110111|100|100 0x0DE4
2 0 1000011|100|110 0x10E6
2 1 1000100|110|111 0x1137
3 0 0000000|001|001 0x0009
3 1 0000001|001|010 0x004A
3 2 0000010|010|010 0x0092
3 3 0000101|100|111 0x0167
4 0 0000110|010|000 0x0190
4 1 0001000|010|000 0x0210
4 2 0010011|001|101 0x04CD
4 3 0010100|100|101 0x0525
5 0 0011111|110|111 0x07F7
6 0 0100110|110|111 0x09B7
7 0 0101000|010|010 0x0A12
7 1 0101111|001|111 0x0BCF
BX = 111 Event : 88
1 0 0100110|101|011 0x09AB
1 1 0100111|001|011 0x09CB
1 2 0101000|001|011 0x0A0B
2 0 0101110|001|000 0x0B88
2 1 0101111|001|000 0x0BC8
3 0 0000011|101|111 0x00EF
4 0 0000110|000|000 0x0180
4 1 0000111|001|001 0x01C9
4 2 0001000|101|011 0x022B
4 3 0001010|110|100 0x02B4
4 4 0001011|101|100 0x02EC
5 0 0010011|001|111 0x04CF
5 1 0010100|001|111 0x050F
6 0 0010101|010|000 0x0550
7 0 0011011|101|101 0x06ED
BX = 000 Event : 89
1 0 0110100|011|000 0x0D18
1 1 0110101|110|001 0x0D71
1 2 0110110|110|001 0x0DB1
2 0 1000001|000|011 0x1043
2 1 1000010|100|011 0x10A3
3 0 0000111|101|100 0x01EC
3 1 0001001|001|101 0x024D
3 2 0001010|100|101 0x02A5
3 3 1001011|011|000 0x12D8
4 0 0001111|010|010 0x03D2
4 1 0010010|100|110 0x04A6
5 0 0011000|000|011 0x0603
5 1 0011110|101|111 0x07AF
6 0 0011111|001|100 0x07CC
7 0 0100101|101|000 0x0968
BX = 001 Event : 90
1 0 0101111|010|011 0x0BD3
1 1 0110000|110|100 0x0C34
2 0 0111010|001|101 0x0E8D
2 1 0111111|001|110 0x0FCE
3 0 0000000|110|010 0x0032
4 0 0000110|000|010 0x0182
5 0 0010001|110|011 0x0473
7 0 0101001|010|101 0x0A55
BX = 010 Event : 91
0 0 0101001|101|011 0x0A6B
1 0 0110001|000|100 0x0C44
3 0 0000010|001|001 0x0089
3 1 0001000|010|011 0x0213
3 2 1000011|101|000 0x10E8
3 3 1000100|001|001 0x1109
3 4 1000101|101|001 0x1169
5 0 0001111|100|001 0x03E1
5 1 0010000|000|010 0x0402
5 2 0010011|010|100 0x04D4
BX = 011 Event : 92
1 0 0101011|101|011 0x0AEB
1 1 0101100|001|011 0x0B0B
1 2 0101110|001|011 0x0B8B
2 0 0110110|001|000 0x0D88
2 1 0110111|001|000 0x0DC8
2 2 0111110|010|111 0x0F97
3 0 0000001|010|001 0x0051
3 1 0000100|010|110 0x0116
3 2 0000101|101|111 0x016F
4 0 0001010|000|000 0x0280
4 1 0001100|001|001 0x0309
4 2 0001101|101|011 0x036B
4 3 0001111|101|100 0x03EC
5 0 0011000|001|111 0x060F
5 1 0011001|001|111 0x064F
6 0 0011010|010|000 0x0690
7 0 0100000|101|101 0x082D
BX = 100 Event : 93
1 0 0110110|001|010 0x0D8A
1 1 0110111|000|011 0x0DC3
3 0 0000010|101|100 0x00AC
3 1 0000101|001|101 0x014D
3 2 0001010|100|111 0x02A7
4 0 0010011|000|011 0x04C3
4 1 0010100|110|100 0x0534
4 2 0010101|001|011 0x054B
4 3 0011001|001|110 0x064E
5 0 0100011|100|010 0x08E2
7 0 0110000|001|111 0x0C0F
7 1 0110011|010|111 0x0CD7
BX = 101 Event : 94
1 0 0100100|010|011 0x0913
1 1 0100101|110|100 0x0974
4 0 0000100|100|001 0x0121
4 1 0000101|000|010 0x0142
5 0 0001110|101|001 0x03A9
5 1 0001111|110|011 0x03F3
BX = 110 Event : 95
0 0 0101110|000|100 0x0B84
0 1 0110000|010|111 0x0C17
2 0 1000011|100|110 0x10E6
3 0 0000000|001|000 0x0008
3 1 0000001|001|001 0x0049
3 2 0000010|101|010 0x00AA
3 3 0000011|101|010 0x00EA
3 4 0000110|001|101 0x018D
3 5 0000111|010|110 0x01D6
3 6 1000110|010|000 0x1190
3 7 1000111|010|001 0x11D1
4 0 0001011|001|000 0x02C8
4 1 0001101|001|001 0x0349
5 0 0011100|001|100 0x070C
5 1 0011101|001|101 0x074D
5 2 0100000|101|111 0x082F
5 3 0100001|010|111 0x0857
6 0 0100010|100|000 0x08A0
BX = 111 Event : 96
1 0 0101010|010|001 0x0A91
3 0 0000001|110|010 0x0072
3 1 0000100|000|101 0x0105
3 2 0000101|101|101 0x016D
3 3 0001010|000|110 0x0286
4 0 0001111|000|010 0x03C2
4 1 0010000|101|100 0x042C
4 2 0010001|100|110 0x0466
5 0 0011011|100|010 0x06E2
5 1 0011101|101|111 0x076F
5 2 0100000|001|111 0x080F
7 0 0100101|101|101 0x096D
BX = 000 Event : 97
0 0 0100000|010|000 0x0810
0 1 0100010|101|010 0x08AA
0 2 0100100|010|110 0x0916
1 0 0101011|000|111 0x0AC7
2 0 0101100|000|000 0x0B00
3 0 0000000|001|001 0x0009
3 1 0000001|010|010 0x0052
3 2 0110111|010|001 0x0DD1
4 0 0001000|010|000 0x0210
4 1 0001011|100|111 0x02E7
5 0 0010010|001|111 0x048F
7 0 0010110|101|001 0x05A9
BX = 001 Event : 98
1 0 1000001|101|000 0x1068
1 1 1000010|101|000 0x10A8
2 0 1000111|110|100 0x11F4
3 0 0001011|010|100 0x02D4
3 1 0001100|101|101 0x032D
3 2 0001101|010|101 0x0355
4 0 0001111|010|001 0x03D1
4 1 0010001|100|010 0x0462
4 2 0010010|001|010 0x048A
4 3 0011011|101|110 0x06EE
5 0 0100110|010|000 0x0990
6 0 0101101|101|100 0x0B6C
6 1 0101111|010|101 0x0BD5
7 0 0110111|100|110 0x0DE6
BX = 010 Event : 99
1 0 0101111|000|010 0x0BC2
1 1 0110011|101|100 0x0CEC
1 2 0110100|001|101 0x0D0D
3 0 0000100|010|111 0x0117
4 0 0000110|101|110 0x01AE
5 0 0010000|101|101 0x042D
6 0 0010100|001|001 0x0509
7 0 0011110|101|010 0x07AA
7 1 0100110|110|111 0x09B7
BX = 011 Event : 100
2 0 0100011|000|001 0x08C1
2 1 0100110|010|100 0x0994
4 0 0000100|101|001 0x0129
4 1 0000101|000|001 0x0141
4 2 0010011|100|110 0x04E6
5 0 0011010|101|111 0x06AF
