BX = 000 Event : 1
0 0 0010110|0100|111 0x0B27
1 0 0011001|0001|100 0x0C8C
1 1 0011011|0001|011 0x0D8B
1 2 0011100|0000|001 0x0E01
1 3 0100000|0110|100 0x1034
1 4 0100001|0101|100 0x10AC
2 0 0100100|0101|101 0x122D
3 0 0000011|1011|011 0x01DB
3 1 0000100|1000|111 0x0247
3 2 0000101|0011|011 0x029B
3 3 0100101|0101|001 0x12A9
4 0 0001011|0011|111 0x059F
4 1 0001100|0011|111 0x061F
5 0 0001010|1001|010 0x054A
5 1 0010000|0011|101 0x081D
8 0 0111100|0100|111 0x1E27
9 0 1000100|0110|111 0x2237
a 0 1000101|0011|001 0x2299
a 1 1000110|0010|111 0x2317
a 2 1001001|0010|111 0x2497
a 3 1001010|0010|111 0x2517
b 0 0101001|1011|011 0x14DB
b 1 0101010|1011|011 0x155B
c 0 0101101|0000|001 0x1681
c 1 0110001|1000|001 0x18C1
d 0 0110011|1001|010 0x19CA
d 1 0110100|1010|101 0x1A55
d 2 0110110|1011|101 0x1B5D
e 0 0110111|1011|011 0x1BDB
BX = 001 Event : 2
0 0 0010011|0001|111 0x098F
1 0 0010101|0100|010 0x0AA2
1 1 0011110|0000|101 0x0F05
1 2 0011111|0011|100 0x0F9C
1 3 0100000|0101|100 0x102C
2 0 0100100|0100|011 0x1223
2 1 0100101|0110|011 0x12B3
2 2 0100110|0001|001 0x1309
2 3 0100111|0000|110 0x1386
4 0 0000100|1001|100 0x024C
4 1 0000101|1000|100 0x02C4
4 2 0001010|1010|111 0x0557
4 3 0001011|0000|111 0x0587
5 0 0001000|0010|010 0x0412
5 1 0001001|1011|010 0x04DA
8 0 0110110|0100|111 0x1B27
9 0 0110111|0001|010 0x1B8A
9 1 0111000|0010|010 0x1C12
a 0 0111011|0010|101 0x1D95
b 0 0101000|0010|011 0x1413
b 1 0111110|0011|000 0x1F18
d 0 0101110|1011|010 0x175A
BX = 010 Event : 3
0 0 0010001|0100|111 0x08A7
1 0 0001110|0100|001 0x0721
1 1 0010100|0001|010 0x0A0A
1 2 0011001|0110|100 0x0CB4
1 3 0011010|0001|011 0x0D0B
4 0 0001100|1000|111 0x0647
5 0 0001011|0001|010 0x058A
9 0 0110001|0000|001 0x1881
9 1 0110110|0110|010 0x1B32
9 2 0111010|0100|011 0x1D23
9 3 0111011|0000|010 0x1D82
9 4 0111100|0001|010 0x1E0A
a 0 1000011|0110|001 0x21B1
a 1 1000100|0100|000 0x2220
a 2 1001010|0101|110 0x252E
a 3 1001011|0110|110 0x25B6
c 0 0101100|0010|111 0x1617
d 0 0101010|1010|010 0x1552
e 0 0110000|1000|010 0x1842
BX = 011 Event : 4
1 0 0010010|0001|010 0x090A
1 1 0010100|0101|111 0x0A2F
4 0 0000111|0011|100 0x039C
4 1 0001000|1001|100 0x044C
5 0 0001011|1010|010 0x05D2
9 0 0100001|0110|110 0x10B6
a 0 0100011|0000|011 0x1183
a 1 0100111|0110|101 0x13B5
c 0 0011100|1000|001 0x0E41
e 0 0011110|0001|000 0x0F08
e 1 0011111|0011|110 0x0F9E
BX = 100 Event : 5
1 0 0011011|0000|111 0x0D87
1 1 0100000|0100|111 0x1027
2 0 0100010|0000|010 0x1102
2 1 0100011|0011|001 0x1199
2 2 0100100|0000|001 0x1201
3 0 0000010|0010|011 0x0113
3 1 0000011|1011|011 0x01DB
3 2 0000100|1010|011 0x0253
4 0 0001000|1001|100 0x044C
4 1 0001001|0000|100 0x0484
8 0 0110010|0000|111 0x1907
9 0 0110000|0000|000 0x1800
9 1 0110001|0000|000 0x1880
9 2 0110101|0001|010 0x1A8A
9 3 0110110|0000|001 0x1B01
9 4 0111011|0110|101 0x1DB5
9 5 0111100|0101|100 0x1E2C
a 0 0111101|0000|100 0x1E84
b 0 0100111|0011|110 0x139E
c 0 0101000|0000|100 0x1404
c 1 0101001|1001|001 0x14C9
c 2 0101010|0011|001 0x1519
e 0 0101101|0100|110 0x16A6
BX = 101 Event : 6
1 0 0010101|0001|000 0x0A88
1 1 0010110|0000|001 0x0B01
1 2 0010111|0000|001 0x0B81
1 3 0011110|0001|101 0x0F0D
1 4 0011111|0000|100 0x0F84
1 5 0100000|0001|100 0x100C
3 0 0000100|1000|111 0x0247
3 1 0110110|0101|001 0x1B29
4 0 0001000|1010|100 0x0454
4 1 0001001|1000|001 0x04C1
4 2 0001010|1010|001 0x0551
4 3 0001011|0011|001 0x0599
8 0 1001001|0100|111 0x24A7
9 0 1001110|0101|010 0x272A
9 1 1010010|0011|101 0x291D
a 0 1011110|0100|111 0x2F27
b 0 0111000|1010|110 0x1C56
b 1 0111001|1000|110 0x1CC6
c 0 0111101|1010|100 0x1ED4
c 1 0111110|0010|100 0x1F14
d 0 1000100|1011|010 0x225A
e 0 1000110|1010|010 0x2352
BX = 110 Event : 7
1 0 0101001|0101|101 0x14AD
2 0 0101011|0101|001 0x15A9
2 1 0101100|0101|000 0x1628
3 0 0000010|0011|011 0x011B
3 1 0000011|1011|011 0x01DB
4 0 0001000|1010|100 0x0454
4 1 0001001|1011|001 0x04D9
4 2 0010000|0010|111 0x0817
4 3 0010001|0011|111 0x089F
5 0 0001111|0000|010 0x0782
6 0 0010111|0001|000 0x0B88
6 1 0011000|0001|110 0x0C0E
6 2 0011001|1000|010 0x0CC2
6 3 0011010|1001|011 0x0D4B
6 4 0011011|1011|011 0x0DDB
8 0 1000100|0000|111 0x2207
9 0 1001011|0011|110 0x259E
9 1 1001100|0010|101 0x2615
9 2 1001101|0001|101 0x268D
9 3 1001110|0010|101 0x2715
a 0 1010010|0110|001 0x2931
a 1 1010011|0110|010 0x29B2
a 2 1010111|0010|100 0x2B94
c 0 0111000|0001|001 0x1C09
BX = 111 Event : 8
0 0 0011001|0100|111 0x0CA7
0 1 0011010|0001|111 0x0D0F
0 2 0011011|0000|110 0x0D86
1 0 0010111|0100|001 0x0BA1
1 1 0011000|0000|000 0x0C00
2 0 0100010|0001|001 0x1109
2 1 0100011|0000|000 0x1180
2 2 0101101|0110|110 0x16B6
3 0 0000000|0000|110 0x0006
3 1 0000001|1000|111 0x00C7
3 2 0000010|1010|111 0x0157
3 3 0000011|1010|011 0x01D3
3 4 0101100|0110|001 0x1631
4 0 0000111|1010|100 0x03D4
4 1 0001000|0001|100 0x040C
4 2 0001001|0011|100 0x049C
4 3 0001010|1001|001 0x0549
4 4 0001011|0010|001 0x0591
4 5 0001100|0010|001 0x0611
9 0 1000010|0100|000 0x2120
9 1 1010110|0101|111 0x2B2F
a 0 1011011|0010|100 0x2D94
b 0 0101111|1010|011 0x17D3
b 1 0110000|1000|110 0x1846
c 0 0110011|1001|001 0x19C9
c 1 0110100|0011|001 0x1A19
c 2 0111001|0010|001 0x1C91
d 0 0111100|0010|010 0x1E12
BX = 000 Event : 9
1 0 0000111|0100|000 0x03A0
1 1 0001101|0101|101 0x06AD
2 0 0010110|0010|111 0x0B17
3 0 0011001|0001|000 0x0C88
9 0 0100010|0000|001 0x1101
9 1 0100111|0010|010 0x1392
9 2 0101000|0000|001 0x1401
9 3 0101010|0011|101 0x151D
a 0 0101101|0100|001 0x16A1
a 1 0101110|0110|000 0x1730
b 0 0011011|1000|011 0x0DC3
b 1 0110000|0001|001 0x1809
d 0 0011111|0000|010 0x0F82
BX = 001 Event : 10
1 0 0010000|0100|110 0x0826
1 1 0010001|0011|100 0x089C
2 0 0010100|0100|000 0x0A20
3 0 0000010|0010|011 0x0113
4 0 0000110|1010|100 0x0354
6 0 0001001|0010|000 0x0490
9 0 0101000|0100|100 0x1424
9 1 0101001|0000|010 0x1482
9 2 0101100|0011|110 0x161E
a 0 0110100|0101|100 0x1A2C
d 0 0011101|1010|010 0x0ED2
d 1 0011110|1000|010 0x0F42
e 0 0100000|1011|000 0x1058
BX = 010 Event : 11
1 0 0010001|0000|001 0x0881
1 1 0010110|0001|100 0x0B0C
1 2 0011001|0100|011 0x0CA3
1 3 0011010|0100|011 0x0D23
1 4 0011011|0000|001 0x0D81
1 5 0011100|0101|001 0x0E29
1 6 0011111|0001|100 0x0F8C
2 0 0100011|0010|011 0x1193
2 1 0100101|0011|011 0x129B
2 2 0101000|0011|101 0x141D
3 0 0000011|0000|011 0x0183
3 1 0000100|0010|011 0x0213
3 2 0000101|1000|011 0x02C3
4 0 0000111|0010|001 0x0391
6 0 0001011|0011|000 0x0598
6 1 0001100|1000|010 0x0642
6 2 0001101|1010|010 0x06D2
a 0 1001101|0100|100 0x26A4
a 1 1001110|0101|011 0x272B
a 2 1001111|0001|011 0x278B
a 3 1010000|0000|011 0x2803
a 4 1010001|0111|001 0x28B9
a 5 1010011|0110|100 0x29B4
b 0 0101111|0011|011 0x179B
b 1 0110000|0011|110 0x181E
b 2 0110001|0011|110 0x189E
b 3 0110010|0010|011 0x1913
c 0 0110101|0011|001 0x1A99
c 1 0110110|1001|001 0x1B49
d 0 0110111|0000|010 0x1B82
e 0 0111010|0001|110 0x1D0E
BX = 011 Event : 12
1 0 0001101|0001|001 0x0689
1 1 0010100|0000|001 0x0A01
1 2 0011011|0110|111 0x0DB7
2 0 0100000|0010|110 0x1016
9 0 0111010|0100|011 0x1D23
a 0 1000100|0010|010 0x2212
c 0 0101001|1000|100 0x14C4
c 1 0101010|1000|100 0x1544
c 2 0110000|0010|110 0x1816
d 0 0101111|1000|010 0x17C2
e 0 0110001|0001|011 0x188B
e 1 0110010|0000|010 0x1902
BX = 100 Event : 13
0 0 0001110|0100|111 0x0727
0 1 0001111|0001|110 0x078E
1 0 0001101|0001|000 0x0688
1 1 0010010|0000|010 0x0902
1 2 0010111|0010|111 0x0B97
1 3 0011000|0110|111 0x0C37
2 0 0011001|0100|011 0x0CA3
2 1 0011010|0101|001 0x0D29
2 2 0011011|0110|011 0x0DB3
2 3 0011100|0110|010 0x0E32
2 4 0011101|0010|110 0x0E96
3 0 0000001|0000|110 0x0086
3 1 0000010|1000|110 0x0146
4 0 0000111|1010|111 0x03D7
6 0 0001010|1001|010 0x054A
6 1 0001011|0001|010 0x058A
8 0 0101000|0100|111 0x1427
8 1 0101010|0100|111 0x1527
9 0 0101110|0100|010 0x1722
9 1 0101111|0101|001 0x17A9
9 2 0110011|0001|100 0x198C
BX = 101 Event : 14
0 0 0010100|0100|110 0x0A26
1 0 0010101|0010|100 0x0A94
1 1 0011010|0101|100 0x0D2C
1 2 0011011|0010|100 0x0D94
2 0 0011111|0101|001 0x0FA9
2 1 0100010|0101|000 0x1128
2 2 0100100|0000|001 0x1201
3 0 0000010|1011|011 0x015B
6 0 0001111|0011|000 0x0798
6 1 0010000|0000|000 0x0800
6 2 0010001|0000|000 0x0880
8 0 0111001|0000|111 0x1C87
9 0 0110111|0000|000 0x1B80
9 1 0111000|0100|000 0x1C20
9 2 0111110|0001|100 0x1F0C
9 3 0111111|0101|100 0x1FAC
9 4 1000000|0110|010 0x2032
9 5 1000100|0010|100 0x2214
c 0 0101111|1001|100 0x17CC
c 1 0110000|0000|100 0x1804
d 0 0110010|0011|010 0x191A
e 0 0110101|1001|110 0x1ACE
e 1 0110110|1001|101 0x1B4D
BX = 110 Event : 15
0 0 0010110|0100|111 0x0B27
2 0 0100010|0101|111 0x112F
3 0 0000001|0000|110 0x0086
4 0 0001010|1001|001 0x0549
4 1 0001011|0001|001 0x0589
5 0 0010001|0100|101 0x08A5
5 1 0010010|0011|101 0x091D
5 2 0010011|0010|101 0x0995
5 3 0010100|1001|101 0x0A4D
8 0 0101111|0100|111 0x17A7
9 0 0110100|0101|010 0x1A2A
9 1 0110101|0101|001 0x1AA9
9 2 0111000|0110|100 0x1C34
a 0 0111011|0100|001 0x1DA1
a 1 0111111|0101|100 0x1FAC
b 0 0100101|1011|110 0x12DE
b 1 0100111|0011|110 0x139E
b 2 0101000|1010|110 0x1456
c 0 0101011|1000|001 0x15C1
c 1 0101100|0001|001 0x1609
BX = 111 Event : 16
0 0 0000101|0001|110 0x028E
2 0 0010000|0110|111 0x0837
8 0 0100110|0000|111 0x1307
8 1 0100111|0000|111 0x1387
9 0 0101011|0010|010 0x1592
9 1 0101110|0110|110 0x1736
9 2 0110000|0110|100 0x1834
a 0 0110100|0000|001 0x1A01
a 1 0110101|0010|001 0x1A91
a 2 0110111|0011|100 0x1B9C
a 3 0111000|0111|010 0x1C3A
a 4 0111010|0110|001 0x1D31
a 5 0111011|0100|001 0x1DA1
a 6 0111101|0101|111 0x1EAF
d 0 0011111|1000|010 0x0FC2
e 0 0100001|1001|000 0x10C8
BX = 000 Event : 17
1 0 0001010|0000|001 0x0501
1 1 0001101|0010|011 0x0693
1 2 0001110|0100|001 0x0721
2 0 0010001|0101|001 0x08A9
2 1 0010101|0011|001 0x0A99
3 0 0000001|1011|011 0x00DB
9 0 0101000|0001|001 0x1409
9 1 0101101|0101|010 0x16AA
9 2 0101110|0010|010 0x1712
9 3 0110010|0101|100 0x192C
a 0 0111001|0110|111 0x1CB7
c 0 0011110|1010|111 0x0F57
d 0 0011111|1001|010 0x0FCA
d 1 0100011|1001|101 0x11CD
e 0 0100100|0010|101 0x1215
BX = 001 Event : 18
1 0 0010110|0000|011 0x0B03
1 1 0010111|0000|011 0x0B83
1 2 0011010|0110|100 0x0D34
2 0 0011111|0101|001 0x0FA9
3 0 0000001|0001|110 0x008E
3 1 0000011|0010|111 0x0197
4 0 0000110|1000|001 0x0341
4 1 0000111|1001|001 0x03C9
4 2 0001000|0001|001 0x0409
5 0 0001010|0010|010 0x0512
9 0 0110101|0010|100 0x1A94
9 1 0110110|0000|010 0x1B02
9 2 0110111|0001|010 0x1B8A
9 3 0111000|0001|001 0x1C09
9 4 0111011|0010|100 0x1D94
a 0 1000000|0001|001 0x2009
a 1 1000001|0010|110 0x2096
b 0 0100111|0010|110 0x1396
b 1 0101000|0010|011 0x1413
d 0 0101111|0100|101 0x17A5
BX = 010 Event : 19
1 0 0000111|0001|001 0x0389
1 1 0001010|0100|010 0x0522
1 2 0001111|0001|111 0x078F
3 0 0011011|0110|001 0x0DB1
5 0 0000100|0000|101 0x0205
6 0 0000110|1011|011 0x035B
9 0 0101110|0000|001 0x1701
9 1 0110100|0101|001 0x1A29
9 2 0110101|0101|010 0x1AAA
9 3 0110110|0010|001 0x1B11
9 4 0110111|0010|001 0x1B91
9 5 0111011|0011|110 0x1D9E
9 6 0111101|0010|100 0x1E94
a 0 0111111|0010|000 0x1F90
a 1 1001001|0001|111 0x248F
b 0 0100001|1010|110 0x10D6
b 1 0100010|1010|110 0x1156
b 2 0100011|0010|011 0x1193
c 0 0100101|1000|100 0x12C4
BX = 011 Event : 20
1 0 0001101|0100|000 0x06A0
1 1 0001110|0100|001 0x0721
1 2 0010001|0100|011 0x08A3
1 3 0010010|0010|010 0x0912
1 4 0010011|0100|001 0x09A1
2 0 0011001|0101|001 0x0CA9
3 0 0000000|1000|110 0x0046
3 1 0000001|0000|011 0x0083
4 0 0000101|0001|001 0x0289
4 1 0001001|1010|111 0x04D7
5 0 0001010|0011|101 0x051D
9 0 0101001|0100|001 0x14A1
9 1 0101011|0010|100 0x1594
9 2 0101100|0110|011 0x1633
9 3 0101101|0110|011 0x16B3
9 4 0110001|0001|100 0x188C
9 5 0110010|0011|100 0x191C
a 0 0111000|0100|100 0x1C24
a 1 0111001|0110|100 0x1CB4
a 2 0111011|0101|011 0x1DAB
a 3 0111110|0010|111 0x1F17
b 0 0100001|1001|011 0x10CB
BX = 100 Event : 21
2 0 0010011|0001|100 0x098C
3 0 0000000|1010|011 0x0053
4 0 0000101|0001|100 0x028C
9 0 0100000|0100|001 0x1021
9 1 0100111|0101|010 0x13AA
9 2 0101001|0100|111 0x14A7
BX = 101 Event : 22
1 0 0001101|0001|010 0x068A
1 1 0001111|0000|010 0x0782
1 2 0010000|0001|101 0x080D
1 3 0010001|0100|100 0x08A4
2 0 0010101|0101|101 0x0AAD
3 0 0011000|0110|000 0x0C30
6 0 0001011|0001|010 0x058A
a 0 0110110|0000|010 0x1B02
b 0 0011011|1011|110 0x0DDE
e 0 0011111|1011|110 0x0FDE
e 1 0100001|1000|101 0x10C5
e 2 0100010|1010|101 0x1155
e 3 0100011|0001|101 0x118D
e 4 0100100|1010|101 0x1255
BX = 110 Event : 23
0 0 0001101|0100|111 0x06A7
1 0 0010101|0000|010 0x0A82
1 1 0010110|0101|010 0x0B2A
1 2 0011001|0110|100 0x0CB4
1 3 0011010|0101|011 0x0D2B
1 4 0011011|0010|011 0x0D93
1 5 0011111|0011|110 0x0F9E
2 0 0100001|0101|001 0x10A9
2 1 0100011|0011|100 0x119C
2 2 0100110|0101|011 0x132B
2 3 0100111|0100|010 0x13A2
2 4 0101010|0011|110 0x151E
4 0 0000011|1001|001 0x01C9
5 0 0000111|1011|101 0x03DD
9 0 0110110|0001|000 0x1B08
9 1 0111001|0100|111 0x1CA7
9 2 0111010|0010|111 0x1D17
a 0 0111100|0000|100 0x1E04
a 1 0111111|0001|101 0x1F8D
b 0 0101011|1001|011 0x15CB
b 1 1000000|0100|001 0x2021
b 2 1000001|0010|000 0x2090
b 3 1000010|0100|000 0x2120
c 0 0101111|1010|001 0x17D1
d 0 0110001|0011|010 0x189A
BX = 111 Event : 24
0 0 0001011|0000|111 0x0587
0 1 0001100|0000|111 0x0607
1 0 0001000|0100|000 0x0420
1 1 0001010|0000|001 0x0501
1 2 0010001|0001|001 0x0889
1 3 0010100|0001|110 0x0A0E
1 4 0011001|0000|111 0x0C87
2 0 0011011|0011|001 0x0D99
2 1 0011111|0110|110 0x0FB6
8 0 0110101|0001|111 0x1A8F
9 0 0111100|0110|110 0x1E36
9 1 0111101|0010|100 0x1E94
a 0 0111110|0100|010 0x1F22
a 1 0111111|0011|010 0x1F9A
c 0 0101010|0011|100 0x151C
c 1 0101011|1010|100 0x15D4
c 2 0101101|1010|111 0x16D7
c 3 0101110|0001|111 0x170F
d 0 0101111|0100|101 0x17A5
d 1 0110000|0001|101 0x180D
BX = 000 Event : 25
1 0 0001101|0100|001 0x06A1
1 1 0010000|0101|010 0x082A
1 2 0010011|0000|011 0x0983
1 3 0010100|0100|011 0x0A23
1 4 0010101|0100|011 0x0AA3
1 5 0010110|0100|011 0x0B23
1 6 0010111|0110|010 0x0BB2
1 7 0011001|0100|110 0x0CA6
1 8 0011010|0100|100 0x0D24
1 9 0011101|0100|111 0x0EA7
2 0 0100010|0101|111 0x112F
2 1 0100011|0001|111 0x118F
3 0 0000100|0000|111 0x0207
5 0 0000111|1011|010 0x03DA
5 1 0001010|0100|101 0x0525
5 2 0001011|1010|101 0x05D5
9 0 0110001|0110|100 0x18B4
9 1 0110010|0010|010 0x1912
9 2 0110110|0011|110 0x1B1E
c 0 0100110|1001|100 0x134C
c 1 0100111|1011|001 0x13D9
c 2 0101000|0010|001 0x1411
c 3 0101001|1000|111 0x14C7
e 0 0101101|1001|011 0x16CB
BX = 001 Event : 26
1 0 0010100|0100|010 0x0A22
1 1 0010111|0100|111 0x0BA7
1 2 0011000|0110|110 0x0C36
2 0 0011110|0000|011 0x0F03
3 0 0000010|0001|011 0x010B
3 1 0011111|0001|001 0x0F89
5 0 0001111|0010|101 0x0795
8 0 0101101|0100|111 0x16A7
8 1 0101110|0001|111 0x170F
8 2 0101111|0000|111 0x1787
9 0 0110010|0110|100 0x1934
9 1 0110011|0010|010 0x1992
a 0 1000000|0010|100 0x2014
a 1 1000011|0011|110 0x219E
BX = 010 Event : 27
1 0 0010010|0010|001 0x0911
1 1 0010011|0001|011 0x098B
1 2 0010100|0010|001 0x0A11
1 3 0010101|0001|001 0x0A89
2 0 0011010|0000|001 0x0D01
2 1 0011011|0001|011 0x0D8B
3 0 0000100|1011|011 0x025B
4 0 0001000|1001|100 0x044C
9 0 0110110|0100|011 0x1B23
9 1 0111000|0100|110 0x1C26
9 2 0111010|0001|110 0x1D0E
9 3 0111100|0010|101 0x1E15
a 0 1001001|0011|001 0x2499
a 1 1001011|0110|001 0x25B1
a 2 1001101|0001|110 0x268E
b 0 0100011|1010|011 0x11D3
b 1 0100100|0010|011 0x1213
c 0 0101011|0010|110 0x1596
c 1 0101100|0000|110 0x1606
d 0 0101111|0000|101 0x1785
BX = 011 Event : 28
1 0 0000100|0001|001 0x0209
1 1 0001101|0001|011 0x068B
1 2 0010110|0011|100 0x0B1C
2 0 0011100|0011|011 0x0E1B
2 1 0011111|0011|111 0x0F9F
4 0 0000001|0011|001 0x0099
4 1 0000010|0011|111 0x011F
8 0 0101011|0000|111 0x1587
9 0 0110000|0110|010 0x1832
9 1 0110100|0011|101 0x1A1D
a 0 0111010|0101|011 0x1D2B
b 0 0100000|0000|011 0x1003
b 1 0100001|1010|011 0x10D3
d 0 0100111|0010|010 0x1392
d 1 0101000|1010|101 0x1455
BX = 100 Event : 29
0 0 0001001|0001|110 0x048E
1 0 0001111|0011|110 0x079E
2 0 0010111|0101|101 0x0BAD
2 1 0011000|0001|010 0x0C0A
2 2 0011011|0110|100 0x0DB4
3 0 0000100|0011|111 0x021F
8 0 0101101|0000|111 0x1687
9 0 0101111|0000|100 0x1784
9 1 0110000|0110|011 0x1833
9 2 0110011|0011|101 0x199D
9 3 0110100|0100|101 0x1A25
a 0 0110110|0010|000 0x1B10
a 1 0111000|0000|100 0x1C04
a 2 0111101|0101|111 0x1EAF
c 0 0100000|1001|001 0x1049
c 1 0100001|0010|001 0x1091
e 0 0100100|1011|000 0x1258
BX = 101 Event : 30
1 0 0011001|0000|110 0x0C86
1 1 0011010|0010|110 0x0D16
1 2 0011011|0110|110 0x0DB6
1 3 0011100|0011|100 0x0E1C
1 4 0011101|0110|110 0x0EB6
2 0 0100010|0010|101 0x1115
2 1 0100011|0010|100 0x1194
4 0 0000100|0001|001 0x0209
4 1 0000101|0011|001 0x0299
4 2 0000110|1001|001 0x0349
4 3 0001100|0001|111 0x060F
5 0 0001011|1000|010 0x05C2
6 0 0001111|0000|000 0x0780
6 1 0010000|1000|000 0x0840
9 0 0111010|0100|001 0x1D21
9 1 0111011|0101|011 0x1DAB
9 2 0111100|0001|011 0x1E0B
9 3 0111101|0100|010 0x1EA2
9 4 1000001|0010|110 0x2096
9 5 1000010|0001|110 0x210E
9 6 1000101|0100|101 0x22A5
9 7 1000110|0000|100 0x2304
9 8 1001010|0101|111 0x252F
9 9 1001011|0010|111 0x2597
a 0 1001101|0100|101 0x26A5
b 0 0101000|1000|011 0x1443
b 1 0101001|0011|011 0x149B
c 0 0101101|0011|100 0x169C
c 1 0101110|1000|001 0x1741
c 2 0110000|0011|111 0x181F
d 0 0110001|0001|010 0x188A
BX = 110 Event : 31
1 0 0001011|0101|001 0x05A9
1 1 0001101|0101|001 0x06A9
1 2 0010010|0101|101 0x092D
2 0 0010110|0011|011 0x0B1B
5 0 0000011|0011|010 0x019A
5 1 0000100|1011|010 0x025A
8 0 0100110|0000|111 0x1307
9 0 0100101|0000|000 0x1280
9 1 0101101|0101|001 0x16A9
a 0 0110100|0100|001 0x1A21
a 1 0110111|0101|001 0x1BA9
a 2 0111100|0001|100 0x1E0C
a 3 0111101|0001|100 0x1E8C
b 0 0011000|1010|110 0x0C56
b 1 0011001|0010|110 0x0C96
c 0 0011100|0001|001 0x0E09
c 1 0100000|1011|110 0x105E
d 0 0011111|1010|010 0x0FD2
BX = 111 Event : 32
1 0 0001111|0100|000 0x07A0
1 1 0010100|0001|011 0x0A0B
1 2 0010110|0110|001 0x0B31
1 3 0011011|0100|100 0x0DA4
2 0 0100011|0101|100 0x11AC
2 1 0100101|0110|100 0x12B4
2 2 0100110|0110|100 0x1334
4 0 0000011|1001|001 0x01C9
4 1 0000100|0000|001 0x0201
9 0 1000100|0100|001 0x2221
9 1 1001001|0100|111 0x24A7
a 0 1010000|0011|111 0x281F
b 0 1001101|0011|001 0x2699
b 1 1001110|0000|001 0x2701
b 2 1001111|0010|000 0x2790
c 0 0101101|1010|100 0x16D4
c 1 0101110|0001|100 0x170C
c 2 0101111|0011|001 0x1799
c 3 0110000|1001|001 0x1849
c 4 0110100|1010|111 0x1A57
c 5 0110101|1010|110 0x1AD6
d 0 0111010|1001|101 0x1D4D
e 0 0111101|1011|101 0x1EDD
BX = 000 Event : 33
1 0 0001011|0000|000 0x0580
1 1 0001110|0110|100 0x0734
1 2 0001111|0101|010 0x07AA
1 3 0010000|0011|101 0x081D
1 4 0010001|0001|110 0x088E
3 0 0000100|0011|111 0x021F
6 0 0001000|0001|010 0x040A
6 1 0001001|1010|110 0x04D6
8 0 0011101|0100|111 0x0EA7
8 1 0011110|0000|111 0x0F07
9 0 0100010|0101|100 0x112C
9 1 0100011|0100|001 0x11A1
a 0 0100111|0100|001 0x13A1
a 1 0101010|0001|110 0x150E
a 2 0101011|0101|110 0x15AE
d 0 0011001|0010|101 0x0C95
e 0 0011000|1010|000 0x0C50
BX = 001 Event : 34
1 0 0001110|0101|100 0x072C
1 1 0001111|0001|011 0x078B
1 2 0010000|0000|011 0x0803
1 3 0010001|0000|011 0x0883
2 0 0010100|0101|001 0x0A29
3 0 0000000|1010|110 0x0056
5 0 0000111|0011|010 0x039A
9 0 0101101|0000|100 0x1684
9 1 0101110|0110|011 0x1733
9 2 0101111|0100|010 0x17A2
9 3 0110100|0110|100 0x1A34
9 4 0111000|0010|111 0x1C17
a 0 0111100|0001|100 0x1E0C
a 1 0111110|0110|010 0x1F32
a 2 0111111|0010|010 0x1F92
a 3 1000100|0111|011 0x223B
a 4 1001000|0100|101 0x2425
b 0 1001001|0011|000 0x2498
c 0 0011100|1001|001 0x0E49
c 1 0011101|0010|001 0x0E91
c 2 0100011|0000|111 0x1187
c 3 0100100|0011|111 0x121F
d 0 0100010|1010|010 0x1152
d 1 0100101|0001|101 0x128D
e 0 0100110|1010|110 0x1356
BX = 010 Event : 35
0 0 0001000|0001|111 0x040F
0 1 0001001|0100|111 0x04A7
1 0 0001011|0000|101 0x0585
2 0 0001110|0101|000 0x0728
2 1 0001111|0001|011 0x078B
2 2 0010100|0100|100 0x0A24
4 0 0000001|1000|100 0x00C4
5 0 0000101|1001|101 0x02CD
6 0 0000111|1001|110 0x03CE
8 0 0101011|0000|111 0x1587
8 1 0110001|0100|111 0x18A7
9 0 0101001|0000|001 0x1481
9 1 0101100|0001|001 0x1609
9 2 0101101|0100|001 0x16A1
9 3 0101111|0100|000 0x17A0
9 4 0110110|0100|010 0x1B22
9 5 0110111|0110|010 0x1BB2
9 6 0111011|0001|011 0x1D8B
9 7 0111100|0100|010 0x1E22
9 8 0111101|0101|010 0x1EAA
9 9 0111111|0010|010 0x1F92
9 a 1000000|0000|001 0x2001
9 b 1000001|0010|001 0x2091
9 c 1000101|0001|110 0x228E
9 d 1000110|0001|101 0x230D
a 0 1001011|0110|100 0x25B4
c 0 0011111|1001|100 0x0FCC
c 1 0100000|0010|001 0x1011
d 0 0100100|0100|101 0x1225
BX = 011 Event : 36
0 0 0010000|0001|110 0x080E
1 0 0001110|0100|001 0x0721
1 1 0001111|0001|001 0x0789
1 2 0010111|0101|110 0x0BAE
2 0 0011000|0010|000 0x0C10
4 0 0000111|0000|001 0x0381
6 0 0001100|0010|000 0x0610
6 1 0001101|0001|010 0x068A
9 0 0111001|0101|100 0x1CAC
a 0 0111011|0101|001 0x1DA9
d 0 0101010|0001|010 0x150A
BX = 100 Event : 37
1 0 0011011|0000|011 0x0D83
2 0 0100111|0110|010 0x13B2
3 0 0000001|1010|011 0x00D3
3 1 0000010|1011|011 0x015B
3 2 0000011|1001|111 0x01CF
3 3 0101011|0110|001 0x15B1
3 4 0101100|0110|001 0x1631
4 0 0001000|1001|100 0x044C
5 0 0001111|0001|101 0x078D
6 0 0010000|1011|000 0x0858
6 1 0010001|1010|110 0x08D6
9 0 0111110|0001|001 0x1F09
a 0 1000111|0010|111 0x2397
b 0 0101111|1000|011 0x17C3
b 1 0110000|1000|011 0x1843
c 0 0110101|0000|001 0x1A81
c 1 0110110|0001|110 0x1B0E
e 0 0111000|0011|101 0x1C1D
BX = 101 Event : 38
1 0 0011001|0000|110 0x0C86
1 1 0011010|0000|101 0x0D05
1 2 0011110|0000|100 0x0F04
2 0 0100010|0001|001 0x1109
2 1 0101001|0000|011 0x1483
2 2 0101010|0010|011 0x1513
2 3 0101100|0000|010 0x1602
2 4 0110001|0010|010 0x1892
2 5 0110011|0000|001 0x1981
2 6 0110100|0100|001 0x1A21
3 0 0000000|0011|111 0x001F
a 0 1001111|0101|100 0x27AC
a 1 1010000|0101|100 0x282C
b 0 0111001|0001|011 0x1C8B
c 0 0111110|0010|001 0x1F11
c 1 0111111|0000|111 0x1F87
d 0 1000010|1011|101 0x215D
d 1 1000101|1011|101 0x22DD
d 2 1000110|0001|101 0x230D
BX = 110 Event : 39
1 0 0001101|0001|100 0x068C
1 1 0001110|0101|100 0x072C
1 2 0010011|0101|100 0x09AC
1 3 0010100|0010|100 0x0A14
2 0 0010111|0100|001 0x0BA1
2 1 0011000|0100|001 0x0C21
2 2 0011110|0011|100 0x0F1C
5 0 0000101|1001|010 0x02CA
6 0 0000111|1010|000 0x03D0
b 0 0101100|0010|011 0x1613
b 1 0101101|1010|011 0x16D3
b 2 1000011|0001|000 0x2188
c 0 0110001|0001|100 0x188C
c 1 0110010|1000|001 0x1941
c 2 0110111|1011|110 0x1BDE
c 3 0111000|0011|110 0x1C1E
e 0 0111100|0011|000 0x1E18
BX = 111 Event : 40
2 0 0010000|0101|110 0x082E
2 1 0010100|0001|111 0x0A0F
6 0 0000010|0010|000 0x0110
6 1 0000101|0011|010 0x029A
c 0 0011011|0011|100 0x0D9C
d 0 0011110|0001|010 0x0F0A
d 1 0100001|1000|101 0x10C5
BX = 000 Event : 41
1 0 0010011|0101|010 0x09AA
2 0 0010101|0101|100 0x0AAC
2 1 0011000|0010|110 0x0C16
2 2 0011001|0110|100 0x0CB4
3 0 0011100|0011|001 0x0E19
4 0 0000010|1011|100 0x015C
6 0 0001000|0010|000 0x0410
6 1 0001010|1001|010 0x054A
6 2 0001011|0010|011 0x0593
6 3 0001100|1010|011 0x0653
8 0 0101011|0000|111 0x1587
8 1 0101110|0100|111 0x1727
8 2 0101111|0001|111 0x178F
8 3 0110000|0000|111 0x1807
9 0 0110100|0001|100 0x1A0C
9 1 0110110|0100|010 0x1B22
a 0 0111101|0011|110 0x1E9E
a 1 0111110|0101|100 0x1F2C
b 0 0011111|1000|110 0x0FC6
b 1 0100001|1000|110 0x10C6
b 2 1000010|0110|001 0x2131
c 0 0100010|0001|001 0x1109
d 0 0100011|1000|010 0x11C2
e 0 0100101|0010|000 0x1290
e 1 0100110|0000|000 0x1300
e 2 0101000|0000|010 0x1402
BX = 001 Event : 42
1 0 0010000|0101|110 0x082E
1 1 0010110|0101|111 0x0B2F
2 0 0010101|0010|000 0x0A90
2 1 0010111|0011|010 0x0B9A
9 0 0100110|0000|001 0x1301
9 1 0101101|0101|110 0x16AE
9 2 0101110|0100|111 0x1727
b 0 0011001|0010|110 0x0C96
b 1 0011010|0010|110 0x0D16
b 2 0011011|0011|011 0x0D9B
b 3 0011100|0010|110 0x0E16
b 4 0011101|0010|110 0x0E96
c 0 0011110|1010|001 0x0F51
c 1 0011111|0001|111 0x0F8F
e 0 0100010|0010|000 0x1110
e 1 0100011|1001|000 0x11C8
BX = 010 Event : 43
1 0 0001111|0000|001 0x0781
1 1 0010011|0100|011 0x09A3
1 2 0010100|0000|011 0x0A03
1 3 0010101|0110|001 0x0AB1
1 4 0011110|0010|111 0x0F17
2 0 0100001|0101|101 0x10AD
2 1 0100010|0011|101 0x111D
2 2 0100011|0000|101 0x1185
6 0 0001100|0001|000 0x0608
8 0 0110110|0100|110 0x1B26
9 0 0111000|0000|001 0x1C01
9 1 0111011|0000|010 0x1D82
a 0 1000000|0010|010 0x2012
b 0 0100110|0010|110 0x1316
b 1 0100111|0000|011 0x1383
c 0 0101010|1000|100 0x1544
c 1 0101011|0000|001 0x1581
e 0 0110001|1010|010 0x18D2
BX = 011 Event : 44
0 0 0001010|0000|110 0x0506
1 0 0010011|0001|110 0x098E
1 1 0010100|0010|110 0x0A16
1 2 0010101|0110|100 0x0AB4
1 3 0010110|0101|111 0x0B2F
2 0 0010111|0001|111 0x0B8F
2 1 0011011|0001|110 0x0D8E
4 0 0000011|1001|100 0x01CC
9 0 0110110|0000|001 0x1B01
9 1 0110111|0001|001 0x1B89
9 2 0111011|0000|001 0x1D81
9 3 0111110|0100|100 0x1F24
a 0 0111111|0110|001 0x1FB1
a 1 1000000|0000|001 0x2001
a 2 1000010|0001|010 0x210A
b 0 0011101|0011|011 0x0E9B
b 1 1000101|0010|000 0x2290
c 0 0100001|0001|100 0x108C
c 1 0100010|1010|001 0x1151
d 0 0100111|1001|010 0x13CA
d 1 0101000|1001|010 0x144A
d 2 0101111|0011|101 0x179D
BX = 100 Event : 45
1 0 0001001|0100|000 0x04A0
1 1 0001101|0110|110 0x06B6
3 0 0000010|0000|011 0x0103
3 1 0010010|0110|001 0x0931
4 0 0000100|0000|001 0x0201
4 1 0000101|0000|001 0x0281
9 0 0101001|0010|101 0x1495
9 1 0101010|0101|101 0x152D
9 2 0101011|0100|100 0x15A4
b 0 0010100|1001|110 0x0A4E
b 1 0010101|0000|011 0x0A83
c 0 0011000|1001|001 0x0C49
c 1 0011001|0010|111 0x0C97
e 0 0011101|1011|110 0x0EDE
e 1 0011110|0000|101 0x0F05
BX = 101 Event : 46
1 0 0001111|0100|000 0x07A0
1 1 0010101|0000|001 0x0A81
1 2 0010111|0010|001 0x0B91
1 3 0011000|0100|011 0x0C23
1 4 0011001|0001|001 0x0C89
1 5 0011011|0001|111 0x0D8F
4 0 0001000|0001|111 0x040F
6 0 0001011|1000|000 0x05C0
6 1 0001101|1011|110 0x06DE
6 2 0001110|0010|011 0x0713
8 0 0101001|0001|111 0x148F
8 1 0101010|0000|110 0x1506
9 0 0101000|0000|001 0x1401
9 1 0101110|0110|100 0x1734
9 2 0101111|0010|100 0x1794
9 3 0110000|0000|010 0x1802
9 4 0110001|0010|010 0x1892
9 5 0110010|0000|001 0x1901
9 6 0110100|0001|001 0x1A09
a 0 0111001|0010|101 0x1C95
a 1 0111010|0110|100 0x1D34
a 2 0111011|0010|111 0x1D97
c 0 0100100|1010|001 0x1251
BX = 110 Event : 47
0 0 0001010|0000|111 0x0507
1 0 0010000|0110|011 0x0833
1 1 0010011|0100|111 0x09A7
1 2 0010100|0110|110 0x0A36
1 3 0010110|0010|110 0x0B16
1 4 0010111|0101|101 0x0BAD
1 5 0011000|0110|100 0x0C34
1 6 0011001|0100|100 0x0CA4
1 7 0011110|0100|111 0x0F27
2 0 0011100|0101|001 0x0E29
2 1 0011111|0010|010 0x0F92
3 0 0100000|0000|001 0x1001
3 1 0100001|0110|001 0x10B1
4 0 0000011|1000|001 0x01C1
6 0 0000111|0000|000 0x0380
9 0 0110110|0001|110 0x1B0E
9 1 0110111|0010|110 0x1B96
a 0 0111000|0010|001 0x1C11
a 1 0111001|0100|000 0x1CA0
a 2 0111110|0010|011 0x1F13
a 3 0111111|0011|001 0x1F99
a 4 1000001|0110|100 0x20B4
c 0 0100100|0010|100 0x1214
c 1 0100110|0010|111 0x1317
BX = 111 Event : 48
1 0 0001110|0100|001 0x0721
1 1 0001111|0100|000 0x07A0
1 2 0010010|0101|011 0x092B
1 3 0010011|0101|001 0x09A9
1 4 0010101|0100|100 0x0AA4
2 0 0010110|0110|000 0x0B30
6 0 0001010|1010|110 0x0556
6 1 0001011|1001|011 0x05CB
8 0 0101111|0100|111 0x17A7
9 0 0101110|0100|001 0x1721
9 1 0110110|0000|010 0x1B02
9 2 0111011|0101|100 0x1DAC
9 3 0111100|0001|100 0x1E0C
a 0 1000000|0101|011 0x202B
b 0 0011101|0011|011 0x0E9B
c 0 0100011|1001|100 0x11CC
c 1 0100100|1001|001 0x1249
c 2 0100101|0010|001 0x1291
c 3 0101010|1010|110 0x1556
d 0 0101000|1010|010 0x1452
d 1 0101001|0000|010 0x1482
e 0 0101101|1001|011 0x16CB
BX = 000 Event : 49
1 0 0010001|0000|001 0x0881
1 1 0010100|0110|100 0x0A34
2 0 0010101|0100|000 0x0AA0
2 1 0011000|0010|101 0x0C15
2 2 0011010|0010|101 0x0D15
2 3 0011100|0101|111 0x0E2F
3 0 0000000|1001|110 0x004E
3 1 0000001|0000|111 0x0087
4 0 0000100|0010|100 0x0214
4 1 0000101|1011|001 0x02D9
5 0 0001010|0000|010 0x0502
9 0 0101111|0101|100 0x17AC
9 1 0110011|0010|111 0x1997
9 2 0110100|0010|111 0x1A17
a 0 0110111|0011|010 0x1B9A
b 0 0011110|0010|110 0x0F16
b 1 0100001|1000|011 0x10C3
c 0 0100101|0010|111 0x1297
c 1 0100110|0010|110 0x1316
BX = 001 Event : 50
1 0 0010110|0100|001 0x0B21
1 1 0011110|0010|011 0x0F13
2 0 0100111|0001|100 0x138C
2 1 0101000|0111|011 0x143B
2 2 0101011|0100|111 0x15A7
3 0 0000101|1001|011 0x02CB
3 1 0000110|1010|011 0x0353
3 2 0101010|0000|001 0x1501
4 0 0001001|0011|001 0x0499
5 0 0010010|1001|101 0x094D
8 0 1000101|0100|111 0x22A7
9 0 1001010|0010|010 0x2512
9 1 1001011|0101|010 0x25AA
9 2 1010000|0001|110 0x280E
9 3 1010100|0010|110 0x2A16
a 0 1010110|0010|100 0x2B14
a 1 1010111|0100|011 0x2BA3
a 2 1011000|0110|011 0x2C33
c 0 0110111|0001|001 0x1B89
c 1 0111010|0001|111 0x1D0F
c 2 0111011|0001|111 0x1D8F
c 3 0111100|0011|111 0x1E1F
d 0 0111110|0010|101 0x1F15
BX = 010 Event : 51
1 0 0001101|0010|011 0x0693
1 1 0010101|0110|111 0x0AB7
2 0 0010011|0101|001 0x09A9
2 1 0010111|0101|011 0x0BAB
2 2 0011001|0110|100 0x0CB4
3 0 0000011|0001|111 0x018F
4 0 0001000|0001|001 0x0409
5 0 0001001|0010|101 0x0495
9 0 0101100|0101|110 0x162E
9 1 0101101|0011|100 0x169C
a 0 0101110|0000|011 0x1703
c 0 0100000|1000|001 0x1041
BX = 011 Event : 52
0 0 0010110|0100|110 0x0B26
1 0 0011011|0101|011 0x0DAB
2 0 0100011|0000|100 0x1184
2 1 0100100|0011|010 0x121A
2 2 0100110|0001|111 0x130F
2 3 0101000|0100|111 0x1427
2 4 0101001|0001|111 0x148F
2 5 0101010|0000|110 0x1506
3 0 0000010|0001|011 0x010B
3 1 0000011|0001|011 0x018B
4 0 0001001|1010|001 0x04D1
6 0 0010000|1000|000 0x0840
6 1 0010001|1001|000 0x08C8
6 2 0010100|1000|110 0x0A46
9 0 1000101|0000|010 0x2282
a 0 1001110|0001|011 0x270B
a 1 1001111|0001|010 0x278A
a 2 1010001|0110|111 0x28B7
a 3 1010010|0110|111 0x2937
b 0 0101101|1010|110 0x16D6
b 1 0101110|1010|011 0x1753
b 2 0101111|1000|011 0x17C3
b 3 0110000|1001|011 0x184B
b 4 0110001|0010|011 0x1893
c 0 0110110|0001|100 0x1B0C
c 1 0111000|0001|111 0x1C0F
c 2 0111001|0001|111 0x1C8F
c 3 0111010|0010|110 0x1D16
e 0 0111101|1010|101 0x1ED5
BX = 100 Event : 53
1 0 0010000|0101|001 0x0829
2 0 0010010|0000|001 0x0901
4 0 0000010|0011|100 0x011C
5 0 0001001|0000|101 0x0485
9 0 0011110|0100|001 0x0F21
9 1 0100011|0101|001 0x11A9
9 2 0100100|0100|001 0x1221
a 0 0101011|0101|110 0x15AE
a 1 0101100|0101|101 0x162D
b 0 0010111|0010|011 0x0B93
d 0 0011100|0100|101 0x0E25
BX = 101 Event : 54
1 0 0001011|0001|001 0x0589
2 0 0010000|0010|001 0x0811
2 1 0010100|0110|100 0x0A34
2 2 0010101|0011|001 0x0A99
2 3 0010110|0011|001 0x0B19
3 0 0000000|1011|011 0x005B
3 1 0000001|1001|011 0x00CB
3 2 0000010|0000|011 0x0103
9 0 0101110|0010|011 0x1713
9 1 0101111|0010|001 0x1791
9 2 0110000|0100|001 0x1821
9 3 0110001|0011|110 0x189E
9 4 0110011|0101|111 0x19AF
b 0 0011100|0011|110 0x0E1E
b 1 0011101|0011|011 0x0E9B
b 2 0111100|0011|000 0x1E18
d 0 0100010|0000|010 0x1102
d 1 0100011|0010|010 0x1192
d 2 0100100|0001|010 0x120A
d 3 0100101|1010|010 0x12D2
e 0 0100110|0010|000 0x1310
e 1 0101000|1011|011 0x145B
e 2 0101001|0100|010 0x14A2
e 3 0101010|1010|010 0x1552
BX = 110 Event : 55
1 0 0001100|0110|110 0x0636
1 1 0001101|0000|100 0x0684
1 2 0001110|0010|100 0x0714
1 3 0001111|0010|100 0x0794
1 4 0010000|0101|100 0x082C
2 0 0010011|0101|100 0x09AC
2 1 0010111|0011|010 0x0B9A
2 2 0011001|0110|110 0x0CB6
3 0 0000000|1010|111 0x0057
3 1 0000001|0011|011 0x009B
5 0 0000100|1010|010 0x0252
5 1 0000110|1001|101 0x034D
9 0 0100110|0100|000 0x1320
9 1 0101011|0010|001 0x1591
9 2 0101100|0010|001 0x1611
a 0 0110111|0000|010 0x1B82
a 1 0111001|0111|011 0x1CBB
b 0 0011100|1000|110 0x0E46
c 0 0100000|1011|100 0x105C
c 1 0100010|1011|111 0x115F
c 2 0100011|1010|111 0x11D7
BX = 111 Event : 56
0 0 0010000|0100|110 0x0826
2 0 0011110|0010|100 0x0F14
2 1 0011111|0011|100 0x0F9C
2 2 0100010|0010|100 0x1114
2 3 0100011|0011|100 0x119C
2 4 0100100|0010|100 0x1214
3 0 0000001|1000|011 0x00C3
5 0 0001000|1001|010 0x044A
5 1 0001001|0010|101 0x0495
5 2 0001010|1001|101 0x054D
6 0 0001110|1001|010 0x074A
9 0 0110011|0001|011 0x198B
9 1 0110100|0000|011 0x1A03
9 2 0110101|0001|010 0x1A8A
9 3 0110110|0100|010 0x1B22
9 4 0111001|0011|110 0x1C9E
9 5 0111010|0000|101 0x1D05
b 0 0100111|1000|011 0x13C3
b 1 1000000|0011|000 0x2018
e 0 0101111|0100|011 0x17A3
BX = 000 Event : 57
1 0 0010100|0010|011 0x0A13
2 0 0100100|0101|110 0x122E
4 0 0000101|1011|111 0x02DF
8 0 0101111|0000|111 0x1787
8 1 0110000|0000|111 0x1807
9 0 0111000|0101|100 0x1C2C
9 1 0111001|0001|100 0x1C8C
9 2 0111011|0101|001 0x1DA9
9 3 1000000|0101|100 0x202C
a 0 1001000|0100|110 0x2426
c 0 0100110|1010|100 0x1354
BX = 001 Event : 58
1 0 0010000|0000|000 0x0800
1 1 0010001|0001|000 0x0888
1 2 0010100|0010|010 0x0A12
1 3 0010101|0010|001 0x0A91
2 0 0011111|0000|111 0x0F87
2 1 0100000|0000|111 0x1007
3 0 0000001|1010|110 0x00D6
3 1 0000011|1010|111 0x01D7
4 0 0000101|1010|001 0x02D1
9 0 0101111|0000|011 0x1783
9 1 0110000|0101|011 0x182B
9 2 0110001|0000|010 0x1882
9 3 0110101|0100|100 0x1AA4
9 4 0110110|0011|100 0x1B1C
a 0 0111110|0001|010 0x1F0A
a 1 0111111|0100|010 0x1FA2
a 2 1000001|0101|001 0x20A9
b 0 0100010|0010|110 0x1116
b 1 0100011|0010|110 0x1196
c 0 0100110|0011|100 0x131C
c 1 0101000|1000|111 0x1447
BX = 010 Event : 59
1 0 0011001|0100|000 0x0CA0
1 1 0011101|0001|100 0x0E8C
1 2 0011110|0110|011 0x0F33
1 3 0100001|0101|101 0x10AD
3 0 0000100|1010|011 0x0253
3 1 0000101|0011|011 0x029B
3 2 0000110|1010|011 0x0353
4 0 0010011|0011|111 0x099F
a 0 1001000|0011|111 0x241F
c 0 0110110|0011|001 0x1B19
c 1 0111000|1001|111 0x1C4F
e 0 0111010|0001|000 0x1D08
BX = 011 Event : 60
1 0 0011001|0101|100 0x0CAC
1 1 0011010|0101|100 0x0D2C
1 2 0011011|0000|011 0x0D83
1 3 0011101|0101|100 0x0EAC
1 4 0011110|0110|100 0x0F34
2 0 0100000|0101|001 0x1029
3 0 0000010|1000|110 0x0146
3 1 0000011|1010|110 0x01D6
3 2 0000101|0011|111 0x029F
4 0 0001000|0000|001 0x0401
6 0 0010001|0000|010 0x0882
6 1 0010010|1001|010 0x094A
8 0 0110101|0001|111 0x1A8F
8 1 0110110|0100|111 0x1B27
9 0 0110100|0100|000 0x1A20
9 1 0111011|0001|110 0x1D8E
9 2 0111101|0001|110 0x1E8E
a 0 0111110|0110|100 0x1F34
a 1 1000100|0001|111 0x220F
a 2 1000101|0100|100 0x22A4
b 0 1001000|0110|001 0x2431
b 1 1001001|0110|000 0x24B0
e 0 0110000|1010|000 0x1850
e 1 0110001|0010|000 0x1890
e 2 0110010|0010|011 0x1913
BX = 100 Event : 61
1 0 0010110|0110|010 0x0B32
1 1 0010111|0101|010 0x0BAA
2 0 0011010|0101|010 0x0D2A
2 1 0011100|0010|010 0x0E12
2 2 0011110|0010|101 0x0F15
3 0 0011111|0010|001 0x0F91
6 0 0001111|0011|000 0x0798
6 1 0010001|1010|110 0x08D6
6 2 0010010|0010|011 0x0913
9 0 0110111|0010|100 0x1B94
9 1 0111000|0001|100 0x1C0C
a 0 0111010|0100|100 0x1D24
a 1 0111110|0010|111 0x1F17
b 0 0111011|0100|001 0x1DA1
b 1 0111100|0110|001 0x1E31
c 0 0100101|0010|100 0x1294
c 1 0100110|1000|100 0x1344
c 2 0100111|1000|001 0x13C1
c 3 0101011|0001|111 0x158F
c 4 0101100|1000|110 0x1646
c 5 0101101|0010|110 0x1696
BX = 101 Event : 62
1 0 0001010|0110|100 0x0534
1 1 0001011|0110|011 0x05B3
2 0 0010111|0000|110 0x0B86
4 0 0000001|0010|100 0x0094
4 1 0000010|1001|100 0x014C
4 2 0000100|0011|111 0x021F
4 3 0000101|0011|111 0x029F
9 0 0110010|0101|100 0x192C
9 1 0110011|0101|100 0x19AC
9 2 0110100|0100|100 0x1A24
9 3 0110101|0001|100 0x1A8C
9 4 0110110|0001|100 0x1B0C
a 0 0111001|0100|000 0x1CA0
a 1 0111010|0010|000 0x1D10
a 2 1000000|0110|100 0x2034
e 0 0011110|1000|110 0x0F46
BX = 110 Event : 63
1 0 0001111|0001|100 0x078C
1 1 0010010|0001|100 0x090C
3 0 0000011|0010|011 0x0193
4 0 0000110|0010|001 0x0311
6 0 0001001|1010|000 0x04D0
6 1 0001010|0011|000 0x0518
a 0 0110011|0000|100 0x1984
a 1 0110100|0110|011 0x1A33
a 2 0110111|0111|001 0x1BB9
a 3 0111010|0011|111 0x1D1F
b 0 0011100|0011|011 0x0E1B
c 0 0011101|1011|100 0x0EDC
c 1 0100001|0001|110 0x108E
d 0 0011111|1000|010 0x0FC2
d 1 0100000|0001|010 0x100A
e 0 0100101|0001|110 0x128E
BX = 111 Event : 64
1 0 0010000|0100|011 0x0823
1 1 0010010|0110|100 0x0934
1 2 0010011|0001|100 0x098C
1 3 0010100|0001|100 0x0A0C
1 4 0010101|0101|011 0x0AAB
1 5 0011011|0001|100 0x0D8C
1 6 0011100|0100|100 0x0E24
2 0 0100000|0001|000 0x1008
3 0 0100110|0101|000 0x1328
4 0 0000110|0001|001 0x0309
5 0 0001000|1011|101 0x045D
8 0 0110101|0000|111 0x1A87
8 1 0110111|0000|111 0x1B87
9 0 0111101|0010|010 0x1E92
a 0 1000100|0010|001 0x2211
a 1 1000111|0011|100 0x239C
BX = 000 Event : 65
1 0 0001101|0100|000 0x06A0
1 1 0010001|0100|100 0x08A4
1 2 0010010|0010|100 0x0914
1 3 0010011|0010|100 0x0994
2 0 0010110|0110|101 0x0B35
2 1 0011001|0011|111 0x0C9F
3 0 0000000|1011|110 0x005E
3 1 0000001|0011|011 0x009B
4 0 0000110|1010|100 0x0354
4 1 0000111|0011|001 0x0399
4 2 0001011|0010|111 0x0597
5 0 0001010|1001|010 0x054A
9 0 0100001|0000|001 0x1081
9 1 0100011|0001|001 0x1189
9 2 0100111|0010|010 0x1392
d 0 0011111|0011|010 0x0F9A
BX = 001 Event : 66
0 0 0010011|0100|110 0x09A6
0 1 0010101|0100|110 0x0AA6
1 0 0100100|0010|110 0x1216
1 1 0100101|0110|110 0x12B6
1 2 0100110|0110|101 0x1335
1 3 0100111|0011|100 0x139C
3 0 0000010|0011|111 0x011F
3 1 0110101|0010|000 0x1A90
4 0 0000101|1001|100 0x02CC
4 1 0000111|0001|001 0x0389
6 0 0001010|0100|000 0x0520
6 1 0001011|1000|000 0x05C0
6 2 0001100|0001|000 0x0608
6 3 0001110|1000|110 0x0746
6 4 0001111|1000|110 0x07C6
6 5 0010000|0001|110 0x080E
8 0 1000110|0000|111 0x2307
9 0 1001101|0011|101 0x269D
b 0 0111011|0011|011 0x1D9B
c 0 0111101|1000|001 0x1EC1
BX = 010 Event : 67
1 0 0010101|0001|000 0x0A88
1 1 0100100|0001|110 0x120E
1 2 0100111|0110|100 0x13B4
1 3 0101101|0010|111 0x1697
1 4 0101110|0010|111 0x1717
2 0 0110000|0000|100 0x1804
2 1 0110010|0001|001 0x1909
2 2 0110111|0110|100 0x1BB4
2 3 0111001|0101|100 0x1CAC
2 4 0111010|0001|101 0x1D0D
2 5 0111011|0110|100 0x1DB4
2 6 0111100|0010|100 0x1E14
4 0 0000011|0000|001 0x0181
4 1 0000110|0011|111 0x031F
5 0 0000101|0000|010 0x0282
a 0 1100001|0100|010 0x30A2
a 1 1100100|0101|100 0x322C
b 0 1000001|1010|110 0x20D6
b 1 1000010|1011|011 0x215B
c 0 1001001|0001|100 0x248C
c 1 1001010|0001|100 0x250C
c 2 1001011|1010|001 0x25D1
BX = 011 Event : 68
1 0 0011110|0110|100 0x0F34
1 1 0011111|0010|100 0x0F94
1 2 0100000|0011|100 0x101C
2 0 0100001|0100|001 0x10A1
3 0 0000100|0001|111 0x020F
5 0 0001010|1000|010 0x0542
5 1 0001111|1000|101 0x07C5
6 0 0001100|1011|000 0x0658
6 1 0001110|1001|000 0x0748
9 0 0110101|0001|010 0x1A8A
9 1 0110110|0110|001 0x1B31
9 2 0111000|0001|010 0x1C0A
9 3 0111001|0110|010 0x1CB2
9 4 0111100|0011|110 0x1E1E
9 5 0111110|0001|111 0x1F0F
9 6 0111111|0001|111 0x1F8F
c 0 0101100|0011|100 0x161C
BX = 100 Event : 69
0 0 0001111|0000|111 0x0787
1 0 0001110|0100|000 0x0720
1 1 0010110|0101|011 0x0B2B
1 2 0010111|0101|010 0x0BAA
1 3 0011001|0001|001 0x0C89
1 4 0011111|0110|110 0x0FB6
2 0 0100100|0011|011 0x121B
2 1 0100101|0001|001 0x1289
3 0 0000001|1011|111 0x00DF
3 1 0000010|0001|011 0x010B
3 2 0101001|0011|001 0x1499
4 0 0000100|1001|111 0x024F
9 0 0111101|0110|110 0x1EB6
9 1 0111111|0101|101 0x1FAD
9 2 1000000|0010|100 0x2014
a 0 1000100|0001|000 0x2208
a 1 1000101|0011|010 0x229A
b 0 1001000|0010|001 0x2411
b 1 1001001|0001|001 0x2489
BX = 101 Event : 70
1 0 0010100|0101|100 0x0A2C
1 1 0010101|0010|011 0x0A93
1 2 0010110|0000|011 0x0B03
1 3 0011010|0000|110 0x0D06
1 4 0011011|0101|100 0x0DAC
1 5 0011101|0010|111 0x0E97
3 0 0000001|1010|011 0x00D3
3 1 0000010|1010|011 0x0153
4 0 0001000|0010|111 0x0417
9 0 0110010|0000|100 0x1904
a 0 0110110|0000|111 0x1B07
c 0 0100101|0010|111 0x1297
e 0 0101000|0100|000 0x1420
e 1 0101001|0001|000 0x1488
BX = 110 Event : 71
1 0 0001001|0001|001 0x0489
1 1 0001011|0100|010 0x05A2
1 2 0001111|0011|110 0x079E
1 3 0010000|0101|110 0x082E
2 0 0010110|0010|100 0x0B14
2 1 0010111|0000|100 0x0B84
3 0 0011110|0110|001 0x0F31
4 0 0000000|1000|001 0x0041
4 1 0000001|0000|001 0x0081
4 2 0000011|0011|111 0x019F
4 3 0000100|1011|111 0x025F
4 4 0000101|0010|111 0x0297
6 0 0001000|1001|010 0x044A
8 0 0101100|0100|110 0x1626
9 0 0110001|0001|011 0x188B
9 1 0110110|0010|100 0x1B14
9 2 0110111|0101|111 0x1BAF
b 0 0100001|1001|110 0x10CE
b 1 0100010|1010|110 0x1156
c 0 0100100|0000|100 0x1204
d 0 0100110|1001|010 0x134A
BX = 111 Event : 72
1 0 0010101|0010|011 0x0A93
1 1 0011001|0110|110 0x0CB6
1 2 0011101|0010|100 0x0E94
1 3 0100000|0101|110 0x102E
2 0 0100001|0101|100 0x10AC
2 1 0100111|0000|101 0x1385
2 2 0101001|0101|100 0x14AC
3 0 0000011|1000|011 0x01C3
3 1 0101011|0101|001 0x15A9
4 0 0000100|1001|100 0x024C
4 1 0000101|0010|100 0x0294
4 2 0000110|0000|100 0x0304
4 3 0001001|0010|111 0x0497
5 0 0001000|1011|010 0x045A
8 0 0111110|0001|111 0x1F0F
9 0 0111101|0000|000 0x1E80
9 1 1000001|0001|001 0x2089
9 2 1000110|0100|100 0x2324
9 3 1000111|0100|100 0x23A4
9 4 1001000|0101|100 0x242C
a 0 1001011|0110|011 0x25B3
a 1 1010010|0101|111 0x292F
b 0 0101111|1011|110 0x17DE
c 0 0110011|0000|001 0x1981
c 1 0110100|0001|001 0x1A09
e 0 0111001|1011|110 0x1CDE
BX = 000 Event : 73
1 0 0001000|0001|001 0x0409
1 1 0001100|0001|100 0x060C
1 2 0001101|0100|100 0x06A4
1 3 0001110|0100|100 0x0724
1 4 0001111|0100|100 0x07A4
1 5 0010000|0010|011 0x0813
1 6 0010001|0100|010 0x08A2
1 7 0010010|0001|010 0x090A
1 8 0011000|0001|100 0x0C0C
1 9 0011001|0011|100 0x0C9C
1 a 0011010|0000|100 0x0D04
2 0 0011100|0110|011 0x0E33
2 1 0011110|0011|001 0x0F19
6 0 0000111|0000|011 0x0383
8 0 0110011|0100|111 0x19A7
9 0 0110101|0000|010 0x1A82
9 1 0111000|0101|110 0x1C2E
a 0 0111010|0100|001 0x1D21
a 1 0111011|0010|000 0x1D90
a 2 1000001|0000|101 0x2085
b 0 0100101|1001|011 0x12CB
b 1 0100110|1010|110 0x1356
b 2 0100111|1000|011 0x13C3
b 3 0101000|0000|011 0x1403
c 0 0101100|1011|001 0x1659
d 0 0101110|0100|101 0x1725
BX = 001 Event : 74
1 0 0001100|0010|010 0x0612
1 1 0001101|0110|010 0x06B2
2 0 0010011|0001|000 0x0988
2 1 0010110|0001|100 0x0B0C
2 2 0011000|0010|011 0x0C13
5 0 0000101|1011|101 0x02DD
5 1 0000110|1011|101 0x035D
9 0 0100101|0000|010 0x1282
9 1 0101000|0000|101 0x1405
9 2 0101010|0101|110 0x152E
b 0 0011010|1010|011 0x0D53
b 1 0011011|1001|110 0x0DCE
BX = 010 Event : 75
2 0 0011100|0010|001 0x0E11
2 1 0011101|0100|001 0x0EA1
2 2 0100101|0011|011 0x129B
2 3 0101000|0110|101 0x1435
4 0 0000100|1010|100 0x0254
5 0 0001001|1001|101 0x04CD
6 0 0001011|1011|000 0x05D8
6 1 0001111|1000|011 0x07C3
9 0 0110001|0000|001 0x1881
9 1 0110100|0000|001 0x1A01
9 2 0111001|0010|001 0x1C91
9 3 0111011|0001|001 0x1D89
a 0 0111111|0011|100 0x1F9C
a 1 1000001|0000|100 0x2084
c 0 0101110|0010|110 0x1716
BX = 011 Event : 76
1 0 0010100|0101|011 0x0A2B
1 1 0010101|0000|011 0x0A83
2 0 0101000|0100|110 0x1426
3 0 0000000|0011|011 0x001B
3 1 0000001|0011|011 0x009B
4 0 0000101|1010|100 0x02D4
4 1 0000110|1010|001 0x0351
4 2 0001000|0010|111 0x0417
4 3 0001001|1010|111 0x04D7
4 4 0001010|1000|111 0x0547
6 0 0001101|0010|011 0x0693
8 0 0111101|0001|111 0x1E8F
8 1 0111110|0100|111 0x1F27
9 0 0111100|0100|001 0x1E21
9 1 1000010|0100|001 0x2121
a 0 1000111|0111|100 0x23BC
a 1 1001101|0010|101 0x2695
c 0 0110001|0010|001 0x1891
c 1 0110010|0011|001 0x1919
c 2 0110110|0011|110 0x1B1E
BX = 100 Event : 77
1 0 0010110|0000|011 0x0B03
1 1 0010111|0101|110 0x0BAE
2 0 0011100|0000|001 0x0E01
4 0 0001011|0011|111 0x059F
5 0 0001111|1001|101 0x07CD
6 0 0001100|1000|000 0x0640
6 1 0001101|1010|000 0x06D0
6 2 0001110|1001|000 0x0748
6 3 0010010|1001|010 0x094A
9 0 0101011|0100|100 0x15A4
9 1 0101100|0000|001 0x1601
9 2 0110000|0110|110 0x1836
9 3 0110001|0011|110 0x189E
9 4 0110011|0011|100 0x199C
9 5 0110110|0010|111 0x1B17
a 0 0111000|0000|111 0x1C07
a 1 0111001|0010|100 0x1C94
a 2 0111010|0000|110 0x1D06
a 3 0111011|0010|100 0x1D94
a 4 0111100|0110|100 0x1E34
c 0 0100111|1001|111 0x13CF
BX = 101 Event : 78
1 0 0000111|0000|000 0x0380
1 1 0001010|0010|001 0x0511
4 0 0000011|0010|111 0x0197
6 0 0000101|1010|011 0x02D3
8 0 0100001|0000|110 0x1086
8 1 0100010|0000|111 0x1107
a 0 0101000|0101|000 0x1428
a 1 0101010|0000|001 0x1501
a 2 0101100|0110|100 0x1634
b 0 0010010|0001|011 0x090B
b 1 0010011|1010|110 0x09D6
b 2 0101110|0011|000 0x1718
c 0 0010111|0001|100 0x0B8C
c 1 0011001|0001|001 0x0C89
c 2 0011010|0001|001 0x0D09
c 3 0011011|1011|001 0x0DD9
c 4 0011110|1001|111 0x0F4F
BX = 110 Event : 79
1 0 0001101|0000|001 0x0681
1 1 0001110|0100|001 0x0721
1 2 0001111|0100|000 0x07A0
1 3 0010001|0010|011 0x0893
1 4 0010010|0110|001 0x0931
1 5 0010101|0001|101 0x0A8D
1 6 0010110|0101|100 0x0B2C
2 0 0011000|0010|001 0x0C11
2 1 0011001|0001|001 0x0C89
4 0 0000110|1000|111 0x0347
5 0 0001010|1010|101 0x0555
9 0 0100010|0110|110 0x1136
a 0 0100111|0001|100 0x138C
a 1 0101010|0110|001 0x1531
a 2 0101011|0001|100 0x158C
d 0 0011101|0001|010 0x0E8A
BX = 111 Event : 80
1 0 0011001|0100|110 0x0CA6
1 1 0011010|0001|101 0x0D0D
1 2 0011101|0010|111 0x0E97
2 0 0100101|0000|110 0x1286
3 0 0000010|0011|011 0x011B
3 1 0000011|0011|011 0x019B
4 0 0000110|1001|001 0x0349
9 0 1000101|0000|010 0x2282
9 1 1000110|0101|001 0x2329
9 2 1001010|0010|110 0x2516
9 3 1001011|0100|100 0x25A4
9 4 1010000|0000|111 0x2807
9 5 1010001|0000|111 0x2887
a 0 1010111|0000|101 0x2B85
a 1 1011000|0110|100 0x2C34
b 0 0101000|1011|110 0x145E
b 1 0101001|0010|110 0x1496
b 2 0101100|0001|011 0x160B
b 3 0101101|0010|110 0x1696
b 4 0101110|0010|011 0x1713
b 5 1011001|0110|000 0x2CB0
c 0 0110000|0000|100 0x1804
c 1 0110001|1000|001 0x18C1
c 2 0110010|0000|001 0x1901
d 0 0110101|0001|010 0x1A8A
d 1 0110110|1000|010 0x1B42
d 2 0110111|1011|010 0x1BDA
BX = 000 Event : 81
1 0 0010100|0001|000 0x0A08
2 0 0011011|0011|011 0x0D9B
2 1 0011100|0001|011 0x0E0B
2 2 0011111|0011|101 0x0F9D
3 0 0000010|1010|011 0x0153
3 1 0100000|0110|001 0x1031
3 2 0100001|0011|001 0x1099
3 3 0100010|0100|000 0x1120
4 0 0000111|1001|001 0x03C9
5 0 0001010|1011|010 0x055A
6 0 0001100|1000|000 0x0640
9 0 0110001|0101|100 0x18AC
a 0 0110010|0000|000 0x1900
b 0 0100110|0001|011 0x130B
c 0 0101000|0011|100 0x141C
BX = 001 Event : 82
1 0 0001111|0001|000 0x0788
1 1 0010011|0101|010 0x09AA
2 0 0011100|0100|010 0x0E22
2 1 0011101|0100|010 0x0EA2
2 2 0011111|0001|110 0x0F8E
9 0 0101011|0100|011 0x15A3
a 0 0101110|0101|000 0x1728
BX = 010 Event : 83
0 0 0010101|0000|111 0x0A87
1 0 0011001|0110|100 0x0CB4
1 1 0011010|0000|100 0x0D04
1 2 0011011|0101|100 0x0DAC
2 0 0011101|0100|101 0x0EA5
3 0 0000010|1010|011 0x0153
3 1 0011110|0010|000 0x0F10
5 0 0001101|1011|101 0x06DD
6 0 0001110|1010|011 0x0753
9 0 0110011|0010|100 0x1994
9 1 0110100|0000|001 0x1A01
a 0 0111001|0110|010 0x1CB2
a 1 0111010|0101|010 0x1D2A
a 2 0111011|0101|110 0x1DAE
a 3 0111101|0001|110 0x1E8E
a 4 0111110|0101|111 0x1F2F
c 0 0100110|0001|100 0x130C
c 1 0100111|0001|100 0x138C
c 2 0101000|1010|001 0x1451
c 3 0101010|1010|111 0x1557
e 0 0101111|0001|101 0x178D
BX = 011 Event : 84
1 0 0010010|0100|001 0x0921
1 1 0010111|0000|000 0x0B80
1 2 0011000|0100|000 0x0C20
1 3 0011001|0100|000 0x0CA0
1 4 0011111|0000|010 0x0F82
1 5 0100001|0101|111 0x10AF
2 0 0100101|0101|100 0x12AC
3 0 0000010|1011|110 0x015E
3 1 0000011|1011|111 0x01DF
3 2 0000100|1011|011 0x025B
4 0 0000111|1010|100 0x03D4
4 1 0001000|1001|001 0x0449
4 2 0001100|0011|111 0x061F
5 0 0001001|1001|010 0x04CA
5 1 0001010|1010|010 0x0552
5 2 0001011|1010|010 0x05D2
9 0 0111110|0010|001 0x1F11
9 1 1000011|0010|100 0x2194
a 0 1000111|0011|100 0x239C
a 1 1001101|0110|111 0x26B7
b 0 1001100|0010|001 0x2611
e 0 0111000|0011|110 0x1C1E
BX = 100 Event : 85
1 0 0011000|0000|000 0x0C00
1 1 0011011|0010|011 0x0D93
2 0 0100100|0001|000 0x1208
2 1 0100110|0011|100 0x131C
2 2 0100111|0001|011 0x138B
2 3 0101011|0011|100 0x159C
2 4 0101110|0001|110 0x170E
3 0 0000000|0001|011 0x000B
3 1 0000001|0010|011 0x0093
3 2 0101100|0100|001 0x1621
3 3 0101101|0110|000 0x16B0
4 0 0000100|0000|100 0x0204
4 1 0000101|0000|001 0x0281
5 0 0001010|1000|010 0x0542
6 0 0001111|1011|000 0x07D8
6 1 0010011|0010|011 0x0993
8 0 0111011|0001|111 0x1D8F
8 1 0111100|0001|111 0x1E0F
9 0 0111010|0100|001 0x1D21
9 1 1000000|0001|100 0x200C
9 2 1000001|0100|011 0x20A3
9 3 1000010|0010|001 0x2111
9 4 1000110|0010|100 0x2314
9 5 1000111|0101|100 0x23AC
a 0 1010000|0010|100 0x2814
a 1 1010001|0101|100 0x28AC
a 2 1010010|0011|100 0x291C
a 3 1010101|0001|010 0x2A8A
a 4 1011000|0110|111 0x2C37
a 5 1011001|0110|101 0x2CB5
a 6 1011010|0110|101 0x2D35
a 7 1011011|0110|100 0x2DB4
a 8 1011100|0011|100 0x2E1C
b 0 1011110|0001|001 0x2F09
e 0 0111000|1010|011 0x1C53
BX = 101 Event : 86
0 0 0001110|0000|111 0x0707
0 1 0001111|0100|111 0x07A7
1 0 0010001|0010|011 0x0893
1 1 0010101|0011|110 0x0A9E
2 0 0011010|0001|000 0x0D08
2 1 0011011|0110|000 0x0DB0
2 2 0011100|0110|101 0x0E35
3 0 0000001|1001|011 0x00CB
4 0 0000100|1010|100 0x0254
6 0 0001101|1010|110 0x06D6
9 0 0110110|0001|100 0x1B0C
9 1 0111000|0001|101 0x1C0D
9 2 0111001|0100|100 0x1CA4
9 3 0111010|0001|100 0x1D0C
b 0 0100000|1011|011 0x105B
b 1 0100001|1010|011 0x10D3
b 2 0100010|1010|011 0x1153
d 0 0100111|0010|010 0x1392
d 1 0101001|0011|010 0x149A
d 2 0101011|0011|101 0x159D
e 0 0101010|1011|000 0x1558
BX = 110 Event : 87
1 0 0001100|0000|000 0x0600
1 1 0010100|0010|100 0x0A14
1 2 0010110|0110|011 0x0B33
1 3 0010111|0101|110 0x0BAE
1 4 0011011|0011|100 0x0D9C
4 0 0000011|0011|001 0x0199
4 1 0000111|1011|111 0x03DF
8 0 0110010|0000|110 0x1906
9 0 0110111|0010|100 0x1B94
9 1 0111000|0001|010 0x1C0A
9 2 0111001|0011|101 0x1C9D
a 0 0111101|0000|100 0x1E84
a 1 0111110|0110|100 0x1F34
BX = 111 Event : 88
1 0 0010100|0100|100 0x0A24
1 1 0010101|0000|100 0x0A84
1 2 0011000|0101|110 0x0C2E
1 3 0011011|0000|100 0x0D84
1 4 0011100|0001|100 0x0E0C
3 0 0000010|1010|011 0x0153
4 0 0000011|0000|100 0x0184
4 1 0000100|1010|100 0x0254
4 2 0000101|0010|001 0x0291
4 3 0001000|1000|111 0x0447
4 4 0001001|0001|111 0x048F
5 0 0001010|0000|010 0x0502
5 1 0001101|0000|101 0x0685
9 0 0111110|0101|110 0x1F2E
a 0 1000000|0010|101 0x2015
b 0 0100101|1001|011 0x12CB
b 1 0100110|0001|011 0x130B
b 2 0100111|1010|011 0x13D3
c 0 0101100|1010|001 0x1651
BX = 000 Event : 89
1 0 0001111|0100|101 0x07A5
1 1 0010000|0001|101 0x080D
2 0 0010010|0101|001 0x0929
2 1 0010100|0001|101 0x0A0D
5 0 0000111|0001|010 0x038A
6 0 0001001|1011|000 0x04D8
6 1 0001010|0010|110 0x0516
6 2 0001011|0100|010 0x05A2
6 3 0001100|0011|011 0x061B
8 0 0100010|0001|110 0x110E
9 0 0101010|0010|101 0x1515
a 0 0110110|0010|101 0x1B15
c 0 0011101|0001|111 0x0E8F
d 0 0011110|0001|101 0x0F0D
BX = 001 Event : 90
1 0 0000101|0000|001 0x0281
1 1 0000110|0001|011 0x030B
1 2 0000111|0000|011 0x0383
1 3 0001101|0011|100 0x069C
1 4 0001110|0101|100 0x072C
1 5 0001111|0101|100 0x07AC
2 0 0010011|0010|011 0x0993
2 1 0011010|0101|100 0x0D2C
2 2 0011101|0101|111 0x0EAF
8 0 0101001|0001|110 0x148E
9 0 0101010|0000|011 0x1503
9 1 0101011|0100|001 0x15A1
9 2 0101111|0101|110 0x17AE
9 3 0110001|0110|100 0x18B4
a 0 0110011|0101|101 0x19AD
a 1 0110110|0100|101 0x1B25
b 0 0011110|0011|110 0x0F1E
c 0 0100000|0000|100 0x1004
c 1 0100001|1000|100 0x10C4
e 0 0101000|0001|101 0x140D
BX = 010 Event : 91
1 0 0010010|0010|100 0x0914
1 1 0010011|0101|001 0x09A9
1 2 0010111|0110|110 0x0BB6
1 3 0011010|0000|101 0x0D05
1 4 0011011|0001|101 0x0D8D
2 0 0100000|0110|010 0x1032
2 1 0100001|0110|100 0x10B4
4 0 0000011|0001|100 0x018C
4 1 0001000|0001|111 0x040F
4 2 0001001|1010|111 0x04D7
6 0 0001111|1010|110 0x07D6
9 0 0110110|0000|010 0x1B02
9 1 0110111|0000|001 0x1B81
9 2 0111000|0101|001 0x1C29
9 3 0111011|0100|101 0x1DA5
9 4 0111101|0101|101 0x1EAD
9 5 0111110|0101|100 0x1F2C
a 0 0111111|0100|001 0x1FA1
a 1 1000010|0010|100 0x2114
b 0 0100010|0011|011 0x111B
c 0 0101001|1011|001 0x14D9
BX = 011 Event : 92
1 0 0010000|0000|000 0x0800
1 1 0010011|0000|001 0x0981
1 2 0010111|0101|110 0x0BAE
1 3 0011000|0010|100 0x0C14
1 4 0011001|0010|100 0x0C94
1 5 0011010|0001|100 0x0D0C
2 0 0011101|0001|001 0x0E89
3 0 0000010|1010|011 0x0153
4 0 0000100|0000|100 0x0204
4 1 0000101|1010|100 0x02D4
4 2 0000110|0010|001 0x0311
4 3 0001001|1001|111 0x04CF
4 4 0001010|0001|111 0x050F
5 0 0001011|0000|010 0x0582
5 1 0001110|0000|101 0x0705
9 0 0111000|0010|011 0x1C13
9 1 0111111|0010|111 0x1F97
9 2 1000000|0101|110 0x202E
a 0 1000010|0010|101 0x2115
b 0 0100011|0001|110 0x118E
b 1 0100101|1001|011 0x12CB
b 2 0100110|0010|011 0x1313
b 3 0100111|1010|011 0x13D3
b 4 0101000|1010|011 0x1453
c 0 0101101|1011|001 0x16D9
BX = 100 Event : 93
0 0 0010010|0100|111 0x0927
0 1 0010011|0000|110 0x0986
1 0 0011011|0010|010 0x0D92
1 1 0100010|0101|111 0x112F
2 0 0100001|0010|001 0x1091
2 1 0100011|0011|001 0x1199
2 2 0101000|0001|111 0x140F
4 0 0000110|1001|100 0x034C
4 1 0000111|0011|100 0x039C
4 2 0001000|0001|001 0x0409
4 3 0001100|1010|111 0x0657
5 0 0001111|0001|101 0x078D
9 0 0111111|0100|100 0x1FA4
9 1 1000000|0000|100 0x2004
9 2 1000001|0010|011 0x2093
9 3 1000010|0100|010 0x2122
9 4 1000011|0101|010 0x21AA
9 5 1000100|0000|001 0x2201
9 6 1000101|0001|001 0x2289
9 7 1000110|0001|001 0x2309
9 8 1001000|0000|110 0x2406
a 0 1001100|0010|001 0x2611
a 1 1010000|0011|001 0x2819
a 2 1010001|0110|100 0x28B4
a 3 1010101|0101|110 0x2AAE
a 4 1010110|0101|101 0x2B2D
a 5 1010111|0101|100 0x2BAC
a 6 1011001|0110|110 0x2CB6
b 0 0101010|0001|110 0x150E
b 1 0101100|0010|011 0x1613
b 2 1011000|0001|001 0x2C09
c 0 0110001|0010|111 0x1897
e 0 0111000|0010|011 0x1C13
BX = 101 Event : 94
1 0 0001001|0000|001 0x0481
1 1 0001010|0001|011 0x050B
1 2 0001011|0010|011 0x0593
1 3 0001110|0011|100 0x071C
1 4 0001111|0101|100 0x07AC
2 0 0010110|0101|100 0x0B2C
3 0 0000001|0001|011 0x008B
3 1 0000010|0011|011 0x011B
3 2 0000011|1001|011 0x01CB
3 3 0010111|0011|001 0x0B99
9 0 0100011|0100|001 0x11A1
9 1 0101000|0001|110 0x140E
a 0 0101100|0101|101 0x162D
a 1 0101111|0100|101 0x17A5
b 0 0011001|0011|110 0x0C9E
c 0 0011010|1000|100 0x0D44
c 1 0011011|0000|100 0x0D84
BX = 110 Event : 95
1 0 0010000|0101|011 0x082B
1 1 0010101|0110|110 0x0AB6
2 0 0011010|0101|011 0x0D2B
2 1 0011111|0100|110 0x0FA6
3 0 0000000|0011|011 0x001B
4 0 0000010|1010|100 0x0154
4 1 0000011|0010|111 0x0197
4 2 0000100|1010|111 0x0257
8 0 0110011|0001|111 0x198F
8 1 0110100|0100|111 0x1A27
9 0 0110010|0100|001 0x1921
9 1 0111000|0100|010 0x1C22
9 2 0111001|0100|001 0x1CA1
a 0 0111100|0001|001 0x1E09
a 1 1000001|0001|001 0x2089
a 2 1000100|0101|111 0x222F
a 3 1000101|0010|101 0x2295
a 4 1000111|0110|111 0x23B7
c 0 0101010|0010|001 0x1511
c 1 0101011|0011|001 0x1599
c 2 0101110|0010|110 0x1716
BX = 111 Event : 96
0 0 0001010|0000|111 0x0507
0 1 0001011|0100|110 0x05A6
1 0 0001111|0110|011 0x07B3
1 1 0010000|0010|110 0x0816
2 0 0010110|0010|110 0x0B16
4 0 0000100|1010|001 0x0251
9 0 0101111|0110|100 0x17B4
a 0 0110001|0001|010 0x188A
a 1 0110010|0010|010 0x1912
e 0 0100000|0011|000 0x1018
BX = 000 Event : 97
1 0 0001010|0000|001 0x0501
1 1 0001011|0000|000 0x0580
1 2 0001101|0101|011 0x06AB
2 0 0011000|0000|111 0x0C07
4 0 0000110|0010|111 0x0317
6 0 0001000|1010|011 0x0453
a 0 0110101|0110|100 0x1AB4
a 1 0110111|0000|111 0x1B87
b 0 0011001|1010|110 0x0CD6
c 0 0011011|1011|100 0x0DDC
c 1 0011100|0001|100 0x0E0C
c 2 0011101|0001|001 0x0E89
c 3 0011110|1001|001 0x0F49
c 4 0011111|1011|001 0x0FD9
c 5 0100000|1001|111 0x104F
c 6 0100001|1010|110 0x10D6
c 7 0100010|1000|110 0x1146
BX = 001 Event : 98
0 0 0010110|0000|110 0x0B06
1 0 0010000|0000|001 0x0801
1 1 0010010|0000|000 0x0900
1 2 0010011|0100|000 0x09A0
1 3 0010100|0100|000 0x0A20
2 0 0100000|0101|100 0x102C
2 1 0100001|0001|110 0x108E
2 2 0100010|0010|100 0x1114
2 3 0100100|0110|110 0x1236
3 0 0000100|1011|110 0x025E
4 0 0000110|0001|100 0x030C
8 0 0110000|0001|111 0x180F
b 0 0101000|0010|011 0x1413
b 1 0111001|0100|001 0x1CA1
BX = 010 Event : 99
1 0 0010000|0001|001 0x0809
1 1 0010101|0010|001 0x0A91
1 2 0010110|0001|001 0x0B09
1 3 0010111|0001|001 0x0B89
1 4 0011000|0110|110 0x0C36
1 5 0011001|0001|101 0x0C8D
1 6 0011011|0010|111 0x0D97
1 7 0011100|0100|111 0x0E27
2 0 0100010|0000|110 0x1106
3 0 0000001|0011|111 0x009F
4 0 0000011|1001|001 0x01C9
4 1 0000111|1011|111 0x03DF
8 0 0111101|0000|111 0x1E87
9 0 0111011|0100|000 0x1DA0
9 1 1000100|0000|010 0x2202
9 2 1000101|0101|001 0x22A9
9 3 1001010|0100|100 0x2524
9 4 1001101|0000|111 0x2687
9 5 1001110|0100|111 0x2727
a 0 1010011|0000|101 0x2985
a 1 1010100|0101|100 0x2A2C
a 2 1010101|0110|100 0x2AB4
b 0 0100111|1011|110 0x13DE
b 1 0101000|0011|110 0x141E
b 2 0101011|0000|011 0x1583
b 3 0101100|0010|110 0x1616
b 4 1010110|0101|000 0x2B28
d 0 0110000|0001|010 0x180A
d 1 0110001|1000|010 0x18C2
d 2 0110010|1011|010 0x195A
BX = 011 Event : 100
1 0 0001011|0000|001 0x0581
1 1 0001100|0100|001 0x0621
1 2 0010010|0100|101 0x0925
1 3 0010011|0010|100 0x0994
1 4 0010100|0011|100 0x0A1C
2 0 0011110|0001|011 0x0F0B
4 0 0000010|1010|100 0x0154
4 1 0000011|0011|001 0x0199
6 0 0001001|0000|110 0x0486
9 0 0101011|0100|100 0x15A4
a 0 0110000|0110|010 0x1832
b 0 0100010|0011|011 0x111B
c 0 0100100|0010|100 0x1214
