BX = 000 Event : 1
1 0 0001100|0101|101 0x062D
1 1 0010010|0001|111 0x090F
2 0 0011011|0100|001 0x0DA1
4 0 0000000|1011|101 0x005D
4 1 0000100|1010|111 0x0257
5 0 0000011|1001|010 0x01CA
6 0 0001011|1001|110 0x05CE
9 0 0110101|0010|110 0x1A96
9 1 0110111|0101|100 0x1BAC
9 2 0111010|0011|100 0x1D1C
a 0 0111100|0001|000 0x1E08
a 1 0111101|0001|000 0x1E88
c 0 0100111|0001|001 0x1389
d 0 0101001|0000|010 0x1482
d 1 0101110|1000|101 0x1745
e 0 0101111|1011|000 0x17D8
BX = 001 Event : 2
1 0 0010100|0100|011 0x0A23
1 1 0010110|0100|011 0x0B23
1 2 0011000|0101|101 0x0C2D
1 3 0011001|0000|100 0x0C84
1 4 0011010|0100|100 0x0D24
1 5 0011011|0001|101 0x0D8D
2 0 0011101|0010|001 0x0E91
2 1 0011110|0100|011 0x0F23
4 0 0000110|1001|101 0x034D
4 1 0000111|0010|101 0x0395
6 0 0010000|0001|000 0x0808
6 1 0010001|1011|001 0x08D9
9 0 0110101|0001|011 0x1A8B
9 1 0110111|0010|110 0x1B96
b 0 0101000|0001|110 0x140E
b 1 0101010|0010|011 0x1513
c 0 0101101|0000|111 0x1687
d 0 0101011|0011|010 0x159A
d 1 0101100|0011|010 0x161A
d 2 0101110|0010|010 0x1712
e 0 0110000|1010|110 0x1856
e 1 0110001|1000|110 0x18C6
BX = 010 Event : 3
1 0 0010111|0100|110 0x0BA6
1 1 0011001|0101|101 0x0CAD
1 2 0011101|0110|110 0x0EB6
1 3 0100011|0001|100 0x118C
1 4 0101001|0000|111 0x1487
2 0 0101000|0010|001 0x1411
2 1 0101101|0011|011 0x169B
3 0 0000000|0000|110 0x0006
4 0 0000111|1001|001 0x03C9
4 1 0001001|0011|111 0x049F
4 2 0001010|0011|111 0x051F
5 0 0001000|1000|010 0x0442
5 1 0001110|1010|101 0x0755
6 0 0001100|1011|000 0x0658
6 1 0001111|0010|001 0x0791
6 2 0010010|1010|110 0x0956
9 0 1000001|0010|100 0x2094
9 1 1000011|0101|100 0x21AC
9 2 1001000|0010|100 0x2414
9 3 1001100|0010|111 0x2617
a 0 1010010|0010|111 0x2917
a 1 1010011|0010|111 0x2997
c 0 0110011|0001|100 0x198C
c 1 0110100|0010|111 0x1A17
c 2 0110101|1010|111 0x1AD7
d 0 0111001|0011|101 0x1C9D
e 0 0111011|1010|110 0x1DD6
BX = 011 Event : 4
1 0 0010011|0001|110 0x098E
1 1 0010100|0000|101 0x0A05
1 2 0010101|0001|110 0x0A8E
1 3 0010110|0001|100 0x0B0C
3 0 0011111|0110|000 0x0FB0
6 0 0001111|0011|110 0x079E
9 0 0111000|0100|110 0x1C26
a 0 0111011|0101|010 0x1DAA
a 1 1000010|0100|111 0x2127
b 0 0100001|0001|011 0x108B
b 1 0100010|0010|011 0x1113
b 2 0100100|0011|110 0x121E
b 3 0100101|1010|011 0x12D3
b 4 0100110|0011|011 0x131B
b 5 0100111|0001|011 0x138B
c 0 0101100|0011|001 0x1619
d 0 0110001|1000|101 0x18C5
BX = 100 Event : 5
1 0 0001011|0010|110 0x0596
1 1 0001100|0100|110 0x0626
1 2 0001110|0110|101 0x0735
2 0 0010100|0001|001 0x0A09
2 1 0010111|0110|001 0x0BB1
2 2 0011001|0001|100 0x0C8C
2 3 0011010|0011|011 0x0D1B
3 0 0000000|0010|110 0x0016
4 0 0000010|1011|001 0x0159
4 1 0000101|0011|111 0x029F
5 0 0000111|1001|101 0x03CD
9 0 0101010|0010|110 0x1516
9 1 0101011|0100|101 0x15A5
9 2 0101100|0100|100 0x1624
a 0 0110110|0010|001 0x1B11
a 1 0111000|0010|001 0x1C11
c 0 0011111|0010|001 0x0F91
c 1 0100001|1010|111 0x10D7
BX = 101 Event : 6
1 0 0010000|0100|110 0x0826
1 1 0010001|0010|101 0x0895
1 2 0010101|0010|100 0x0A94
2 0 0010110|0100|001 0x0B21
2 1 0010111|0110|001 0x0BB1
2 2 0011001|0001|001 0x0C89
2 3 0011011|0101|011 0x0DAB
2 4 0011100|0100|011 0x0E23
2 5 0011110|0110|110 0x0F36
3 0 0000011|0011|011 0x019B
3 1 0100001|0011|001 0x1099
3 2 0100010|0000|000 0x1100
4 0 0000110|1000|101 0x0345
4 1 0000111|1010|101 0x03D5
4 2 0001001|0010|001 0x0491
4 3 0001011|0010|111 0x0597
6 0 0001110|0001|001 0x0709
9 0 0110000|0010|110 0x1816
9 1 0110001|0101|101 0x18AD
9 2 0110010|0110|101 0x1935
9 3 0110100|0000|101 0x1A05
9 4 0110101|0110|100 0x1AB4
9 5 0111001|0010|110 0x1C96
a 0 0111010|0011|011 0x1D1B
a 1 0111100|0000|011 0x1E03
a 2 0111110|0001|010 0x1F0A
a 3 0111111|0100|010 0x1FA2
a 4 1000000|0110|010 0x2032
a 5 1000001|0100|111 0x20A7
b 0 0100110|1010|110 0x1356
e 0 0101110|1001|000 0x1748
BX = 110 Event : 7
1 0 0010111|0100|100 0x0BA4
1 1 0011100|0101|110 0x0E2E
1 2 0011101|0001|110 0x0E8E
1 3 0011111|0110|110 0x0FB6
2 0 0100001|0010|001 0x1091
2 1 0101001|0010|011 0x1493
2 2 0101010|0001|111 0x150F
2 3 0110001|0000|111 0x1887
2 4 0110010|0000|111 0x1907
3 0 0000000|0000|110 0x0006
3 1 0000001|0010|011 0x0093
3 2 0000010|1000|110 0x0146
3 3 0000011|0011|011 0x019B
5 0 0001110|0011|101 0x071D
6 0 0010011|1001|110 0x09CE
6 1 0010100|0000|011 0x0A03
9 0 0111111|0001|100 0x1F8C
9 1 1000001|0010|100 0x2094
9 2 1000101|0000|100 0x2284
a 0 1001001|0101|001 0x24A9
a 1 1001010|0001|100 0x250C
a 2 1001011|0110|010 0x25B2
a 3 1001110|0010|110 0x2716
a 4 1001111|0100|100 0x27A4
d 0 0111101|0000|101 0x1E85
e 0 0111010|0000|000 0x1D00
e 1 0111011|1000|000 0x1DC0
e 2 0111110|1001|010 0x1F4A
BX = 111 Event : 8
2 0 0010111|0100|001 0x0BA1
2 1 0011000|0110|000 0x0C30
2 2 0011001|0000|001 0x0C81
3 0 0000001|1000|011 0x00C3
5 0 0001100|0010|010 0x0612
5 1 0001111|0100|101 0x07A5
9 0 0111000|0101|111 0x1C2F
a 0 0110110|0100|000 0x1B20
a 1 0110111|0100|000 0x1BA0
a 2 0111001|0000|001 0x1C81
a 3 0111101|0110|011 0x1EB3
a 4 0111111|0010|010 0x1F92
a 5 1000000|0110|001 0x2031
a 6 1000101|0011|101 0x229D
a 7 1001000|0011|111 0x241F
b 0 0011100|1001|110 0x0E4E
c 0 0100110|0000|111 0x1307
c 1 0100111|1001|111 0x13CF
d 0 0100100|1010|010 0x1252
d 1 0101101|1001|101 0x16CD
d 2 0101110|0011|101 0x171D
e 0 0110000|1010|010 0x1852
e 1 0110001|0011|010 0x189A
BX = 000 Event : 9
1 0 0001010|0000|011 0x0503
1 1 0001100|0001|111 0x060F
1 2 0001110|0110|100 0x0734
1 3 0001111|0110|100 0x07B4
1 4 0010000|0101|111 0x082F
1 5 0010001|0101|111 0x08AF
2 0 0010100|0110|110 0x0A36
3 0 0000000|1011|011 0x005B
3 1 0000011|0011|110 0x019E
3 2 0010111|0011|000 0x0B98
9 0 0100010|0101|110 0x112E
9 1 0100011|0010|110 0x1196
9 2 0100100|0110|110 0x1236
a 0 0101100|0011|110 0x161E
c 0 0011010|1010|100 0x0D54
e 0 0100001|0001|110 0x108E
BX = 001 Event : 10
1 0 0010011|0110|101 0x09B5
1 1 0010110|0010|111 0x0B17
2 0 0011010|0110|010 0x0D32
4 0 0000000|1010|101 0x0055
4 1 0000001|1010|001 0x00D1
4 2 0000101|1000|111 0x02C7
4 3 0000111|1000|111 0x03C7
5 0 0000100|1001|010 0x024A
5 1 0001011|1001|101 0x05CD
5 2 0001100|0010|101 0x0615
9 0 0101011|0110|100 0x15B4
9 1 0101100|0100|100 0x1624
a 0 0110010|0100|010 0x1922
b 0 0100000|0000|110 0x1006
b 1 0100001|1011|011 0x10DB
b 2 0110110|0001|000 0x1B08
c 0 0100110|0011|111 0x131F
BX = 010 Event : 11
1 0 0001010|0000|100 0x0504
1 1 0001011|0101|100 0x05AC
1 2 0001100|0000|011 0x0603
1 3 0001111|0110|101 0x07B5
1 4 0010101|0100|111 0x0AA7
2 0 0010100|0010|000 0x0A10
3 0 0000000|1010|011 0x0053
3 1 0000001|1001|110 0x00CE
5 0 0000100|1000|010 0x0242
6 0 0000110|0011|000 0x0318
a 0 0101100|0000|001 0x1601
a 1 0101111|0101|010 0x17AA
a 2 0110010|0110|100 0x1934
a 3 0110011|0110|111 0x19B7
d 0 0100001|1010|010 0x10D2
d 1 0100010|1001|010 0x114A
d 2 0100011|1011|010 0x11DA
BX = 011 Event : 12
1 0 0001110|0100|100 0x0724
1 1 0010010|0010|110 0x0916
1 2 0010100|0100|110 0x0A26
2 0 0011010|0111|100 0x0D3C
2 1 0011011|0101|100 0x0DAC
3 0 0000000|0010|110 0x0016
3 1 0000001|0000|110 0x0086
3 2 0000011|0010|011 0x0193
3 3 0000100|1011|110 0x025E
3 4 0000101|1000|110 0x02C6
3 5 0000110|0001|011 0x030B
3 6 0000111|0001|011 0x038B
6 0 0001101|0011|011 0x069B
9 0 0110000|0100|100 0x1824
9 1 0110001|0000|110 0x1886
9 2 0110011|0000|110 0x1986
9 3 0110100|0010|110 0x1A16
9 4 0110110|0010|111 0x1B17
a 0 0110111|0010|001 0x1B91
a 1 0111101|0100|010 0x1EA2
a 2 0111111|0001|010 0x1F8A
a 3 1000000|0101|010 0x202A
a 4 1000101|0101|100 0x22AC
a 5 1000110|0101|100 0x232C
b 0 0100000|1010|110 0x1056
b 1 0100001|0000|110 0x1086
b 2 1000111|0100|000 0x23A0
c 0 0100111|0010|001 0x1391
c 1 0101001|0011|111 0x149F
d 0 0101100|1010|101 0x1655
d 1 0101101|0011|101 0x169D
d 2 0101110|0100|101 0x1725
BX = 100 Event : 13
2 0 0001101|0011|101 0x069D
3 0 0001110|0100|000 0x0720
4 0 0000011|0010|001 0x0191
4 1 0000101|1011|111 0x02DF
9 0 0011010|0000|011 0x0D03
9 1 0011100|0100|110 0x0E26
9 2 0100000|0000|101 0x1005
a 0 0100101|0110|001 0x12B1
a 1 0100111|0101|100 0x13AC
a 2 0101000|0010|100 0x1414
a 3 0101100|0010|100 0x1614
b 0 0101110|0100|001 0x1721
c 0 0010100|1010|111 0x0A57
BX = 101 Event : 14
1 0 0010010|0010|100 0x0914
1 1 0010011|0110|100 0x09B4
2 0 0010110|0110|011 0x0B33
2 1 0010111|0110|001 0x0BB1
2 2 0011000|0011|110 0x0C1E
2 3 0011100|0001|111 0x0E0F
5 0 0001001|0010|010 0x0492
9 0 0110011|0100|100 0x19A4
a 0 0111001|0110|011 0x1CB3
a 1 0111010|0011|010 0x1D1A
a 2 0111110|0101|110 0x1F2E
a 3 0111111|0110|110 0x1FB6
b 0 0011101|0001|011 0x0E8B
e 0 0101000|0000|000 0x1400
e 1 0110010|0010|010 0x1912
BX = 110 Event : 15
1 0 0001100|0000|110 0x0606
1 1 0001101|0001|110 0x068E
1 2 0001110|0101|101 0x072D
1 3 0010010|0001|110 0x090E
1 4 0010011|0010|110 0x0996
1 5 0010100|0010|111 0x0A17
2 0 0010101|0010|001 0x0A91
2 1 0011000|0010|110 0x0C16
4 0 0000011|0010|001 0x0191
4 1 0000100|1011|101 0x025D
4 2 0000101|0010|001 0x0291
9 0 0110000|0000|111 0x1807
a 0 0110100|0011|010 0x1A1A
b 0 0011010|1000|110 0x0D46
b 1 0011011|1010|011 0x0DD3
c 0 0011110|0000|100 0x0F04
d 0 0100011|1011|101 0x11DD
BX = 111 Event : 16
1 0 0000011|0100|100 0x01A4
2 0 0000101|0110|010 0x02B2
3 0 0000111|0010|001 0x0391
9 0 0010101|0010|100 0x0A94
9 1 0010110|0110|100 0x0B34
9 2 0011010|0010|100 0x0D14
9 3 0011011|0110|100 0x0DB4
9 4 0011100|0010|100 0x0E14
9 5 0011101|0110|100 0x0EB4
a 0 0100010|0010|011 0x1113
a 1 0100100|0010|010 0x1212
a 2 0100110|0110|111 0x1337
b 0 0100101|0010|001 0x1291
c 0 0001010|1000|100 0x0544
c 1 0001011|0011|100 0x059C
c 2 0010000|0001|111 0x080F
BX = 000 Event : 17
2 0 0001110|0001|001 0x0709
3 0 0010110|0000|001 0x0B01
6 0 0001010|0000|000 0x0500
6 1 0001011|0010|011 0x0593
6 2 0001100|0000|011 0x0603
9 0 0100111|0101|110 0x13AE
9 1 0101001|0010|110 0x1496
9 2 0101010|0101|101 0x152D
9 3 0101100|0001|110 0x160E
a 0 0110101|0101|100 0x1AAC
b 0 0011000|0010|011 0x0C13
b 1 0011010|0000|011 0x0D03
c 0 0011100|1000|001 0x0E41
d 0 0011110|0010|010 0x0F12
d 1 0011111|0001|010 0x0F8A
e 0 0100000|1010|000 0x1050
e 1 0100010|1011|000 0x1158
e 2 0100011|0011|010 0x119A
BX = 001 Event : 18
1 0 0001000|0001|100 0x040C
1 1 0001001|0001|100 0x048C
2 0 0010011|0001|100 0x098C
3 0 0011000|0101|000 0x0C28
5 0 0000110|1000|101 0x0345
6 0 0000011|0000|001 0x0181
6 1 0000100|0010|001 0x0211
9 0 0101000|0010|111 0x1417
9 1 0101001|0000|111 0x1487
9 2 0101010|0000|100 0x1504
9 3 0101110|0001|111 0x170F
9 4 0101111|0000|111 0x1787
b 0 0110100|0100|000 0x1A20
c 0 0011101|1001|111 0x0ECF
c 1 0011110|1001|111 0x0F4F
e 0 0100111|0001|110 0x138E
BX = 010 Event : 19
1 0 0010011|0100|110 0x09A6
1 1 0010100|0000|110 0x0A06
1 2 0010101|0110|100 0x0AB4
2 0 0010110|0001|001 0x0B09
2 1 0011001|0110|100 0x0CB4
2 2 0011011|0000|001 0x0D81
2 3 0011101|0001|110 0x0E8E
2 4 0011110|0110|100 0x0F34
3 0 0000000|1010|110 0x0056
3 1 0000001|0000|011 0x0083
3 2 0000011|0000|011 0x0183
4 0 0000100|0100|101 0x0225
4 1 0000110|0010|111 0x0317
6 0 0001100|1001|011 0x064B
9 0 0111000|0110|101 0x1C35
9 1 0111001|0011|100 0x1C9C
a 0 1000000|0011|010 0x201A
a 1 1000010|0110|100 0x2134
a 2 1000011|0100|011 0x21A3
a 3 1000100|0010|010 0x2212
b 0 0100011|1000|011 0x11C3
b 1 0100100|0011|110 0x121E
c 0 0100111|0001|001 0x1389
c 1 0101000|0100|001 0x1421
c 2 0101001|0001|001 0x1489
c 3 0101011|1011|111 0x15DF
d 0 0101010|1010|010 0x1552
e 0 0110010|1000|011 0x1943
e 1 0110011|1001|010 0x19CA
BX = 011 Event : 20
1 0 0001001|0000|100 0x0484
2 0 0010101|0110|011 0x0AB3
4 0 0000011|0011|111 0x019F
4 1 0000100|1000|111 0x0247
9 0 0100011|0010|100 0x1194
a 0 0101001|0010|100 0x1494
a 1 0101010|0011|011 0x151B
a 2 0101011|0101|110 0x15AE
a 3 0101100|0010|100 0x1614
BX = 100 Event : 21
1 0 0000110|0100|110 0x0326
5 0 0000011|0001|010 0x018A
5 1 0000100|0000|101 0x0205
6 0 0000101|1000|011 0x02C3
9 0 0100110|0101|110 0x132E
9 1 0101011|0010|111 0x1597
a 0 0101000|0110|000 0x1430
b 0 0010111|1011|110 0x0BDE
c 0 0011010|0011|001 0x0D19
c 1 0011011|0000|001 0x0D81
e 0 0100011|1010|110 0x11D6
BX = 101 Event : 22
1 0 0001011|0010|110 0x0596
1 1 0001100|0011|101 0x061D
1 2 0001101|0010|101 0x0695
2 0 0010111|0011|111 0x0B9F
2 1 0011000|0100|111 0x0C27
2 2 0011001|0010|110 0x0C96
3 0 0000001|0000|011 0x0083
4 0 0000100|0010|101 0x0215
4 1 0000110|1001|111 0x034F
5 0 0001000|1000|101 0x0445
5 1 0001001|0010|101 0x0495
9 0 0100011|0001|011 0x118B
9 1 0100100|0000|110 0x1206
9 2 0100101|0000|110 0x1286
9 3 0101010|0001|111 0x150F
9 4 0101011|0001|111 0x158F
a 0 0110011|0110|010 0x19B2
a 1 0110100|0111|001 0x1A39
b 0 0011100|1001|011 0x0E4B
BX = 110 Event : 23
1 0 0010011|0000|011 0x0983
1 1 0100000|0010|111 0x1017
2 0 0100010|0110|110 0x1136
2 1 0100011|0101|110 0x11AE
2 2 0100100|0100|110 0x1226
3 0 0000001|1001|011 0x00CB
3 1 0000010|1000|011 0x0143
3 2 0000011|1001|011 0x01CB
3 3 0000100|0000|110 0x0206
3 4 0101000|0100|001 0x1421
3 5 0101001|0101|001 0x14A9
4 0 0000110|0001|101 0x030D
4 1 0000111|0001|001 0x0389
4 2 0001010|0011|111 0x051F
5 0 0001000|1010|010 0x0452
5 1 0001001|0001|010 0x048A
5 2 0001011|1010|010 0x05D2
6 0 0001111|1010|110 0x07D6
6 1 0010000|0000|011 0x0803
9 0 0111010|0011|110 0x1D1E
a 0 0111101|0111|011 0x1EBB
b 0 1000010|0001|001 0x2109
c 0 0101111|0011|001 0x1799
e 0 0110110|1010|110 0x1B56
e 1 0110111|1010|010 0x1BD2
BX = 111 Event : 24
1 0 0000110|0010|110 0x0316
2 0 0001100|0101|010 0x062A
2 1 0001101|0001|111 0x068F
2 2 0001110|0011|100 0x071C
9 0 0011111|0010|110 0x0F96
9 1 0100000|0110|101 0x1035
9 2 0100010|0110|101 0x1135
9 3 0100110|0000|111 0x1307
a 0 0101000|0100|001 0x1421
d 0 0010101|0011|010 0x0A9A
d 1 0010111|0000|010 0x0B82
BX = 000 Event : 25
1 0 0001011|0000|011 0x0583
1 1 0001100|0110|110 0x0636
1 2 0001101|0110|111 0x06B7
1 3 0010101|0110|111 0x0AB7
4 0 0000100|1010|001 0x0251
4 1 0000101|1001|001 0x02C9
9 0 0101101|0001|101 0x168D
9 1 0101110|0110|100 0x1734
9 2 0110100|0010|111 0x1A17
a 0 0110011|0000|000 0x1980
c 0 0011111|0100|100 0x0FA4
c 1 0100000|0100|100 0x1024
c 2 0100001|1001|111 0x10CF
c 3 0100010|0011|111 0x111F
d 0 0101001|1011|101 0x14DD
e 0 0100101|1001|000 0x12C8
e 1 0100110|0100|000 0x1320
BX = 001 Event : 26
1 0 0001110|0100|101 0x0725
1 1 0010010|0101|101 0x092D
2 0 0010110|0100|011 0x0B23
2 1 0010111|0000|011 0x0B83
2 2 0011011|0110|110 0x0DB6
2 3 0011100|0010|101 0x0E15
3 0 0100000|0000|000 0x1000
4 0 0000011|1010|001 0x01D1
9 0 0101110|0000|100 0x1704
9 1 0101111|0100|011 0x17A3
9 2 0110001|0110|101 0x18B5
a 0 0110110|0100|001 0x1B21
a 1 0111001|0101|011 0x1CAB
a 2 0111011|0010|101 0x1D95
a 3 0111100|0100|100 0x1E24
a 4 0111101|0000|100 0x1E84
a 5 0111110|0110|100 0x1F34
b 0 0111111|0101|001 0x1FA9
b 1 1000000|0001|001 0x2009
c 0 0100011|0011|100 0x119C
c 1 0100100|0011|001 0x1219
e 0 0101100|1000|110 0x1646
BX = 010 Event : 27
1 0 0001101|0110|110 0x06B6
1 1 0001111|0101|101 0x07AD
2 0 0010001|0101|000 0x08A8
2 1 0010010|0101|001 0x0929
3 0 0000000|0011|110 0x001E
3 1 0000010|1010|110 0x0156
3 2 0000011|1001|110 0x01CE
3 3 0000100|1010|011 0x0253
4 0 0000111|1010|111 0x03D7
9 0 0100111|0110|110 0x13B6
9 1 0101010|0101|110 0x152E
9 2 0101011|0101|101 0x15AD
9 3 0101100|0100|100 0x1624
9 4 0101110|0001|110 0x170E
a 0 0110000|0101|001 0x1829
a 1 0110001|0100|000 0x18A0
a 2 0110010|0001|001 0x1909
a 3 0110101|0101|011 0x1AAB
a 4 0110110|0101|001 0x1B29
b 0 0010100|1010|011 0x0A53
b 1 0010101|1000|011 0x0AC3
b 2 0010110|1010|011 0x0B53
b 3 0010111|0010|011 0x0B93
d 0 0011010|0011|010 0x0D1A
d 1 0011011|0010|010 0x0D92
d 2 0011110|0011|010 0x0F1A
e 0 0100110|1010|110 0x1356
BX = 011 Event : 28
1 0 0000101|0101|110 0x02AE
1 1 0000110|0101|110 0x032E
1 2 0001000|0110|110 0x0436
1 3 0001101|0110|111 0x06B7
2 0 0010110|0010|100 0x0B14
2 1 0011100|0010|110 0x0E16
2 2 0011110|0101|101 0x0F2D
4 0 0000011|0011|111 0x019F
5 0 0000001|0011|010 0x009A
5 1 0000010|1000|010 0x0142
9 0 0101011|0100|100 0x15A4
9 1 0110000|0010|101 0x1815
a 0 0110010|0100|010 0x1922
b 0 0100010|1000|011 0x1143
b 1 0100011|1001|011 0x11CB
b 2 0100101|1000|011 0x12C3
d 0 0101000|1010|010 0x1452
BX = 100 Event : 29
1 0 0001110|0100|100 0x0724
1 1 0010010|0101|100 0x092C
2 0 0010111|0110|110 0x0BB6
2 1 0011000|0000|100 0x0C04
4 0 0000011|1010|001 0x01D1
6 0 0001100|0011|011 0x061B
9 0 0100001|0100|101 0x10A5
9 1 0100010|0101|100 0x112C
9 2 0100011|0010|100 0x1194
a 0 0101000|0110|011 0x1433
a 1 0101001|0000|011 0x1483
a 2 0101101|0001|100 0x168C
b 0 0101110|0101|000 0x1728
e 0 0011110|1010|010 0x0F52
BX = 101 Event : 30
1 0 0010000|0010|111 0x0817
1 1 0010010|0000|111 0x0907
3 0 0000001|0010|110 0x0096
5 0 0001010|0010|101 0x0515
9 0 0100101|0100|100 0x12A4
9 1 0101000|0001|110 0x140E
9 2 0101001|0001|110 0x148E
9 3 0101011|0000|101 0x1585
9 4 0101111|0000|100 0x1784
9 5 0110000|0101|100 0x182C
a 0 0111011|0001|110 0x1D8E
a 1 0111101|0100|100 0x1EA4
a 2 0111110|0000|100 0x1F04
a 3 1000001|0101|111 0x20AF
c 0 0011010|1000|001 0x0D41
d 0 0011111|0000|101 0x0F85
BX = 110 Event : 31
1 0 0001100|0010|110 0x0616
1 1 0001101|0000|110 0x0686
2 0 0010100|0101|010 0x0A2A
2 1 0010101|0110|100 0x0AB4
2 2 0010111|0101|001 0x0BA9
2 3 0011000|0101|100 0x0C2C
3 0 0000001|0001|011 0x008B
3 1 0011010|0100|000 0x0D20
6 0 0000100|0011|000 0x0218
6 1 0000101|1011|001 0x02D9
6 2 0001000|1010|011 0x0453
a 0 0101011|0101|011 0x15AB
a 1 0110101|0110|110 0x1AB6
b 0 0110110|0110|001 0x1B31
b 1 0110111|0011|001 0x1B99
d 0 0100000|1011|010 0x105A
d 1 0100001|0010|010 0x1092
e 0 0100011|0010|000 0x1190
BX = 111 Event : 32
1 0 0001101|0000|100 0x0684
2 0 0010100|0011|011 0x0A1B
2 1 0010101|0101|011 0x0AAB
2 2 0010110|0010|011 0x0B13
2 3 0010111|0011|001 0x0B99
2 4 0011000|0011|001 0x0C19
2 5 0011010|0011|101 0x0D1D
3 0 0000000|0000|011 0x0003
4 0 0000110|1011|001 0x0359
4 1 0000111|0011|001 0x0399
5 0 0001010|1010|101 0x0555
9 0 0101010|0110|110 0x1536
9 1 0101011|0110|101 0x15B5
a 0 0110000|0101|000 0x1828
a 1 0110110|0010|010 0x1B12
a 2 0111000|0001|100 0x1C0C
b 0 0011100|1000|011 0x0E43
b 1 0111010|0011|000 0x1D18
d 0 0100100|1001|101 0x124D
d 1 0100101|0010|101 0x1295
d 2 0100110|0011|101 0x131D
d 3 0100111|1011|101 0x13DD
BX = 000 Event : 33
1 0 0001100|0010|101 0x0615
1 1 0010000|0000|111 0x0807
2 0 0010001|0101|001 0x08A9
3 0 0000000|1010|011 0x0053
3 1 0000011|1011|011 0x01DB
4 0 0000101|1000|001 0x02C1
9 0 0011011|0100|110 0x0DA6
9 1 0011100|0110|101 0x0E35
9 2 0011101|0110|100 0x0EB4
9 3 0011111|0110|100 0x0FB4
a 0 0100001|0110|000 0x10B0
d 0 0011001|0010|010 0x0C92
e 0 0011010|1010|000 0x0D50
BX = 001 Event : 34
1 0 0001101|0001|101 0x068D
4 0 0000100|1010|101 0x0255
5 0 0001001|0011|101 0x049D
5 1 0001010|0010|101 0x0515
9 0 0101000|0100|100 0x1424
9 1 0101010|0000|011 0x1503
9 2 0101111|0010|100 0x1794
9 3 0110001|0000|100 0x1884
a 0 0110111|0011|001 0x1B99
a 1 0111010|0100|111 0x1D27
b 0 0111001|0001|000 0x1C88
c 0 0011101|0000|001 0x0E81
c 1 0011110|0010|001 0x0F11
e 0 0100111|1010|010 0x13D2
BX = 010 Event : 35
1 0 0000110|0110|110 0x0336
2 0 0010000|0001|110 0x080E
5 0 0000001|1000|010 0x00C2
6 0 0000101|0011|001 0x0299
9 0 0100101|0100|110 0x12A6
9 1 0100110|0110|100 0x1334
9 2 0100111|0110|100 0x13B4
9 3 0101111|0110|100 0x17B4
9 4 0110010|0100|111 0x1927
9 5 0110011|0001|111 0x198F
9 6 0110100|0100|111 0x1A27
9 7 0110101|0101|111 0x1AAF
a 0 0111110|0101|010 0x1F2A
a 1 1000000|0101|111 0x202F
b 0 0010100|1000|011 0x0A43
b 1 0010110|1001|011 0x0B4B
c 0 0010111|0011|100 0x0B9C
c 1 0011011|0000|111 0x0D87
d 0 0011010|0011|010 0x0D1A
BX = 011 Event : 36
1 0 0001110|0100|110 0x0726
2 0 0010101|0010|001 0x0A91
2 1 0010110|0010|010 0x0B12
2 2 0010111|0001|010 0x0B8A
2 3 0011001|0010|101 0x0C95
3 0 0000000|0010|110 0x0016
3 1 0000001|1001|011 0x00CB
3 2 0000010|1011|011 0x015B
4 0 0000111|0010|101 0x0395
4 1 0001001|1001|111 0x04CF
5 0 0001010|0011|010 0x051A
5 1 0001100|0011|101 0x061D
6 0 0001011|1001|000 0x05C8
9 0 0100010|0100|011 0x1123
9 1 0100011|0010|110 0x1196
9 2 0100100|0010|110 0x1216
9 3 0100101|0001|101 0x128D
9 4 0101000|0001|100 0x140C
9 5 0101010|0110|100 0x1534
9 6 0101011|0001|100 0x158C
9 7 0101110|0100|111 0x1727
9 8 0101111|0010|111 0x1797
a 0 0110011|0011|010 0x199A
a 1 0110101|0001|111 0x1A8F
b 0 0110100|0101|000 0x1A28
c 0 0011111|1010|111 0x0FD7
c 1 0100000|0001|111 0x100F
BX = 100 Event : 37
1 0 0010000|0000|100 0x0804
1 1 0010100|0001|101 0x0A0D
1 2 0010101|0100|101 0x0AA5
1 3 0010110|0010|100 0x0B14
1 4 0011010|0001|101 0x0D0D
1 5 0011011|0010|100 0x0D94
2 0 0100000|0011|111 0x101F
2 1 0100001|0011|110 0x109E
3 0 0000001|0011|110 0x009E
3 1 0000011|0001|011 0x018B
4 0 0001001|1001|111 0x04CF
5 0 0001000|0011|010 0x041A
9 0 0111110|0100|100 0x1F24
9 1 0111111|0001|100 0x1F8C
a 0 1000111|0000|100 0x2384
a 1 1001000|0110|100 0x2434
a 2 1001011|0010|011 0x2593
a 3 1001100|0010|010 0x2612
b 0 0101001|1000|110 0x14C6
b 1 0101011|0000|011 0x1583
b 2 0101100|0011|011 0x161B
b 3 0101101|0010|110 0x1696
b 4 0101110|1000|110 0x1746
b 5 0101111|1011|110 0x17DE
b 6 0110000|1000|011 0x1843
c 0 0110011|0000|100 0x1984
c 1 0110100|1001|001 0x1A49
d 0 0110110|0010|010 0x1B12
d 1 0111010|1010|101 0x1D55
e 0 0111001|1001|000 0x1CC8
BX = 101 Event : 38
2 0 0011010|0010|001 0x0D11
3 0 0000000|0001|110 0x000E
3 1 0000001|0011|110 0x009E
3 2 0011111|0101|000 0x0FA8
3 3 0100000|0000|000 0x1000
4 0 0001010|0011|111 0x051F
5 0 0001000|0010|010 0x0412
5 1 0001001|0000|010 0x0482
6 0 0001011|1001|000 0x05C8
9 0 0110000|0001|011 0x180B
a 0 0110100|0110|010 0x1A32
b 0 0100110|1000|110 0x1346
b 1 0100111|1010|110 0x13D6
c 0 0101011|0100|001 0x15A1
BX = 110 Event : 39
1 0 0010010|0110|110 0x0936
1 1 0010011|0011|100 0x099C
1 2 0011000|0001|111 0x0C0F
2 0 0011010|0001|000 0x0D08
2 1 0011111|0011|001 0x0F99
2 2 0100000|0111|001 0x1039
3 0 0000001|0011|110 0x009E
3 1 0000010|0000|110 0x0106
5 0 0001001|0000|010 0x0482
6 0 0001101|1001|001 0x06C9
a 0 0110110|0100|010 0x1B22
a 1 0111000|0100|100 0x1C24
c 0 0100110|1001|001 0x1349
c 1 0101000|0001|111 0x140F
e 0 0101100|0010|000 0x1610
BX = 111 Event : 40
1 0 0001000|0100|110 0x0426
1 1 0001001|0110|100 0x04B4
1 2 0001110|0101|111 0x072F
1 3 0010000|0001|111 0x080F
2 0 0001011|0100|001 0x05A1
2 1 0001100|0101|000 0x0628
2 2 0001111|0010|001 0x0791
2 3 0010001|0101|100 0x08AC
2 4 0010010|0001|100 0x090C
2 5 0010011|0001|100 0x098C
2 6 0010100|0001|111 0x0A0F
9 0 0100111|0100|100 0x13A4
9 1 0101000|0101|100 0x142C
a 0 0101001|0100|001 0x14A1
a 1 0101010|0110|001 0x1531
a 2 0101011|0101|011 0x15AB
a 3 0101100|0110|010 0x1632
a 4 0101101|0111|010 0x16BA
b 0 0010101|0011|011 0x0A9B
b 1 0010111|0001|011 0x0B8B
b 2 0110010|0000|000 0x1900
c 0 0011000|0001|100 0x0C0C
c 1 0011100|1001|111 0x0E4F
c 2 0011101|1010|111 0x0ED7
d 0 0011011|1000|010 0x0DC2
d 1 0100010|0011|101 0x111D
d 2 0100100|0010|101 0x1215
BX = 000 Event : 41
1 0 0001110|0001|110 0x070E
1 1 0010001|0101|101 0x08AD
1 2 0010010|0110|101 0x0935
1 3 0010011|0101|111 0x09AF
5 0 0000101|0010|010 0x0292
5 1 0000110|0010|010 0x0312
6 0 0000111|1001|001 0x03C9
6 1 0001011|1000|011 0x05C3
9 0 0110000|0001|110 0x180E
9 1 0110001|0000|110 0x1886
9 2 0110010|0100|110 0x1926
9 3 0110110|0001|101 0x1B0D
9 4 0111001|0001|111 0x1C8F
a 0 1000000|0011|011 0x201B
a 1 1000010|0000|110 0x2106
a 2 1000011|0001|101 0x218D
a 3 1000111|0101|111 0x23AF
b 0 0011011|0010|110 0x0D96
c 0 0011111|1011|100 0x0FDC
d 0 0101001|1000|101 0x14C5
BX = 001 Event : 42
1 0 0001010|0000|011 0x0503
2 0 0001111|0010|100 0x0794
2 1 0010011|0000|100 0x0984
2 2 0010101|0011|100 0x0A9C
3 0 0000000|1011|110 0x005E
3 1 0000001|1001|011 0x00CB
3 2 0000010|1001|011 0x014B
4 0 0000011|1001|101 0x01CD
5 0 0000101|0010|010 0x0292
5 1 0000110|0001|101 0x030D
6 0 0000111|0011|001 0x0399
a 0 0100110|0011|011 0x131B
a 1 0100111|0011|010 0x139A
c 0 0011011|1000|001 0x0DC1
e 0 0100001|1000|000 0x10C0
BX = 010 Event : 43
1 0 0011010|0101|101 0x0D2D
1 1 0011011|0010|101 0x0D95
1 2 0011101|0001|101 0x0E8D
1 3 0100000|0110|111 0x1037
1 4 0100010|0000|111 0x1107
2 0 0011111|0101|000 0x0FA8
3 0 0000000|0010|110 0x0016
3 1 0000001|0010|110 0x0096
3 2 0000010|0010|011 0x0113
4 0 0001000|1010|101 0x0455
4 1 0001011|1000|111 0x05C7
5 0 0001010|1000|010 0x0542
5 1 0001100|0011|010 0x061A
6 0 0010010|0010|110 0x0916
9 0 0110101|0000|011 0x1A83
9 1 0111101|0110|111 0x1EB7
b 0 0101010|1010|110 0x1556
b 1 0101011|0000|110 0x1586
b 2 0101100|1011|011 0x165B
b 3 0101101|0000|011 0x1683
b 4 1000011|0110|000 0x21B0
c 0 0101111|1000|001 0x17C1
e 0 0110010|0011|000 0x1918
e 1 0110011|0011|110 0x199E
BX = 011 Event : 44
1 0 0001011|0100|100 0x05A4
1 1 0001100|0001|011 0x060B
1 2 0010000|0100|111 0x0827
2 0 0010111|0100|111 0x0BA7
3 0 0000001|1001|011 0x00CB
3 1 0000010|1010|011 0x0153
3 2 0000011|0000|011 0x0183
3 3 0010100|0001|001 0x0A09
3 4 0010101|0110|001 0x0AB1
3 5 0010110|0010|000 0x0B10
4 0 0000101|1000|001 0x02C1
4 1 0000110|0000|001 0x0301
5 0 0000111|1001|010 0x03CA
9 0 0101011|0101|110 0x15AE
9 1 0101101|0001|100 0x168C
a 0 0111011|0111|100 0x1DBC
a 1 1000000|0001|001 0x2009
a 2 1000011|0101|111 0x21AF
b 0 0011000|0001|011 0x0C0B
b 1 0011001|1000|011 0x0CC3
c 0 0011011|1010|001 0x0DD1
e 0 0100111|0000|010 0x1382
BX = 100 Event : 45
1 0 0001010|0101|101 0x052D
1 1 0001011|0101|110 0x05AE
2 0 0010000|0001|011 0x080B
3 0 0000000|1001|011 0x004B
4 0 0000001|1011|100 0x00DC
5 0 0000110|0010|101 0x0315
5 1 0000111|1011|101 0x03DD
6 0 0000101|0100|000 0x02A0
6 1 0001000|0000|001 0x0401
9 0 0100110|0001|100 0x130C
9 1 0101101|0100|100 0x16A4
9 2 0101110|0001|100 0x170C
9 3 0110000|0000|111 0x1807
a 0 0101111|0110|000 0x17B0
a 1 0110100|0010|011 0x1A13
a 2 0110101|0001|011 0x1A8B
a 3 0111010|0101|111 0x1D2F
b 0 0010101|0011|110 0x0A9E
e 0 0100011|1000|110 0x11C6
BX = 101 Event : 46
1 0 0010110|0001|011 0x0B0B
1 1 0011000|0100|110 0x0C26
2 0 0011101|0010|001 0x0E91
2 1 0011111|0111|011 0x0FBB
3 0 0000001|1010|011 0x00D3
3 1 0000010|1010|011 0x0153
4 0 0001101|1001|111 0x06CF
5 0 0010010|1001|101 0x094D
6 0 0010001|0000|001 0x0881
9 0 0111000|0110|110 0x1C36
9 1 0111001|0011|100 0x1C9C
9 2 0111110|0101|111 0x1F2F
a 0 0111100|0101|000 0x1E28
b 0 0100100|1010|110 0x1256
b 1 0100101|0001|110 0x128E
b 2 0100110|1000|011 0x1343
b 3 0101000|0011|110 0x141E
c 0 0101100|0001|001 0x1609
d 0 0110000|0011|101 0x181D
d 1 0110011|1011|101 0x19DD
e 0 0110010|0010|000 0x1910
BX = 110 Event : 47
1 0 0000111|0101|111 0x03AF
1 1 0001101|0100|111 0x06A7
2 0 0001011|0100|001 0x05A1
2 1 0001100|0001|001 0x0609
2 2 0010001|0110|001 0x08B1
2 3 0010100|0101|001 0x0A29
4 0 0000001|0001|101 0x008D
5 0 0000100|0001|101 0x020D
9 0 0100100|0010|100 0x1214
a 0 0101010|0010|100 0x1514
a 1 0101101|0100|001 0x16A1
a 2 0110000|0100|001 0x1821
a 3 0110100|0000|100 0x1A04
a 4 0110101|0010|100 0x1A94
b 0 0011000|1010|110 0x0C56
b 1 0011001|1010|110 0x0CD6
b 2 0011010|0010|110 0x0D16
BX = 111 Event : 48
1 0 0001011|0110|100 0x05B4
1 1 0001100|0101|100 0x062C
1 2 0001101|0101|100 0x06AC
3 0 0000001|0011|011 0x009B
3 1 0000010|1001|011 0x014B
3 2 0000011|1010|011 0x01D3
5 0 0000101|1001|010 0x02CA
9 0 0100101|0011|101 0x129D
a 0 0101010|0001|001 0x1509
a 1 0110001|0001|010 0x188A
BX = 000 Event : 49
1 0 0001011|0001|101 0x058D
2 0 0010011|0100|010 0x09A2
2 1 0010100|0100|100 0x0A24
3 0 0010101|0001|001 0x0A89
5 0 0000011|0000|010 0x0182
5 1 0001000|0000|101 0x0405
6 0 0001001|0001|011 0x048B
9 0 0110000|0101|111 0x182F
a 0 0101111|0001|001 0x1789
a 1 0110011|0111|011 0x19BB
a 2 0110101|0100|100 0x1AA4
b 0 0010111|1011|011 0x0BDB
b 1 0110110|0100|000 0x1B20
c 0 0011100|0011|100 0x0E1C
c 1 0011101|1011|001 0x0ED9
c 2 0100000|1011|111 0x105F
d 0 0100011|0011|101 0x119D
e 0 0100111|1001|010 0x13CA
BX = 001 Event : 50
1 0 0011010|0100|100 0x0D24
1 1 0011100|0101|100 0x0E2C
1 2 0011110|0100|110 0x0F26
2 0 0100011|0011|011 0x119B
2 1 0100111|0000|110 0x1386
4 0 0001011|0000|101 0x0585
4 1 0001100|0011|101 0x061D
4 2 0001111|1000|111 0x07C7
5 0 0010110|0100|101 0x0B25
6 0 0010111|0100|001 0x0BA1
6 1 0011000|0010|001 0x0C11
9 0 0111101|0001|100 0x1E8C
9 1 0111110|0101|100 0x1F2C
9 2 1000011|0100|100 0x21A4
9 3 1000101|0001|100 0x228C
a 0 1001011|0001|100 0x258C
a 1 1001100|0001|010 0x260A
b 0 0101010|1010|110 0x1556
b 1 0101100|0010|011 0x1613
b 2 0101101|0010|011 0x1693
c 0 0110010|0001|001 0x1909
d 0 0110110|0010|010 0x1B12
BX = 010 Event : 51
1 0 0001101|0110|110 0x06B6
1 1 0001111|0110|110 0x07B6
1 2 0010100|0110|111 0x0A37
2 0 0010010|0110|001 0x0931
2 1 0010011|0101|001 0x09A9
2 2 0010111|0101|100 0x0BAC
3 0 0000000|1001|011 0x004B
5 0 0001001|1010|101 0x04D5
5 1 0001010|0011|101 0x051D
6 0 0001000|1011|000 0x0458
6 1 0001011|0000|001 0x0581
6 2 0001100|1000|110 0x0646
9 0 0100001|0100|011 0x10A3
9 1 0100101|0100|101 0x12A5
9 2 0100110|0000|101 0x1305
a 0 0100111|0000|010 0x1382
c 0 0011100|1001|001 0x0E49
d 0 0011101|0000|010 0x0E82
BX = 011 Event : 52
1 0 0010001|0010|101 0x0895
2 0 0010110|0101|000 0x0B28
2 1 0011100|0010|101 0x0E15
2 2 0011111|0011|111 0x0F9F
2 3 0100000|0011|111 0x101F
3 0 0000000|0010|011 0x0013
3 1 0011101|0101|000 0x0EA8
3 2 0011110|0101|000 0x0F28
4 0 0000011|1011|001 0x01D9
5 0 0001000|0011|010 0x041A
5 1 0001001|1001|010 0x04CA
5 2 0001110|0011|101 0x071D
9 0 0110110|0110|111 0x1B37
9 1 0110111|0110|111 0x1BB7
a 0 0111101|0010|011 0x1E93
a 1 0111110|0001|010 0x1F0A
a 2 0111111|0000|010 0x1F82
a 3 1000100|0101|111 0x222F
a 4 1000110|0011|100 0x231C
a 5 1001010|0100|110 0x2526
a 6 1001011|0001|110 0x258E
b 0 0100010|0010|011 0x1113
b 1 1001000|0000|001 0x2401
b 2 1001001|0110|001 0x24B1
c 0 0101001|1010|001 0x14D1
c 1 0101101|1010|111 0x16D7
d 0 0101100|0011|010 0x161A
d 1 0101111|1011|101 0x17DD
e 0 0110000|0011|110 0x181E
BX = 100 Event : 53
1 0 0001011|0001|100 0x058C
2 0 0010000|0000|111 0x0807
3 0 0001110|0110|001 0x0731
3 1 0001111|0000|000 0x0780
5 0 0000011|0010|010 0x0192
5 1 0000111|0001|101 0x038D
a 0 0100110|0101|010 0x132A
a 1 0100111|0111|001 0x13B9
a 2 0101000|0000|110 0x1406
b 0 0010001|0011|110 0x089E
b 1 0010011|0011|110 0x099E
e 0 0100000|0001|110 0x100E
e 1 0100001|1000|110 0x10C6
BX = 101 Event : 54
1 0 0000110|0100|100 0x0324
1 1 0000111|0101|100 0x03AC
2 0 0001011|0101|100 0x05AC
2 1 0001100|0101|011 0x062B
2 2 0001101|0101|100 0x06AC
9 0 0011100|0000|110 0x0E06
9 1 0011101|0011|110 0x0E9E
9 2 0011110|0100|110 0x0F26
a 0 0100000|0110|100 0x1034
a 1 0100001|0000|011 0x1083
a 2 0100010|0101|100 0x112C
c 0 0010010|1010|001 0x0951
BX = 110 Event : 55
1 0 0001111|0100|011 0x07A3
1 1 0011000|0101|111 0x0C2F
4 0 0000110|1010|111 0x0357
5 0 0001010|0011|101 0x051D
6 0 0001110|1011|110 0x075E
c 0 0101011|1010|111 0x15D7
d 0 0101010|0000|010 0x1502
e 0 0101111|0010|000 0x1790
e 1 0110000|1010|010 0x1852
BX = 111 Event : 56
1 0 0001111|0101|111 0x07AF
1 1 0010010|0100|100 0x0924
1 2 0010011|0010|111 0x0997
1 3 0010100|0101|111 0x0A2F
1 4 0010101|0010|111 0x0A97
2 0 0011001|0011|010 0x0C9A
2 1 0011100|0101|100 0x0E2C
2 2 0100000|0011|111 0x101F
3 0 0000000|0011|110 0x001E
3 1 0000010|1010|011 0x0153
5 0 0001000|1000|101 0x0445
9 0 0110000|0110|101 0x1835
9 1 0110001|0100|101 0x18A5
9 2 0110101|0001|100 0x1A8C
9 3 0110110|0010|100 0x1B14
9 4 0110111|0001|110 0x1B8E
9 5 0111001|0001|100 0x1C8C
e 0 0101100|0011|110 0x161E
BX = 000 Event : 57
1 0 0001110|0001|110 0x070E
1 1 0001111|0100|110 0x07A6
1 2 0010000|0001|110 0x080E
1 3 0010001|0100|110 0x08A6
1 4 0010010|0000|110 0x0906
1 5 0010011|0000|101 0x0985
1 6 0010101|0110|101 0x0AB5
1 7 0011001|0001|110 0x0C8E
1 8 0011011|0100|101 0x0DA5
2 0 0011101|0101|001 0x0EA9
2 1 0100000|0001|010 0x100A
2 2 0100001|0110|010 0x10B2
5 0 0001010|0011|101 0x051D
9 0 0110011|0101|110 0x19AE
9 1 0110100|0010|110 0x1A16
9 2 0110101|0101|101 0x1AAD
9 3 0110111|0010|100 0x1B94
9 4 0111010|0101|110 0x1D2E
9 5 0111100|0010|110 0x1E16
9 6 1000001|0010|111 0x2097
9 7 1000010|0010|111 0x2117
a 0 0111110|0000|001 0x1F01
a 1 0111111|0101|000 0x1FA8
a 2 1000000|0100|000 0x2020
a 3 1000111|0100|011 0x23A3
a 4 1001111|0101|111 0x27AF
b 0 1001100|0110|001 0x2631
b 1 1001101|0010|001 0x2691
e 0 0101111|1011|011 0x17DB
e 1 0110000|0001|110 0x180E
BX = 001 Event : 58
1 0 0011011|0010|101 0x0D95
1 1 0011100|0110|101 0x0E35
1 2 0100011|0100|111 0x11A7
3 0 0000000|1010|110 0x0056
3 1 0000001|0010|011 0x0093
3 2 0000010|1000|011 0x0143
3 3 0000011|0011|011 0x019B
3 4 0000100|1001|011 0x024B
3 5 0000110|0001|011 0x030B
3 6 0000111|1010|011 0x03D3
3 7 0001000|1001|011 0x044B
4 0 0001010|0011|001 0x0519
4 1 0001100|1010|101 0x0655
4 2 0001101|1010|001 0x06D1
4 3 0001110|1001|001 0x0749
4 4 0001111|0010|111 0x0797
5 0 0010001|1000|101 0x08C5
5 1 0010010|0010|101 0x0915
6 0 0010111|0001|011 0x0B8B
6 1 0011000|1010|011 0x0C53
9 0 0110111|0101|110 0x1BAE
9 1 0111000|0110|110 0x1C36
9 2 0111010|0011|110 0x1D1E
9 3 0111101|0110|111 0x1EB7
9 4 0111110|0100|111 0x1F27
a 0 1000101|0110|010 0x22B2
a 1 1000111|0100|010 0x23A2
a 2 1001100|0100|111 0x2627
b 0 0101011|0010|011 0x1593
c 0 0110001|0011|100 0x189C
d 0 0110011|1010|010 0x19D2
d 1 0110110|0001|101 0x1B0D
BX = 010 Event : 59
1 0 0010101|0010|111 0x0A97
1 1 0011001|0001|111 0x0C8F
2 0 0011011|0011|010 0x0D9A
2 1 0100000|0000|110 0x1006
2 2 0100001|0000|100 0x1084
3 0 0000000|1010|011 0x0053
4 0 0000010|0000|101 0x0105
4 1 0000011|1000|001 0x01C1
4 2 0001001|1010|111 0x04D7
5 0 0000110|1010|010 0x0352
5 1 0001011|1010|101 0x05D5
5 2 0001100|1010|101 0x0655
6 0 0001010|0100|001 0x0521
9 0 0110011|0100|011 0x19A3
9 1 0110110|0010|101 0x1B15
9 2 0110111|0101|100 0x1BAC
9 3 0111001|0011|100 0x1C9C
a 0 0111011|0101|000 0x1DA8
a 1 0111111|0101|010 0x1FAA
b 0 0100100|0010|110 0x1216
b 1 0100110|1010|110 0x1356
b 2 0100111|0011|011 0x139B
c 0 0101000|1010|001 0x1451
c 1 0101011|0011|111 0x159F
c 2 0101100|0011|111 0x161F
e 0 0110010|1010|000 0x1950
BX = 011 Event : 60
1 0 0010110|0101|101 0x0B2D
1 1 0010111|0101|100 0x0BAC
1 2 0011001|0010|111 0x0C97
2 0 0011100|0000|011 0x0E03
2 1 0100000|0100|110 0x1026
2 2 0100001|0000|110 0x1086
4 0 0000100|1011|100 0x025C
5 0 0001000|1000|010 0x0442
9 0 0110000|0100|010 0x1822
9 1 0110010|0110|110 0x1936
9 2 0110100|0110|110 0x1A36
9 3 0111010|0101|111 0x1D2F
a 0 0111001|0000|000 0x1C80
a 1 0111111|0000|100 0x1F84
b 0 0100010|0010|110 0x1116
c 0 0100011|0011|001 0x1199
c 1 0100100|1001|001 0x1249
e 0 0101101|0100|000 0x16A0
BX = 100 Event : 61
1 0 0010101|0010|110 0x0A96
1 1 0010110|0101|110 0x0B2E
1 2 0010111|0011|101 0x0B9D
1 3 0011000|0011|101 0x0C1D
2 0 0011100|0001|001 0x0E09
2 1 0100010|0100|100 0x1124
2 2 0100011|0101|100 0x11AC
2 3 0100100|0101|100 0x122C
3 0 0100101|0101|000 0x12A8
4 0 0000001|1001|101 0x00CD
4 1 0000101|1001|001 0x02C9
4 2 0001001|0010|111 0x0497
4 3 0001011|0000|111 0x0587
5 0 0010000|1011|101 0x085D
6 0 0001101|1001|000 0x06C8
6 1 0001111|1001|001 0x07C9
9 0 1000010|0000|100 0x2104
9 1 1000100|0101|100 0x222C
9 2 1000101|0000|100 0x2284
a 0 1001000|0000|000 0x2400
a 1 1001101|0100|100 0x26A4
a 2 1001111|0110|001 0x27B1
a 3 1010001|0110|001 0x28B1
a 4 1010100|0110|101 0x2A35
c 0 0101111|0000|001 0x1781
c 1 0110000|0010|001 0x1811
c 2 0110111|0011|111 0x1B9F
d 0 0110100|1000|010 0x1A42
e 0 0111010|1000|000 0x1D40
e 1 0111101|0100|000 0x1EA0
BX = 101 Event : 62
1 0 0001000|0110|110 0x0436
2 0 0001101|0001|010 0x068A
3 0 0000000|1000|011 0x0043
3 1 0010010|0010|000 0x0910
4 0 0000011|1010|111 0x01D7
4 1 0000100|0011|111 0x021F
6 0 0000101|1000|110 0x02C6
9 0 0100100|0000|100 0x1204
9 1 0100101|0110|110 0x12B6
9 2 0100110|0011|110 0x131E
9 3 0100111|0000|100 0x1384
9 4 0101001|0100|111 0x14A7
9 5 0101011|0010|110 0x1596
9 6 0101100|0101|110 0x162E
9 7 0101111|0001|111 0x178F
9 8 0110000|0100|111 0x1827
a 0 0110100|0011|010 0x1A1A
a 1 0110110|0001|010 0x1B0A
a 2 0111000|0001|010 0x1C0A
a 3 0111001|0010|010 0x1C92
a 4 0111110|0000|101 0x1F05
a 5 0111111|0100|100 0x1FA4
a 6 1000000|0101|100 0x202C
b 0 0011001|1011|011 0x0CDB
d 0 0100000|0011|010 0x101A
e 0 0100001|0000|000 0x1080
e 1 0100010|0001|000 0x1108
BX = 110 Event : 63
3 0 0000000|0001|110 0x000E
3 1 0000001|1001|110 0x00CE
3 2 0000010|1010|011 0x0153
3 3 0000011|1010|110 0x01D6
3 4 0000100|0001|110 0x020E
6 0 0001011|0011|000 0x0598
9 0 0100100|0101|101 0x122D
a 0 0101011|0110|100 0x15B4
a 1 0101100|0100|110 0x1626
a 2 0101111|0010|110 0x1796
a 3 0110000|0110|100 0x1834
a 4 0110001|0110|100 0x18B4
a 5 0110010|0101|100 0x192C
a 6 0110100|0011|110 0x1A1E
d 0 0011011|1011|101 0x0DDD
d 1 0011101|1011|101 0x0EDD
BX = 111 Event : 64
1 0 0010101|0000|101 0x0A85
1 1 0010110|0000|110 0x0B06
1 2 0010111|0110|111 0x0BB7
2 0 0011011|0101|001 0x0DA9
2 1 0011101|0010|011 0x0E93
2 2 0100110|0010|011 0x1313
2 3 0101101|0110|111 0x16B7
3 0 0000000|0010|110 0x0016
3 1 0000001|1010|110 0x00D6
3 2 0000011|0001|110 0x018E
4 0 0000111|0010|101 0x0395
9 0 0111101|0011|101 0x1E9D
9 1 1000000|0100|100 0x2024
a 0 1000110|0011|110 0x231E
b 0 0101110|0000|110 0x1706
c 0 0110001|1010|100 0x18D4
c 1 0110010|1011|100 0x195C
c 2 0110110|1010|111 0x1B57
e 0 0111011|0011|010 0x1D9A
BX = 000 Event : 65
1 0 0001101|0101|111 0x06AF
1 1 0010001|0000|100 0x0884
1 2 0010010|0010|100 0x0914
1 3 0010100|0110|111 0x0A37
2 0 0010011|0101|001 0x09A9
2 1 0010110|0010|011 0x0B13
2 2 0011000|0011|100 0x0C1C
2 3 0011001|0001|111 0x0C8F
3 0 0000000|1000|110 0x0046
4 0 0000100|0010|111 0x0217
4 1 0000110|0010|111 0x0317
4 2 0000111|1000|111 0x03C7
5 0 0000011|0010|010 0x0192
5 1 0001011|1010|101 0x05D5
9 0 0100101|0100|101 0x12A5
9 1 0100111|0000|100 0x1384
a 0 0101000|0100|000 0x1420
a 1 0101011|0010|100 0x1594
a 2 0101100|0100|011 0x1623
a 3 0101101|0001|010 0x168A
a 4 0101110|0011|110 0x171E
a 5 0101111|0110|110 0x17B6
b 0 0011011|0001|110 0x0D8E
c 0 0011100|0010|001 0x0E11
c 1 0011101|1010|001 0x0ED1
c 2 0011110|0000|001 0x0F01
d 0 0100000|0010|010 0x1012
d 1 0100010|1010|101 0x1155
BX = 001 Event : 66
1 0 0010001|0110|100 0x08B4
1 1 0010011|0000|110 0x0986
1 2 0010100|0101|101 0x0A2D
2 0 0010111|0010|001 0x0B91
2 1 0011000|0100|001 0x0C21
2 2 0011110|0101|011 0x0F2B
3 0 0000000|0010|110 0x0016
9 0 0110000|0100|101 0x1825
9 1 0110011|0101|111 0x19AF
9 2 0110100|0001|111 0x1A0F
a 0 0110010|0001|000 0x1908
a 1 0111010|0001|101 0x1D0D
a 2 0111011|0101|111 0x1DAF
c 0 0101011|0100|001 0x15A1
d 0 0101101|1000|010 0x16C2
e 0 0101111|0001|000 0x1788
BX = 010 Event : 67
1 0 0001110|0001|100 0x070C
1 1 0001111|0000|100 0x0784
1 2 0010011|0001|110 0x098E
1 3 0010100|0100|101 0x0A25
1 4 0010101|0101|100 0x0AAC
1 5 0011000|0001|110 0x0C0E
1 6 0011001|0010|110 0x0C96
1 7 0011010|0110|100 0x0D34
1 8 0011011|0010|111 0x0D97
2 0 0011110|0001|100 0x0F0C
2 1 0011111|0101|100 0x0FAC
2 2 0100010|0100|011 0x1123
2 3 0100011|0011|011 0x119B
2 4 0100111|0000|100 0x1384
2 5 0101000|0110|100 0x1434
3 0 0101001|0010|001 0x1491
5 0 0000111|1001|010 0x03CA
6 0 0001100|0011|110 0x061E
9 0 1000010|0101|111 0x212F
9 1 1000100|0100|100 0x2224
9 2 1000110|0010|111 0x2317
9 3 1000111|0101|111 0x23AF
9 4 1001010|0101|111 0x252F
a 0 1010001|0001|010 0x288A
b 0 0101011|1000|110 0x15C6
b 1 0101100|1000|110 0x1646
b 2 0101101|1010|011 0x16D3
b 3 1010011|0011|000 0x2998
d 0 0110111|0010|101 0x1B95
d 1 0111000|0010|101 0x1C15
e 0 0111001|1010|000 0x1CD0
BX = 011 Event : 68
1 0 0000110|0100|011 0x0323
1 1 0001010|0110|100 0x0534
2 0 0010000|0000|001 0x0801
2 1 0010001|0011|011 0x089B
3 0 0000001|1000|110 0x00C6
5 0 0000010|1001|101 0x014D
6 0 0000100|1010|110 0x0256
9 0 0011111|0110|110 0x0FB6
9 1 0100100|0110|110 0x1236
9 2 0100101|0010|101 0x1295
9 3 0100110|0010|101 0x1315
c 0 0011010|1011|111 0x0D5F
d 0 0011001|0001|010 0x0C8A
BX = 100 Event : 69
2 0 0010010|0010|000 0x0910
2 1 0011010|0010|001 0x0D11
2 2 0100010|0110|111 0x1137
4 0 0000001|0011|101 0x009D
4 1 0000010|0011|001 0x0119
5 0 0000011|1001|010 0x01CA
6 0 0000100|0000|000 0x0200
6 1 0001000|0000|110 0x0406
6 2 0001001|0010|011 0x0493
6 3 0001010|0000|011 0x0503
9 0 0101101|0000|100 0x1684
9 1 0110000|0010|110 0x1816
9 2 0110001|0010|101 0x1895
9 3 0110010|0001|100 0x190C
9 4 0110100|0001|110 0x1A0E
a 0 0111100|0010|110 0x1E16
a 1 0111101|0011|101 0x1E9D
a 2 1000100|0011|111 0x221F
b 0 0100011|1010|011 0x11D3
b 1 0100100|1001|110 0x124E
b 2 0100101|0000|011 0x1283
b 3 1000001|0110|001 0x20B1
c 0 0101000|1000|001 0x1441
c 1 0101010|1010|111 0x1557
e 0 0101100|1010|000 0x1650
BX = 101 Event : 70
1 0 0010000|0000|110 0x0806
2 0 0010101|0001|011 0x0A8B
2 1 0010110|0110|011 0x0B33
3 0 0000000|1011|011 0x005B
3 1 0000010|0010|011 0x0113
3 2 0000011|1011|011 0x01DB
6 0 0000111|0000|000 0x0380
6 1 0001010|0010|110 0x0516
6 2 0001011|0000|011 0x0583
9 0 0101000|0101|111 0x142F
9 1 0101001|0000|111 0x1487
9 2 0101010|0010|111 0x1517
a 0 0101101|0011|100 0x169C
d 0 0011100|0001|010 0x0E0A
e 0 0100000|0000|010 0x1002
BX = 110 Event : 71
1 0 0001100|0100|011 0x0623
1 1 0010000|0001|101 0x080D
2 0 0010010|0000|000 0x0900
2 1 0010011|0110|100 0x09B4
2 2 0010100|0100|011 0x0A23
2 3 0010101|0110|100 0x0AB4
4 0 0000001|0100|101 0x00A5
4 1 0000010|0010|111 0x0117
4 2 0000011|1011|111 0x01DF
6 0 0001010|0000|110 0x0506
9 0 0101111|0110|111 0x17B7
a 0 0101011|0010|000 0x1590
a 1 0110001|0101|011 0x18AB
a 2 0110010|0101|011 0x192B
b 0 0010111|0000|011 0x0B83
b 1 0011000|0011|110 0x0C1E
c 0 0011010|0001|001 0x0D09
c 1 0011011|0100|001 0x0DA1
c 2 0011100|0001|001 0x0E09
e 0 0100010|1011|010 0x115A
BX = 111 Event : 72
1 0 0010010|0101|110 0x092E
2 0 0010101|0010|001 0x0A91
3 0 0000000|0010|110 0x0016
3 1 0000011|1001|011 0x01CB
3 2 0000100|0000|011 0x0203
4 0 0000111|0010|111 0x0397
5 0 0001010|1010|101 0x0555
6 0 0001101|0011|011 0x069B
9 0 0110010|0011|110 0x191E
9 1 0110100|0001|100 0x1A0C
9 2 0110101|0000|100 0x1A84
a 0 0111001|0110|010 0x1CB2
a 1 0111010|0011|100 0x1D1C
a 2 0111100|0100|010 0x1E22
b 0 0100011|0011|011 0x119B
b 1 0100100|1011|011 0x125B
c 0 0100111|1010|100 0x13D4
c 1 0101000|1010|001 0x1451
e 0 0101101|0011|110 0x169E
BX = 000 Event : 73
1 0 0010010|0000|011 0x0903
1 1 0010101|0101|110 0x0AAE
1 2 0010111|0100|100 0x0BA4
2 0 0011100|0001|000 0x0E08
2 1 0011111|0110|010 0x0FB2
2 2 0100000|0011|101 0x101D
2 3 0100001|0111|100 0x10BC
4 0 0000101|0011|111 0x029F
4 1 0000110|0010|111 0x0317
6 0 0001110|1001|110 0x074E
6 1 0001111|1000|011 0x07C3
9 0 0110110|0011|101 0x1B1D
9 1 0111010|0001|111 0x1D0F
a 0 0111101|0000|010 0x1E82
a 1 1000001|0001|111 0x208F
b 0 0101010|1001|110 0x154E
b 1 0101101|0000|110 0x1686
b 2 0101110|1001|011 0x174B
b 3 0101111|1011|011 0x17DB
b 4 1000000|0000|001 0x2001
c 0 0110010|0010|001 0x1911
c 1 0110011|0000|001 0x1981
BX = 001 Event : 74
1 0 0001010|0101|101 0x052D
1 1 0001011|0010|110 0x0596
1 2 0010000|0100|100 0x0824
2 0 0010001|0001|001 0x0889
2 1 0010010|0001|001 0x0909
2 2 0010110|0001|001 0x0B09
4 0 0000101|0000|101 0x0285
9 0 0100101|0000|100 0x1284
b 0 0011100|0000|011 0x0E03
b 1 0011101|1011|011 0x0EDB
b 2 0011110|1000|011 0x0F43
d 0 0100010|0000|010 0x1102
BX = 010 Event : 75
1 0 0010011|0100|100 0x09A4
1 1 0010100|0110|101 0x0A35
1 2 0010101|0100|100 0x0AA4
2 0 0011100|0011|011 0x0E1B
2 1 0011110|0110|100 0x0F34
2 2 0100011|0101|100 0x11AC
3 0 0000011|1001|011 0x01CB
3 1 0000100|0010|011 0x0213
3 2 0100101|0110|000 0x12B0
4 0 0000111|1001|100 0x03CC
5 0 0001001|1010|010 0x04D2
6 0 0010000|1000|011 0x0843
9 0 0110111|0001|110 0x1B8E
9 1 0111001|0001|110 0x1C8E
a 0 0111101|0011|101 0x1E9D
b 0 0101001|1001|011 0x14CB
c 0 0101011|1001|111 0x15CF
d 0 0101111|1011|101 0x17DD
BX = 011 Event : 76
2 0 0010100|0110|001 0x0A31
2 1 0011001|0011|001 0x0C99
2 2 0011101|0000|010 0x0E82
3 0 0011111|0011|000 0x0F98
3 1 0100000|0100|000 0x1020
4 0 0000101|1011|001 0x02D9
5 0 0000111|0011|010 0x039A
5 1 0001011|0011|101 0x059D
9 0 0110100|0100|101 0x1A25
a 0 0111000|0010|000 0x1C10
a 1 0111111|0011|011 0x1F9B
a 2 1000011|0101|101 0x21AD
b 0 0100001|0001|011 0x108B
b 1 0100010|1011|110 0x115E
b 2 0100011|0001|011 0x118B
c 0 0100110|0000|001 0x1301
d 0 0101000|1001|010 0x144A
d 1 0101001|0001|010 0x148A
d 2 0110000|1010|101 0x1855
e 0 0101111|1001|000 0x17C8
e 1 0110001|0001|011 0x188B
BX = 100 Event : 77
2 0 0001110|0011|100 0x071C
2 1 0010001|0000|001 0x0881
2 2 0010111|0101|111 0x0BAF
3 0 0010101|0110|000 0x0AB0
a 0 0110000|0010|001 0x1811
a 1 0110011|0000|100 0x1984
a 2 0110100|0110|001 0x1A31
b 0 0011000|0010|011 0x0C13
c 0 0011101|0100|001 0x0EA1
c 1 0100011|0010|111 0x1197
e 0 0100110|1000|000 0x1340
e 1 0100111|1001|000 0x13C8
e 2 0101010|1000|010 0x1542
e 3 0101011|0000|010 0x1582
BX = 101 Event : 78
1 0 0001100|0100|100 0x0624
2 0 0010010|0000|001 0x0901
2 1 0010011|0110|110 0x09B6
2 2 0010100|0010|110 0x0A16
3 0 0000001|1010|011 0x00D3
3 1 0000010|0010|011 0x0113
3 2 0000011|0010|011 0x0193
5 0 0001010|0100|101 0x0525
9 0 0101011|0001|100 0x158C
9 1 0101101|0000|100 0x1684
a 0 0110000|0000|010 0x1802
a 1 0110100|0000|100 0x1A04
a 2 0110101|0010|100 0x1A94
b 0 0010101|0010|110 0x0A96
b 1 0110110|0000|001 0x1B01
c 0 0011001|1011|100 0x0CDC
e 0 0100111|0001|000 0x1388
BX = 110 Event : 79
1 0 0010001|0001|110 0x088E
1 1 0010010|0110|101 0x0935
1 2 0010011|0101|101 0x09AD
1 3 0010100|0110|101 0x0A35
1 4 0010101|0101|100 0x0AAC
2 0 0011110|0011|011 0x0F1B
2 1 0100000|0011|011 0x101B
2 2 0100101|0101|110 0x12AE
2 3 0100110|0110|110 0x1336
2 4 0100111|0001|100 0x138C
6 0 0001010|0100|000 0x0520
b 0 0101101|1000|011 0x16C3
c 0 0110011|0011|100 0x199C
d 0 0110100|0001|010 0x1A0A
e 0 0110111|1011|011 0x1BDB
e 1 0111000|0001|110 0x1C0E
BX = 111 Event : 80
1 0 0010001|0100|011 0x08A3
1 1 0010011|0010|110 0x0996
1 2 0010100|0101|101 0x0A2D
1 3 0010110|0001|101 0x0B0D
1 4 0011000|0100|101 0x0C25
1 5 0011001|0101|100 0x0CAC
1 6 0011101|0101|100 0x0EAC
1 7 0011110|0100|111 0x0F27
2 0 0100110|0101|101 0x132D
2 1 0100111|0011|100 0x139C
2 2 0101000|0110|111 0x1437
9 0 0111100|0000|110 0x1E06
a 0 1001000|0011|001 0x2419
a 1 1001001|0011|100 0x249C
b 0 0101010|0010|011 0x1513
b 1 0101101|0010|011 0x1693
e 0 0111000|0011|110 0x1C1E
e 1 0111001|0010|110 0x1C96
BX = 000 Event : 81
1 0 0001110|0010|110 0x0716
1 1 0010000|0100|110 0x0826
1 2 0010010|0011|101 0x091D
1 3 0010011|0010|101 0x0995
1 4 0010100|0011|100 0x0A1C
3 0 0000000|1001|110 0x004E
3 1 0000010|1000|011 0x0143
6 0 0001010|0011|110 0x051E
9 0 0100010|0001|100 0x110C
9 1 0100011|0001|100 0x118C
9 2 0100101|0001|100 0x128C
a 0 0100110|0110|001 0x1331
a 1 0101010|0110|101 0x1535
b 0 0011110|0001|110 0x0F0E
b 1 0011111|0001|110 0x0F8E
BX = 001 Event : 82
1 0 0001011|0001|100 0x058C
1 1 0001101|0100|011 0x06A3
1 2 0001110|0100|111 0x0727
1 3 0001111|0100|101 0x07A5
1 4 0010000|0001|101 0x080D
1 5 0010001|0011|101 0x089D
1 6 0010100|0100|111 0x0A27
2 0 0010101|0110|011 0x0AB3
2 1 0010110|0110|011 0x0B33
2 2 0010111|0111|011 0x0BBB
2 3 0011000|0001|001 0x0C09
2 4 0011011|0101|100 0x0DAC
3 0 0011110|0001|000 0x0F08
4 0 0000011|1000|111 0x01C7
9 0 0101001|0100|100 0x14A4
9 1 0101010|0100|110 0x1526
9 2 0101011|0101|100 0x15AC
a 0 0101101|0011|010 0x169A
a 1 0101110|0010|001 0x1711
b 0 0100000|1001|011 0x104B
b 1 0100001|1010|110 0x10D6
b 2 0100010|0010|110 0x1116
b 3 0110000|0001|001 0x1809
b 4 0110001|0010|000 0x1890
d 0 0100011|0000|010 0x1182
d 1 0100100|0001|101 0x120D
d 2 0100101|1011|101 0x12DD
d 3 0100110|1010|101 0x1355
BX = 010 Event : 83
1 0 0010000|0001|011 0x080B
3 0 0000000|1001|110 0x004E
4 0 0001000|0100|101 0x0425
4 1 0001010|0000|111 0x0507
5 0 0001101|1010|101 0x06D5
6 0 0001110|0001|001 0x0709
9 0 0100111|0110|100 0x13B4
a 0 0101010|0001|000 0x1508
a 1 0101110|0001|001 0x1709
c 0 0011111|0001|001 0x0F89
c 1 0100000|0100|001 0x1021
d 0 0100010|0010|101 0x1115
e 0 0100100|0001|110 0x120E
e 1 0100101|1000|110 0x12C6
BX = 011 Event : 84
1 0 0001010|0000|011 0x0503
1 1 0001100|0100|101 0x0625
1 2 0001101|0011|101 0x069D
1 3 0001110|0100|101 0x0725
1 4 0001111|0000|100 0x0784
1 5 0010000|0101|100 0x082C
1 6 0010010|0000|100 0x0904
2 0 0010111|0010|001 0x0B91
2 1 0011010|0100|110 0x0D26
2 2 0011011|0010|110 0x0D96
4 0 0000011|0011|101 0x019D
5 0 0000100|1000|010 0x0242
5 1 0000111|0000|101 0x0385
5 2 0001000|1000|101 0x0445
9 0 0100101|0010|110 0x1296
9 1 0100110|0000|101 0x1305
9 2 0101000|0001|100 0x140C
9 3 0101001|0110|100 0x14B4
9 4 0101011|0000|100 0x1584
9 5 0101100|0000|100 0x1604
a 0 0101101|0110|100 0x16B4
a 1 0110000|0100|010 0x1822
a 2 0110011|0001|100 0x198C
a 3 0110100|0001|100 0x1A0C
a 4 0110110|0000|100 0x1B04
c 0 0100001|0010|111 0x1097
BX = 100 Event : 85
1 0 0001111|0000|101 0x0785
2 0 0010011|0000|001 0x0981
2 1 0010110|0000|011 0x0B03
2 2 0010111|0100|001 0x0BA1
2 3 0011000|0010|001 0x0C11
2 4 0011010|0101|110 0x0D2E
2 5 0011011|0100|110 0x0DA6
3 0 0011111|0010|000 0x0F90
4 0 0000001|0011|100 0x009C
4 1 0000100|0010|111 0x0217
a 0 0111010|0100|100 0x1D24
a 1 0111011|0001|011 0x1D8B
a 2 0111101|0100|010 0x1EA2
a 3 0111111|0100|100 0x1FA4
b 0 1000011|0010|000 0x2190
b 1 1000100|0110|000 0x2230
c 0 0100101|1011|001 0x12D9
c 1 0100110|0001|001 0x1309
e 0 0101101|1001|000 0x16C8
e 1 0110000|0001|010 0x180A
BX = 101 Event : 86
1 0 0001110|0001|100 0x070C
1 1 0001111|0000|100 0x0784
1 2 0010000|0000|101 0x0805
1 3 0010001|0011|100 0x089C
2 0 0010110|0111|001 0x0B39
2 1 0010111|0100|100 0x0BA4
2 2 0011101|0100|100 0x0EA4
2 3 0011110|0101|100 0x0F2C
4 0 0000010|0000|100 0x0104
4 1 0000011|0000|101 0x0185
4 2 0000110|0001|111 0x030F
4 3 0000111|1010|111 0x03D7
5 0 0001001|0000|101 0x0485
9 0 0101101|0001|011 0x168B
9 1 0101110|0000|011 0x1703
9 2 0101111|0001|011 0x178B
d 0 0100101|0011|010 0x129A
e 0 0101011|0000|110 0x1586
BX = 110 Event : 87
1 0 0010100|0110|110 0x0A36
2 0 0100000|0110|111 0x1037
3 0 0000000|1010|011 0x0053
4 0 0000011|1000|001 0x01C1
4 1 0000100|0011|001 0x0219
5 0 0001001|1000|010 0x04C2
6 0 0010001|0010|110 0x0896
9 0 0110011|0001|110 0x198E
9 1 0110100|0110|100 0x1A34
9 2 0110101|0001|100 0x1A8C
9 3 0110110|0000|100 0x1B04
9 4 0111010|0010|100 0x1D14
9 5 0111011|0000|111 0x1D87
9 6 0111100|0110|111 0x1E37
a 0 0111101|0010|001 0x1E91
a 1 1000000|0011|011 0x201B
a 2 1000001|0011|010 0x209A
b 0 0100010|1011|110 0x115E
b 1 0100011|1010|110 0x11D6
b 2 0100101|1010|110 0x12D6
c 0 0101000|1011|111 0x145F
c 1 0101001|0000|111 0x1487
d 0 0100111|0010|010 0x1392
e 0 0110000|1010|110 0x1856
BX = 111 Event : 88
1 0 0010011|0010|110 0x0996
1 1 0010100|0101|111 0x0A2F
2 0 0011011|0111|010 0x0DBA
2 1 0011100|0101|001 0x0E29
2 2 0100010|0100|010 0x1122
3 0 0000010|0001|011 0x010B
5 0 0001100|0000|101 0x0605
6 0 0001110|1001|110 0x074E
9 0 0110000|0010|111 0x1817
d 0 0101100|1001|010 0x164A
BX = 000 Event : 89
1 0 0010111|0101|110 0x0BAE
1 1 0011000|0110|101 0x0C35
1 2 0011101|0001|100 0x0E8C
1 3 0011111|0101|111 0x0FAF
2 0 0100001|0001|010 0x108A
4 0 0001000|0011|111 0x041F
4 1 0001001|0001|111 0x048F
4 2 0001010|0011|111 0x051F
5 0 0000110|1001|010 0x034A
5 1 0000111|0011|010 0x039A
5 2 0001011|1010|101 0x05D5
6 0 0001100|0011|001 0x0619
6 1 0001101|1010|001 0x06D1
6 2 0010000|1010|110 0x0856
9 0 0110101|0010|110 0x1A96
9 1 0111100|0010|111 0x1E17
9 2 0111101|0010|111 0x1E97
a 0 0111110|0001|100 0x1F0C
a 1 0111111|0011|010 0x1F9A
a 2 1000000|0010|010 0x2012
a 3 1000001|0010|110 0x2096
b 0 0100110|1000|011 0x1343
c 0 0101010|0010|111 0x1517
c 1 0101011|0010|111 0x1597
e 0 0110001|1001|000 0x18C8
e 1 0110010|0000|000 0x1900
BX = 001 Event : 90
1 0 0001111|0100|110 0x07A6
2 0 0010000|0100|000 0x0820
2 1 0010111|0001|111 0x0B8F
3 0 0010100|0110|001 0x0A31
4 0 0000110|1010|001 0x0351
4 1 0001000|0010|111 0x0417
9 0 0100011|0001|011 0x118B
9 1 0100110|0100|110 0x1326
9 2 0101010|0000|111 0x1507
9 3 0101011|0100|111 0x15A7
a 0 0101100|0001|000 0x1608
a 1 0101101|0111|011 0x16BB
a 2 0101111|0101|101 0x17AD
b 0 0011001|1001|011 0x0CCB
b 1 0011010|1001|011 0x0D4B
b 2 0011011|0000|011 0x0D83
d 0 0011101|1010|010 0x0ED2
BX = 010 Event : 91
1 0 0001000|0110|100 0x0434
1 1 0001001|0001|100 0x048C
1 2 0001010|0101|110 0x052E
1 3 0001100|0110|100 0x0634
2 0 0010000|0101|011 0x082B
2 1 0010001|0011|011 0x089B
2 2 0010010|0110|010 0x0932
2 3 0010011|0101|010 0x09AA
4 0 0000000|0010|100 0x0014
5 0 0000010|1000|010 0x0142
6 0 0000101|1010|011 0x02D3
9 0 0100101|0100|011 0x12A3
9 1 0101001|0010|111 0x1497
a 0 0110010|0100|010 0x1922
a 1 0110111|0010|110 0x1B96
a 2 0111000|0010|110 0x1C16
a 3 0111001|0000|110 0x1C86
b 0 0010110|1011|110 0x0B5E
BX = 011 Event : 92
1 0 0001111|0001|101 0x078D
1 1 0010010|0010|110 0x0916
2 0 0010111|0111|010 0x0BBA
2 1 0011000|0101|001 0x0C29
2 2 0011101|0100|010 0x0EA2
3 0 0000001|0001|011 0x008B
5 0 0001011|0000|101 0x0585
6 0 0001101|1000|110 0x06C6
9 0 0101100|0010|111 0x1617
d 0 0101000|1001|010 0x144A
BX = 100 Event : 93
1 0 0001101|0010|110 0x0696
1 1 0001110|0100|101 0x0725
1 2 0001111|0011|100 0x079C
1 3 0010101|0001|111 0x0A8F
2 0 0010100|0110|000 0x0A30
2 1 0010111|0101|011 0x0BAB
2 2 0100110|0110|111 0x1337
4 0 0000100|0010|111 0x0217
9 0 0110010|0010|110 0x1916
9 1 0110101|0010|111 0x1A97
a 0 0110110|0001|010 0x1B0A
a 1 0110111|0111|001 0x1BB9
a 2 0111000|0111|001 0x1C39
a 3 0111010|0110|101 0x1D35
b 0 0111100|0011|000 0x1E18
BX = 101 Event : 94
1 0 0010000|0100|110 0x0826
1 1 0010001|0010|100 0x0894
2 0 0010010|0101|000 0x0928
2 1 0010100|0010|101 0x0A15
2 2 0010110|0001|111 0x0B0F
3 0 0000001|0001|011 0x008B
4 0 0000101|1010|001 0x02D1
6 0 0001110|0010|011 0x0713
6 1 0001111|1001|011 0x07CB
9 0 0100001|0001|011 0x108B
9 1 0100010|0100|011 0x1123
a 0 0101000|0001|000 0x1408
a 1 0101001|0110|011 0x14B3
a 2 0101011|0101|101 0x15AD
b 0 0010111|0010|110 0x0B96
b 1 0011001|1001|011 0x0CCB
b 2 0011010|1001|011 0x0D4B
b 3 0011011|0000|011 0x0D83
d 0 0011101|1010|010 0x0ED2
BX = 110 Event : 95
2 0 0010001|0110|001 0x08B1
2 1 0010110|0011|001 0x0B19
2 2 0011010|0000|010 0x0D02
2 3 0011100|0110|110 0x0E36
3 0 0011111|0011|000 0x0F98
3 1 0100000|0100|000 0x1020
5 0 0000111|1000|010 0x03C2
9 0 0110100|0000|101 0x1A05
a 0 0111000|0010|000 0x1C10
a 1 1000001|0101|101 0x20AD
b 0 0100010|0011|110 0x111E
c 0 0100101|1011|100 0x12DC
c 1 0100110|0000|001 0x1301
d 0 0100111|1001|010 0x13CA
d 1 0101000|0001|010 0x140A
e 0 0101110|1001|000 0x1748
e 1 0101111|0001|011 0x178B
BX = 111 Event : 96
1 0 0001010|0100|011 0x0523
1 1 0001111|0010|111 0x0797
1 2 0010011|0101|111 0x09AF
2 0 0001110|0110|001 0x0731
2 1 0010110|0110|110 0x0B36
3 0 0000000|0000|110 0x0006
5 0 0000011|1000|010 0x01C2
5 1 0001000|0011|101 0x041D
9 0 0100001|0001|110 0x108E
9 1 0100010|0101|110 0x112E
9 2 0100011|0101|100 0x11AC
a 0 0101001|0010|110 0x1496
c 0 0011010|0011|001 0x0D19
c 1 0011011|1010|111 0x0DD7
d 0 0011101|1011|101 0x0EDD
d 1 0011110|1010|101 0x0F55
d 2 0011111|0100|101 0x0FA5
BX = 000 Event : 97
1 0 0001111|0100|100 0x07A4
2 0 0010100|0110|000 0x0A30
2 1 0010111|0000|001 0x0B81
2 2 0011000|0110|110 0x0C36
2 3 0011001|0010|110 0x0C96
3 0 0000000|1001|110 0x004E
3 1 0000010|0010|011 0x0113
3 2 0000011|0010|011 0x0193
3 3 0000100|0000|110 0x0206
3 4 0000101|0010|011 0x0293
5 0 0001101|0100|101 0x06A5
9 0 0101110|0001|111 0x170F
9 1 0110000|0001|100 0x180C
9 2 0110011|0000|100 0x1984
a 0 0111001|0001|010 0x1C8A
a 1 0111100|0000|100 0x1E04
a 2 0111101|0010|100 0x1E94
b 0 0011010|0011|110 0x0D1E
b 1 0111111|0110|001 0x1FB1
b 2 1000000|0000|001 0x2001
c 0 0100000|1011|100 0x105C
e 0 0101100|0001|000 0x1608
BX = 001 Event : 98
2 0 0011000|0000|111 0x0C07
3 0 0000000|0000|110 0x0006
4 0 0000111|0001|111 0x038F
4 1 0001000|0000|111 0x0407
9 0 0101011|0000|100 0x1584
9 1 0101100|0000|100 0x1604
9 2 0101110|0110|101 0x1735
9 3 0101111|0100|100 0x17A4
a 0 0110010|0101|100 0x192C
a 1 0110011|0110|011 0x19B3
a 2 0110101|0001|110 0x1A8E
c 0 0100000|0010|111 0x1017
d 0 0100101|0100|101 0x12A5
e 0 0101000|1011|110 0x145E
BX = 010 Event : 99
1 0 0010011|0100|011 0x09A3
1 1 0010100|0100|011 0x0A23
1 2 0010101|0100|101 0x0AA5
1 3 0010110|0010|100 0x0B14
1 4 0010111|0101|100 0x0BAC
1 5 0011011|0101|100 0x0DAC
1 6 0011100|0100|111 0x0E27
3 0 0000000|0011|011 0x001B
4 0 0001001|0010|101 0x0495
4 1 0001010|0011|101 0x051D
4 2 0001110|0010|111 0x0717
4 3 0001111|0001|111 0x078F
9 0 0111001|0001|110 0x1C8E
9 1 0111101|0110|100 0x1EB4
9 2 1000011|0110|100 0x21B4
a 0 1001011|0011|001 0x2599
a 1 1001101|0011|100 0x269C
b 0 0101000|1010|011 0x1453
b 1 0101001|0010|011 0x1493
c 0 0110001|0000|111 0x1887
c 1 0110010|0000|111 0x1907
e 0 0110100|0000|110 0x1A06
e 1 0110101|1001|010 0x1ACA
BX = 011 Event : 100
2 0 0001111|0101|000 0x07A8
2 1 0010100|0011|010 0x0A1A
2 2 0010110|0010|010 0x0B12
3 0 0000000|1011|011 0x005B
4 0 0000101|0011|111 0x029F
6 0 0001000|1010|000 0x0450
a 0 0101101|0000|001 0x1681
a 1 0101110|0101|110 0x172E
c 0 0100001|0100|100 0x10A4
d 0 0100100|1011|101 0x125D
e 0 0100010|1001|000 0x1148
e 1 0100101|0011|110 0x129E
