BX = 000 Event : 1
1 0 0001111|0101|100 0x07AC
1 1 0010000|0000|100 0x0804
1 2 0010010|0110|011 0x0933
1 3 0010011|0010|010 0x0992
1 4 0010110|0001|001 0x0B09
2 0 0011010|0000|100 0x0D04
2 1 0011101|0100|111 0x0EA7
3 0 0100000|0110|001 0x1031
5 0 0000110|1001|011 0x034B
5 1 0000111|0010|101 0x0395
9 0 0101010|0000|001 0x1501
9 1 0101101|0101|011 0x16AB
9 2 0101110|0110|100 0x1734
9 3 0101111|0000|010 0x1782
9 4 0110010|0110|101 0x1935
9 5 0110101|0000|100 0x1A84
9 6 0111000|0101|100 0x1C2C
a 0 0111001|0010|100 0x1C94
a 1 0111010|0000|100 0x1D04
BX = 001 Event : 2
0 0 0000110|0100|111 0x0327
1 0 0001000|0100|000 0x0420
1 1 0010000|0011|101 0x081D
2 0 0010111|0011|010 0x0B9A
3 0 0000000|1001|011 0x004B
6 0 0000100|1011|011 0x025B
9 0 0100110|0000|001 0x1301
9 1 0101101|0100|010 0x16A2
a 0 0101110|0011|100 0x171C
a 1 0110010|0111|010 0x193A
c 0 0100001|0000|100 0x1084
c 1 0100010|0000|100 0x1104
BX = 010 Event : 3
1 0 0010011|0100|001 0x09A1
2 0 0011000|0000|010 0x0C02
2 1 0011001|0101|010 0x0CAA
3 0 0000000|1000|110 0x0046
3 1 0011110|0011|000 0x0F18
6 0 0010010|1000|010 0x0942
9 0 0101100|0010|010 0x1612
9 1 0101110|0110|010 0x1732
9 2 0101111|0100|101 0x17A5
9 3 0110000|0101|100 0x182C
a 0 0110011|0001|010 0x198A
a 1 0110100|0101|010 0x1A2A
a 2 0110101|0001|010 0x1A8A
b 0 0100000|0011|110 0x101E
c 0 0100011|0000|001 0x1181
e 0 0100111|1010|101 0x13D5
BX = 011 Event : 4
1 0 0001111|0110|110 0x07B6
1 1 0010010|0100|101 0x0925
3 0 0000000|0000|011 0x0003
4 0 0000100|0010|001 0x0211
4 1 0000111|1001|001 0x03C9
9 0 0011110|0001|100 0x0F0C
9 1 0100001|0101|111 0x10AF
a 0 0100010|0101|100 0x112C
a 1 0100011|0100|010 0x11A2
BX = 100 Event : 5
0 0 0001100|0100|110 0x0626
1 0 0010101|0001|110 0x0A8E
1 1 0010110|0001|110 0x0B0E
1 2 0010111|0010|110 0x0B96
1 3 0011000|0001|101 0x0C0D
1 4 0011011|0100|110 0x0DA6
2 0 0011010|0101|001 0x0D29
2 1 0011100|0100|010 0x0E22
2 2 0011110|0000|100 0x0F04
3 0 0000010|1010|011 0x0153
4 0 0000111|1010|111 0x03D7
9 0 0101101|0100|001 0x16A1
9 1 0101110|0110|010 0x1732
9 2 0110001|0001|011 0x188B
9 3 0110010|0000|010 0x1902
9 4 0110100|0110|010 0x1A32
a 0 0111101|0001|100 0x1E8C
c 0 0100010|0010|100 0x1114
d 0 0101010|0010|101 0x1515
BX = 101 Event : 6
1 0 0010011|0001|011 0x098B
2 0 0011101|0001|011 0x0E8B
2 1 0100000|0100|110 0x1026
5 0 0000110|1001|010 0x034A
5 1 0000111|0001|010 0x038A
5 2 0001100|0011|101 0x061D
9 0 0101011|0001|001 0x1589
9 1 0110100|0110|001 0x1A31
c 0 0100101|1010|110 0x12D6
e 0 0101000|1010|000 0x1450
BX = 110 Event : 7
1 0 0001111|0110|011 0x07B3
1 1 0010001|0110|011 0x08B3
1 2 0010100|0010|001 0x0A11
1 3 0010101|0110|001 0x0AB1
1 4 0011010|0101|010 0x0D2A
1 5 0011011|0101|010 0x0DAA
1 6 0011100|0101|010 0x0E2A
1 7 0011110|0010|101 0x0F15
2 0 0100011|0001|010 0x118A
2 1 0100100|0000|011 0x1203
2 2 0100111|0110|110 0x13B6
2 3 0101000|0011|110 0x141E
3 0 0000001|1011|011 0x00DB
4 0 0000101|0011|001 0x0299
4 1 0001010|0001|111 0x050F
8 0 0111000|0001|111 0x1C0F
8 1 0111011|0001|111 0x1D8F
8 2 0111110|0000|111 0x1F07
9 0 0111101|0100|000 0x1EA0
9 1 1000000|0001|001 0x2009
9 2 1000001|0101|010 0x20AA
9 3 1000100|0100|010 0x2222
9 4 1000101|0010|010 0x2292
9 5 1000110|0100|010 0x2322
a 0 1010010|0100|100 0x2924
b 0 0101100|1000|110 0x1646
b 1 0101101|0010|011 0x1693
c 0 0110001|0010|001 0x1891
d 0 0110101|1011|100 0x1ADC
BX = 111 Event : 8
2 0 0010111|0111|100 0x0BBC
5 0 0001000|1000|010 0x0442
5 1 0001001|1010|010 0x04D2
5 2 0001010|0010|101 0x0515
9 0 0101110|0010|001 0x1711
b 0 0011011|1001|110 0x0DCE
b 1 0011100|1000|110 0x0E46
e 0 0100110|0010|101 0x1315
e 1 0100111|0001|010 0x138A
BX = 000 Event : 9
2 0 0001111|0000|001 0x0781
2 1 0010001|0001|100 0x088C
2 2 0010010|0100|011 0x0923
2 3 0010011|0111|100 0x09BC
2 4 0010101|0000|101 0x0A85
2 5 0010110|0110|100 0x0B34
2 6 0010111|0000|100 0x0B84
3 0 0000010|0010|110 0x0116
3 1 0000011|0000|011 0x0183
3 2 0011000|0011|000 0x0C18
6 0 0001001|0001|011 0x048B
9 0 0100011|0001|011 0x118B
a 0 0101001|0010|110 0x1496
BX = 001 Event : 10
1 0 0001001|0101|111 0x04AF
1 1 0001011|0101|111 0x05AF
5 0 0000100|0010|011 0x0213
5 1 0000101|0010|011 0x0293
9 0 0011101|0001|010 0x0E8A
9 1 0011111|0001|010 0x0F8A
a 0 0100101|0110|010 0x12B2
a 1 0100110|0110|100 0x1334
d 0 0010110|1011|101 0x0B5D
BX = 010 Event : 11
1 0 0001001|0000|001 0x0481
1 1 0001010|0100|000 0x0520
1 2 0001100|0000|001 0x0601
1 3 0001101|0000|000 0x0680
1 4 0010010|0010|101 0x0915
3 0 0000000|0010|011 0x0013
9 0 0100100|0100|000 0x1220
9 1 0101011|0101|100 0x15AC
9 2 0101100|0100|100 0x1624
9 3 0101111|0101|100 0x17AC
9 4 0110000|0101|100 0x182C
b 0 0010110|1001|011 0x0B4B
e 0 0100011|1001|010 0x11CA
BX = 011 Event : 12
0 0 0001101|0100|111 0x06A7
1 0 0001100|0000|000 0x0600
1 1 0001110|0100|000 0x0720
1 2 0010001|0011|100 0x089C
1 3 0010010|0100|010 0x0922
1 4 0010111|0101|101 0x0BAD
3 0 0000001|0011|110 0x009E
3 1 0011111|0100|001 0x0FA1
4 0 0001000|0011|001 0x0419
4 1 0001001|1011|001 0x04D9
9 0 0110001|0010|011 0x1893
a 0 0110101|0100|011 0x1AA3
b 0 0100101|1011|110 0x12DE
c 0 0100110|0011|001 0x1319
c 1 0100111|0001|100 0x138C
BX = 100 Event : 13
1 0 0010101|0000|111 0x0A87
2 0 0011010|0010|001 0x0D11
4 0 0000100|0000|111 0x0207
4 1 0000101|0010|111 0x0297
8 0 0100010|0100|111 0x1127
9 0 0100011|0110|100 0x11B4
9 1 0100101|0101|100 0x12AC
9 2 0100110|0001|010 0x130A
9 3 0101000|0010|100 0x1414
9 4 0101001|0101|100 0x14AC
b 0 0011101|1001|011 0x0ECB
b 1 0011110|0011|011 0x0F1B
c 0 0100000|1010|001 0x1051
BX = 101 Event : 14
1 0 0010000|0001|010 0x080A
2 0 0010011|0001|100 0x098C
2 1 0010100|0010|110 0x0A16
2 2 0010110|0010|101 0x0B15
2 3 0011000|0011|100 0x0C1C
3 0 0000001|1001|011 0x00CB
3 1 0011010|0100|001 0x0D21
3 2 0011011|0011|000 0x0D98
4 0 0000011|0011|001 0x0199
4 1 0000101|1000|001 0x02C1
4 2 0000111|1011|111 0x03DF
5 0 0001000|0011|101 0x041D
9 0 0100111|0000|001 0x1381
9 1 0101001|0001|000 0x1488
9 2 0101011|0100|100 0x15A4
9 3 0101100|0000|001 0x1601
9 4 0101101|0101|100 0x16AC
9 5 0110010|0000|001 0x1901
a 0 0111101|0001|110 0x1E8E
a 1 0111110|0110|110 0x1F36
a 2 0111111|0001|110 0x1F8E
a 3 1000000|0010|111 0x2017
b 0 0011100|0001|011 0x0E0B
c 0 0011111|0011|100 0x0F9C
d 0 0100001|1010|101 0x10D5
BX = 110 Event : 15
1 0 0001111|0000|000 0x0780
1 1 0010001|0101|001 0x08A9
1 2 0010011|0110|011 0x09B3
1 3 0010101|0101|010 0x0AAA
1 4 0010110|0101|110 0x0B2E
1 5 0010111|0100|110 0x0BA6
1 6 0011000|0011|101 0x0C1D
1 7 0011010|0000|101 0x0D05
1 8 0011011|0011|101 0x0D9D
1 9 0011100|0000|101 0x0E05
1 a 0011101|0110|101 0x0EB5
1 b 0011110|0010|100 0x0F14
2 0 0100010|0110|100 0x1134
2 1 0100101|0101|100 0x12AC
3 0 0000000|0001|011 0x000B
3 1 0000001|0001|011 0x008B
3 2 0100111|0000|000 0x1380
4 0 0000110|0000|001 0x0301
4 1 0001000|1000|001 0x0441
5 0 0001011|0000|101 0x0585
8 0 0111100|0100|111 0x1E27
8 1 0111101|0100|110 0x1EA6
8 2 1000000|0001|110 0x200E
9 0 0111110|0100|001 0x1F21
9 1 1000001|0110|100 0x20B4
9 2 1000010|0000|100 0x2104
9 3 1000100|0100|001 0x2221
a 0 1001010|0111|100 0x253C
a 1 1001011|0110|011 0x25B3
a 2 1001100|0001|001 0x2609
a 3 1001110|0001|110 0x270E
b 0 0101001|1000|110 0x14C6
b 1 0101010|1001|011 0x154B
c 0 0110100|1010|001 0x1A51
c 1 0110101|0010|001 0x1A91
e 0 0111011|0000|110 0x1D86
BX = 111 Event : 16
2 0 0001101|0010|110 0x0696
3 0 0000001|1011|011 0x00DB
4 0 0000101|0010|111 0x0297
4 1 0000110|0000|111 0x0307
9 0 0011011|0100|001 0x0DA1
9 1 0100000|0110|001 0x1031
a 0 0100100|0000|100 0x1204
b 0 0010000|1011|110 0x085E
b 1 0010001|1001|110 0x08CE
b 2 0010010|1001|110 0x094E
b 3 0010011|0010|110 0x0996
b 4 0100101|0011|001 0x1299
c 0 0010101|0011|001 0x0A99
d 0 0011001|1011|101 0x0CDD
BX = 000 Event : 17
1 0 0001101|0110|011 0x06B3
3 0 0010001|0011|000 0x0898
4 0 0000100|1001|100 0x024C
8 0 0011110|0100|111 0x0F27
9 0 0011111|0100|001 0x0FA1
9 1 0100000|0000|001 0x1001
9 2 0100010|0000|101 0x1105
b 0 0010110|1010|011 0x0B53
d 0 0011000|1000|010 0x0C42
e 0 0011100|1100|110 0x0E66
BX = 001 Event : 18
1 0 0001101|0000|100 0x0684
2 0 0010000|0010|000 0x0810
2 1 0010010|0001|001 0x0909
2 2 0010100|0000|110 0x0A06
5 0 0001001|0010|101 0x0495
9 0 0100100|0100|000 0x1220
9 1 0101000|0110|010 0x1432
9 2 0110000|0001|111 0x180F
a 0 0110010|0000|100 0x1904
a 1 0110011|0010|010 0x1992
a 2 0110100|0010|010 0x1A12
a 3 0111000|0010|111 0x1C17
b 0 0011001|1010|011 0x0CD3
c 0 0011110|1001|111 0x0F4F
c 1 0011111|1001|110 0x0FCE
BX = 010 Event : 19
1 0 0001110|0100|000 0x0720
1 1 0010100|0011|100 0x0A1C
4 0 0000101|1010|111 0x02D7
4 1 0000110|1001|111 0x034F
4 2 0001001|0000|111 0x0487
5 0 0000111|1010|011 0x03D3
5 1 0001000|1010|011 0x0453
9 0 0100100|0100|000 0x1220
9 1 0100111|0001|011 0x138B
a 0 0101101|0100|000 0x16A0
b 0 0011011|1011|011 0x0DDB
b 1 0110011|0000|001 0x1981
b 2 0110101|0100|001 0x1AA1
c 0 0100001|1010|111 0x10D7
c 1 0100010|0011|111 0x111F
d 0 0100000|0001|010 0x100A
BX = 011 Event : 20
0 0 0001010|0100|110 0x0526
0 1 0001100|0000|111 0x0607
1 0 0001111|0011|100 0x079C
1 1 0010010|0001|100 0x090C
2 0 0010100|0110|010 0x0A32
2 1 0010111|0110|110 0x0BB6
3 0 0000001|0011|110 0x009E
3 1 0000010|1010|011 0x0153
3 2 0000011|0100|011 0x01A3
3 3 0000100|1011|011 0x025B
3 4 0000101|1001|011 0x02CB
4 0 0000110|0011|101 0x031D
9 0 0101011|0101|100 0x15AC
9 1 0101100|0110|100 0x1634
9 2 0110010|0101|100 0x192C
9 3 0110110|0101|111 0x1B2F
9 4 0110111|0100|111 0x1BA7
a 0 0111000|0110|110 0x1C36
b 0 0011101|0011|011 0x0E9B
b 1 0011110|0000|011 0x0F03
BX = 100 Event : 21
1 0 0000110|0010|011 0x0313
1 1 0001001|0011|110 0x049E
4 0 0000010|0001|001 0x0109
6 0 0000100|1000|110 0x0246
a 0 0100000|0100|100 0x1024
c 0 0010000|0001|001 0x0809
d 0 0010001|0001|101 0x088D
e 0 0010011|1000|110 0x09C6
e 1 0010100|0001|110 0x0A0E
BX = 101 Event : 22
1 0 0000111|0000|000 0x0380
2 0 0010010|0011|011 0x091B
2 1 0010011|0110|110 0x09B6
2 2 0010100|0101|100 0x0A2C
2 3 0010101|0101|100 0x0AAC
4 0 0000010|0001|111 0x010F
5 0 0000100|1001|101 0x024D
8 0 0101010|0001|110 0x150E
9 0 0101110|0100|011 0x1723
9 1 0110000|0010|010 0x1812
9 2 0110001|0000|100 0x1884
9 3 0110010|0100|010 0x1922
a 0 0110111|0001|001 0x1B89
a 1 0111100|0000|001 0x1E01
a 2 0111110|0101|110 0x1F2E
a 3 1000000|0010|110 0x2016
a 4 1000001|0110|100 0x20B4
b 0 0011001|0010|011 0x0C93
b 1 0011010|1001|011 0x0D4B
c 0 0011101|1001|100 0x0ECC
d 0 0100110|0100|100 0x1324
BX = 110 Event : 23
1 0 0000110|0100|000 0x0320
1 1 0000111|0100|011 0x03A3
1 2 0001010|0100|010 0x0522
1 3 0001100|0100|110 0x0626
1 4 0001101|0110|101 0x06B5
1 5 0001110|0010|101 0x0715
2 0 0001111|0000|000 0x0780
3 0 0000001|1010|011 0x00D3
6 0 0000100|0010|011 0x0213
9 0 0011110|0010|011 0x0F13
9 1 0100010|0010|100 0x1114
c 0 0010110|0011|001 0x0B19
d 0 0011000|1010|100 0x0C54
e 0 0011010|0100|011 0x0D23
e 1 0011011|0000|101 0x0D85
e 2 0011100|1010|101 0x0E55
e 3 0011101|1100|101 0x0EE5
BX = 111 Event : 24
1 0 0001101|0000|000 0x0680
1 1 0001111|0000|000 0x0780
1 2 0010000|0010|001 0x0811
1 3 0010100|0101|110 0x0A2E
2 0 0010111|0010|000 0x0B90
2 1 0011011|0010|111 0x0D97
3 0 0000000|1000|011 0x0043
3 1 0000001|0011|011 0x009B
3 2 0011010|0100|000 0x0D20
4 0 0000011|0000|100 0x0184
4 1 0000111|1010|111 0x03D7
6 0 0001010|1000|011 0x0543
9 0 0100111|0100|001 0x13A1
a 0 0101100|0010|001 0x1611
a 1 0101101|0100|000 0x16A0
a 2 0101110|0100|000 0x1720
a 3 0110010|0001|010 0x190A
a 4 0110011|0110|110 0x19B6
b 0 0011110|0011|110 0x0F1E
b 1 0011111|0011|011 0x0F9B
c 0 0100000|1001|001 0x1049
c 1 0100001|1000|111 0x10C7
BX = 000 Event : 25
0 0 0000110|0001|111 0x030F
1 0 0001000|0100|000 0x0420
1 1 0001011|0110|100 0x05B4
2 0 0001101|0100|000 0x06A0
3 0 0000010|0000|110 0x0106
3 1 0000011|0011|011 0x019B
8 0 0100010|0001|111 0x110F
8 1 0100011|0000|110 0x1186
a 0 0101011|0001|100 0x158C
b 0 0010011|0000|110 0x0986
b 1 0010100|1000|110 0x0A46
b 2 0010101|1000|011 0x0AC3
c 0 0011000|1011|001 0x0C59
c 1 0011001|1001|001 0x0CC9
d 0 0011100|0000|010 0x0E02
BX = 001 Event : 26
0 0 0001000|0000|111 0x0407
1 0 0001011|0101|001 0x05A9
9 0 0011110|0001|010 0x0F0A
a 0 0100110|0101|010 0x132A
a 1 0100111|0100|001 0x13A1
b 0 0010100|0000|110 0x0A06
b 1 0101000|0110|000 0x1430
c 0 0010110|0001|001 0x0B09
BX = 010 Event : 27
1 0 0000111|0100|010 0x03A2
1 1 0001001|0010|100 0x0494
3 0 0000001|1010|011 0x00D3
4 0 0000011|0001|100 0x018C
9 0 0100111|0001|100 0x138C
9 1 0101000|0000|100 0x1404
a 0 0101011|0101|010 0x15AA
c 0 0011010|1010|001 0x0D51
d 0 0011101|1010|010 0x0ED2
BX = 011 Event : 28
1 0 0001010|0110|011 0x0533
1 1 0001011|0010|001 0x0591
1 2 0001100|0001|011 0x060B
1 3 0001101|0001|001 0x0689
1 4 0010001|0010|101 0x0895
1 5 0010010|0001|101 0x090D
2 0 0010110|0111|010 0x0B3A
3 0 0000100|1010|011 0x0253
4 0 0000110|1000|100 0x0344
9 0 0100011|0001|010 0x118A
a 0 0101000|0011|100 0x141C
b 0 0011010|0001|110 0x0D0E
e 0 0011110|1000|000 0x0F40
BX = 100 Event : 29
0 0 0001100|0100|111 0x0627
1 0 0001111|0010|011 0x0793
1 1 0010001|0010|010 0x0892
1 2 0010010|0110|010 0x0932
1 3 0010101|0101|110 0x0AAE
1 4 0011000|0101|111 0x0C2F
2 0 0011001|0000|010 0x0C82
3 0 0000010|0100|011 0x0123
3 1 0000011|0011|011 0x019B
4 0 0000111|0011|111 0x039F
5 0 0001001|0011|101 0x049D
9 0 0101101|0010|111 0x1697
b 0 0100010|0100|011 0x1123
b 1 0110001|0011|001 0x1899
BX = 101 Event : 30
1 0 0001010|0000|001 0x0501
1 1 0001101|0001|001 0x0689
1 2 0001111|0100|011 0x07A3
1 3 0010001|0010|001 0x0891
1 4 0011000|0100|101 0x0C25
3 0 0011011|0010|001 0x0D91
4 0 0000100|0001|001 0x0209
4 1 0000101|0001|001 0x0289
5 0 0001000|0001|011 0x040B
9 0 0110111|0010|111 0x1B97
9 1 0111000|0010|111 0x1C17
a 0 0111011|0110|010 0x1DB2
c 0 0011110|0011|100 0x0F1C
e 0 0100100|1000|010 0x1242
BX = 110 Event : 31
1 0 0001100|0001|001 0x0609
1 1 0001111|0101|101 0x07AD
1 2 0010000|0100|100 0x0824
4 0 0000001|1000|001 0x00C1
8 0 0100000|0000|111 0x1007
d 0 0011010|0011|010 0x0D1A
BX = 111 Event : 32
1 0 0010110|0100|001 0x0B21
1 1 0010111|0100|001 0x0BA1
1 2 0011000|0100|110 0x0C26
1 3 0011011|0010|100 0x0D94
2 0 0100001|0100|100 0x10A4
2 1 0100010|0001|111 0x110F
3 0 0000011|1010|011 0x01D3
3 1 0000100|1011|011 0x025B
4 0 0001010|1010|001 0x0551
4 1 0001100|1010|111 0x0657
4 2 0001101|0011|111 0x069F
6 0 0001111|1010|010 0x07D2
6 1 0010000|1010|110 0x0856
9 0 0101111|0001|000 0x1788
9 1 0110000|0000|000 0x1800
9 2 0110101|0101|001 0x1AA9
9 3 0111000|0100|110 0x1C26
9 4 0111011|0001|101 0x1D8D
9 5 0111101|0000|100 0x1E84
9 6 1000000|0000|111 0x2007
a 0 0111111|0000|001 0x1F81
b 0 0100100|1000|011 0x1243
c 0 0100111|1000|100 0x13C4
c 1 0101010|1000|111 0x1547
d 0 0101011|0000|010 0x1582
BX = 000 Event : 33
1 0 0001000|0010|011 0x0413
1 1 0001001|0010|011 0x0493
1 2 0001100|0101|100 0x062C
1 3 0001101|0110|010 0x06B2
1 4 0001110|0001|110 0x070E
1 5 0001111|0000|101 0x0785
1 6 0010000|0011|100 0x081C
2 0 0010001|0010|000 0x0890
2 1 0010011|0001|010 0x098A
3 0 0010101|0000|001 0x0A81
5 0 0000011|1010|101 0x01D5
9 0 0101100|0110|100 0x1634
9 1 0101111|0101|100 0x17AC
a 0 0110011|0110|010 0x19B2
b 0 0110101|0001|000 0x1A88
c 0 0011011|0010|111 0x0D97
d 0 0011100|1000|010 0x0E42
e 0 0011111|0000|000 0x0F80
BX = 001 Event : 34
0 0 0000100|0100|111 0x0227
1 0 0001011|0110|100 0x05B4
2 0 0001100|0010|000 0x0610
2 1 0010000|0010|101 0x0815
3 0 0000000|1011|011 0x005B
3 1 0010001|0110|001 0x08B1
3 2 0010010|0111|000 0x0938
9 0 0011110|0100|000 0x0F20
9 1 0100011|0101|010 0x11AA
a 0 0110010|0001|100 0x190C
b 0 0010111|0001|110 0x0B8E
d 0 0011011|0011|010 0x0D9A
BX = 010 Event : 35
1 0 0001110|0000|100 0x0704
4 0 0000011|1011|111 0x01DF
5 0 0000100|0000|101 0x0205
6 0 0000110|0000|010 0x0302
a 0 0101001|0110|010 0x14B2
a 1 0101010|0001|010 0x150A
a 2 0101110|0010|010 0x1712
a 3 0101111|0000|010 0x1782
b 0 0010101|0100|110 0x0AA6
b 1 0010110|1010|011 0x0B53
c 0 0011000|1000|001 0x0C41
c 1 0011010|0010|100 0x0D14
c 2 0011011|1001|001 0x0DC9
c 3 0011100|0001|111 0x0E0F
c 4 0011101|0001|110 0x0E8E
BX = 011 Event : 36
1 0 0001100|0110|100 0x0634
1 1 0001101|0110|100 0x06B4
1 2 0010100|0110|100 0x0A34
2 0 0011000|0010|100 0x0C14
2 1 0011001|0101|010 0x0CAA
2 2 0011011|0011|111 0x0D9F
3 0 0000000|1010|011 0x0053
3 1 0011010|0110|001 0x0D31
6 0 0000011|1010|000 0x01D0
9 0 0101000|0100|010 0x1422
a 0 0101010|0011|010 0x151A
b 0 0011101|1001|110 0x0ECE
b 1 0101100|0100|001 0x1621
BX = 100 Event : 37
1 0 0010000|0100|001 0x0821
1 1 0010001|0000|001 0x0881
1 2 0010101|0010|100 0x0A94
1 3 0010111|0010|010 0x0B92
1 4 0011000|0101|110 0x0C2E
2 0 0011100|0010|000 0x0E10
3 0 0000001|1011|110 0x00DE
4 0 0000110|1011|100 0x035C
5 0 0000111|1010|010 0x03D2
5 1 0001010|0010|101 0x0515
5 2 0001011|1011|101 0x05DD
6 0 0001101|1010|110 0x06D6
6 1 0001111|1010|110 0x07D6
8 0 0101111|0100|111 0x17A7
9 0 0111000|0001|111 0x1C0F
9 1 0111110|0010|111 0x1F17
a 0 0111100|0010|001 0x1E11
a 1 1000000|0001|010 0x200A
a 2 1000010|0001|110 0x210E
a 3 1000011|0110|100 0x21B4
b 0 0100101|0000|011 0x1283
c 0 0100111|1000|001 0x13C1
c 1 0101000|1000|100 0x1444
d 0 0101010|0000|101 0x1505
BX = 101 Event : 38
0 0 0001101|0001|111 0x068F
0 1 0001111|0000|111 0x0787
1 0 0010001|0110|011 0x08B3
1 1 0010010|0001|011 0x090B
1 2 0011110|0001|110 0x0F0E
2 0 0100010|0100|001 0x1121
2 1 0100011|0101|000 0x11A8
2 2 0101001|0000|100 0x1484
2 3 0101100|0001|111 0x160F
3 0 0000001|1011|011 0x00DB
3 1 0101101|0011|000 0x1698
4 0 0001000|1000|111 0x0447
4 1 0001001|1001|111 0x04CF
9 0 0111110|0100|000 0x1F20
9 1 1000100|0010|110 0x2216
9 2 1000110|0011|100 0x231C
a 0 1001101|0001|011 0x268B
b 0 0110001|0010|110 0x1896
b 1 1001111|0101|000 0x27A8
b 2 1010000|0001|000 0x2808
c 0 0110101|1000|001 0x1AC1
c 1 0111001|0010|110 0x1C96
d 0 0110111|1001|010 0x1BCA
e 0 0111010|1011|000 0x1D58
BX = 110 Event : 39
1 0 0001111|0001|011 0x078B
1 1 0010000|0000|110 0x0806
2 0 0010011|0100|010 0x09A2
2 1 0010100|0110|010 0x0A32
2 2 0010101|0101|011 0x0AAB
3 0 0000000|1011|011 0x005B
4 0 0000011|1001|001 0x01C9
6 0 0000111|1010|011 0x03D3
9 0 0100110|0000|001 0x1301
9 1 0101000|0000|011 0x1403
9 2 0101001|0000|010 0x1482
9 3 0101010|0000|010 0x1502
9 4 0101100|0101|001 0x1629
9 5 0101101|0110|001 0x16B1
9 6 0101110|0001|100 0x170C
9 7 0110001|0000|110 0x1886
9 8 0110010|0101|110 0x192E
9 9 0110011|0101|101 0x19AD
a 0 0111000|0010|010 0x1C12
a 1 0111010|0010|001 0x1D11
b 0 0011001|0011|110 0x0C9E
b 1 0111011|0011|000 0x1D98
c 0 0011111|1001|100 0x0FCC
c 1 0100010|0010|110 0x1116
d 0 0100101|0011|101 0x129D
BX = 111 Event : 40
1 0 0001001|0001|011 0x048B
1 1 0001100|0110|011 0x0633
1 2 0001111|0000|110 0x0786
1 3 0010000|0010|110 0x0816
2 0 0010101|0010|010 0x0A92
2 1 0011000|0001|111 0x0C0F
3 0 0000001|0100|011 0x00A3
3 1 0000010|1011|011 0x015B
9 0 0100010|0100|001 0x1121
9 1 0100011|0110|001 0x11B1
a 0 0101000|0101|011 0x142B
a 1 0101001|0100|010 0x14A2
e 0 0011111|1001|101 0x0FCD
BX = 000 Event : 41
1 0 0001010|0010|001 0x0511
1 1 0001110|0010|101 0x0715
2 0 0010110|0100|111 0x0B27
3 0 0000001|1010|110 0x00D6
3 1 0000010|1001|011 0x014B
3 2 0000101|0010|011 0x0293
4 0 0000111|1010|111 0x03D7
6 0 0001000|0000|000 0x0400
9 0 0100011|0000|000 0x1180
9 1 0101010|0010|010 0x1512
9 2 0101101|0010|100 0x1694
9 3 0101110|0110|100 0x1734
a 0 0110010|0100|001 0x1921
a 1 0110100|0100|011 0x1A23
a 2 0110101|0110|011 0x1AB3
a 3 0110111|0100|010 0x1BA2
a 4 0111000|0111|010 0x1C3A
a 5 0111010|0011|110 0x1D1E
a 6 0111011|0000|110 0x1D86
c 0 0011000|1000|100 0x0C44
e 0 0011111|1001|011 0x0FCB
e 1 0100000|1001|101 0x104D
BX = 001 Event : 42
1 0 0001101|0101|101 0x06AD
1 1 0001110|0101|101 0x072D
4 0 0000001|0001|001 0x0089
6 0 0000111|1001|000 0x03C8
8 0 0100001|0100|111 0x10A7
8 1 0100100|0100|111 0x1227
8 2 0100101|0100|111 0x12A7
9 0 0100011|0100|000 0x11A0
9 1 0101001|0000|100 0x1484
c 0 0011010|1010|001 0x0D51
c 1 0011011|0010|001 0x0D91
c 2 0011101|0011|111 0x0E9F
BX = 010 Event : 43
0 0 0000111|0001|110 0x038E
1 0 0001100|0101|001 0x0629
2 0 0001111|0000|001 0x0781
2 1 0010011|0000|001 0x0981
2 2 0010100|0011|001 0x0A19
2 3 0010101|0101|011 0x0AAB
2 4 0010110|0101|011 0x0B2B
3 0 0000001|1001|110 0x00CE
3 1 0000010|0011|110 0x011E
4 0 0000011|1010|001 0x01D1
8 0 0100110|0000|111 0x1307
9 0 0100101|0000|000 0x1280
9 1 0101011|0100|010 0x15A2
9 2 0101101|0001|001 0x1689
9 3 0101111|0110|100 0x17B4
9 4 0110011|0101|101 0x19AD
a 0 0110101|0111|011 0x1ABB
b 0 0011011|1010|110 0x0DD6
b 1 0011100|0100|110 0x0E26
BX = 011 Event : 44
1 0 0001001|0010|011 0x0493
1 1 0001010|0110|011 0x0533
1 2 0001111|0100|100 0x07A4
1 3 0010001|0011|101 0x089D
1 4 0010100|0001|101 0x0A0D
3 0 0000000|1001|011 0x004B
4 0 0000011|1010|001 0x01D1
5 0 0000101|0010|011 0x0293
5 1 0000111|0010|101 0x0395
6 0 0001000|0000|110 0x0406
9 0 0100010|0001|100 0x110C
9 1 0100011|0110|100 0x11B4
9 2 0100110|0000|101 0x1305
9 3 0100111|0010|101 0x1395
9 4 0101000|0101|101 0x142D
c 0 0011011|0000|100 0x0D84
c 1 0011100|0010|100 0x0E14
BX = 100 Event : 45
0 0 0001011|0001|111 0x058F
1 0 0001100|0101|100 0x062C
1 1 0001110|0001|100 0x070C
1 2 0010000|0101|110 0x082E
1 3 0010001|0010|100 0x0894
2 0 0010100|0000|010 0x0A02
2 1 0010101|0111|100 0x0ABC
2 2 0011000|0110|100 0x0C34
3 0 0000000|0100|110 0x0026
3 1 0000001|1001|011 0x00CB
3 2 0000010|1001|011 0x014B
3 3 0011010|0001|000 0x0D08
4 0 0000100|1001|100 0x024C
4 1 0000101|1010|111 0x02D7
5 0 0001000|0100|101 0x0425
6 0 0000111|0011|000 0x0398
9 0 0101010|0100|001 0x1521
9 1 0101011|0000|000 0x1580
9 2 0101100|0110|001 0x1631
9 3 0101101|0000|101 0x1685
9 4 0101110|0010|100 0x1714
a 0 0110110|0011|110 0x1B1E
a 1 0110111|0010|100 0x1B94
a 2 0111000|0001|100 0x1C0C
a 3 0111100|0100|111 0x1E27
b 0 0111011|0001|000 0x1D88
c 0 0011111|0001|100 0x0F8C
c 1 0100011|1011|111 0x11DF
d 0 0100100|1000|010 0x1242
BX = 101 Event : 46
1 0 0001110|0001|001 0x0709
1 1 0010100|0100|110 0x0A26
1 2 0010101|0000|110 0x0A86
2 0 0010110|0000|100 0x0B04
2 1 0011111|0000|111 0x0F87
3 0 0000001|1000|110 0x00C6
3 1 0000010|1000|011 0x0143
3 2 0011100|0000|001 0x0E01
3 3 0011101|0000|000 0x0E80
3 4 0011110|0110|000 0x0F30
9 0 0101010|0011|010 0x151A
b 0 0100010|0001|110 0x110E
b 1 0100011|0011|110 0x119E
e 0 0100101|0011|000 0x1298
e 1 0100110|0011|010 0x131A
BX = 110 Event : 47
1 0 0000111|0100|001 0x03A1
1 1 0001110|0001|101 0x070D
2 0 0010000|0111|100 0x083C
2 1 0010001|0001|010 0x088A
2 2 0010010|0000|010 0x0902
2 3 0010100|0111|111 0x0A3F
2 4 0010110|0000|110 0x0B06
4 0 0000001|1000|111 0x00C7
4 1 0000010|1010|111 0x0157
4 2 0000011|0011|111 0x019F
8 0 0011101|0100|110 0x0EA6
9 0 0011110|0000|000 0x0F00
9 1 0100110|0001|110 0x130E
a 0 0101001|0100|001 0x14A1
a 1 0101011|0110|110 0x15B6
a 2 0101101|0011|100 0x169C
d 0 0011100|0000|010 0x0E02
BX = 111 Event : 48
1 0 0001010|0010|100 0x0514
1 1 0001011|0011|001 0x0599
1 2 0001101|0001|010 0x068A
2 0 0010000|0000|100 0x0804
4 0 0000101|0011|111 0x029F
8 0 0100001|0000|111 0x1087
9 0 0101001|0011|100 0x149C
a 0 0101011|0101|001 0x15A9
a 1 0101110|0001|011 0x170B
b 0 0010101|1001|110 0x0ACE
b 1 0010111|0100|011 0x0BA3
b 2 0011000|1001|011 0x0C4B
c 0 0011001|1011|100 0x0CDC
c 1 0011100|0000|111 0x0E07
BX = 000 Event : 49
1 0 0001101|0001|011 0x068B
1 1 0001111|0110|010 0x07B2
1 2 0010000|0100|010 0x0822
2 0 0010111|0100|000 0x0BA0
2 1 0011001|0001|010 0x0C8A
2 2 0011010|0100|010 0x0D22
2 3 0011011|0001|010 0x0D8A
2 4 0011111|0011|111 0x0F9F
3 0 0000100|0011|011 0x021B
4 0 0001010|1010|111 0x0557
5 0 0001001|0011|011 0x049B
9 0 0101001|0101|100 0x14AC
9 1 0101011|0110|001 0x15B1
9 2 0101100|0000|100 0x1604
9 3 0101101|0001|011 0x168B
9 4 0110011|0101|101 0x19AD
9 5 0110100|0110|100 0x1A34
9 6 0110101|0001|100 0x1A8C
a 0 0111000|0110|011 0x1C33
c 0 0100100|0000|111 0x1207
d 0 0100101|0010|010 0x1292
d 1 0100110|0010|101 0x1315
BX = 001 Event : 50
1 0 0001000|0101|100 0x042C
2 0 0010010|0110|010 0x0932
2 1 0010100|0010|101 0x0A15
5 0 0000101|1000|010 0x02C2
9 0 0100000|0101|010 0x102A
9 1 0100011|0010|101 0x1195
9 2 0100100|0001|100 0x120C
c 0 0011000|1001|001 0x0C49
c 1 0011010|0000|001 0x0D01
c 2 0011011|0001|001 0x0D89
BX = 010 Event : 51
1 0 0001001|0000|000 0x0480
1 1 0010001|0000|010 0x0882
2 0 0010101|0110|100 0x0AB4
2 1 0011010|0110|100 0x0D34
3 0 0000001|1001|110 0x00CE
9 0 0101000|0000|010 0x1402
9 1 0101010|0000|001 0x1501
9 2 0101101|0100|111 0x16A7
c 0 0011101|1010|100 0x0ED4
c 1 0011111|1010|001 0x0FD1
BX = 011 Event : 52
1 0 0001011|0001|100 0x058C
1 1 0010000|0100|110 0x0826
1 2 0010001|0010|101 0x0895
1 3 0010011|0000|100 0x0984
2 0 0010110|0110|010 0x0B32
2 1 0011000|0101|101 0x0C2D
3 0 0000010|1011|011 0x015B
9 0 0101100|0000|001 0x1601
9 1 0101111|0001|011 0x178B
9 2 0110000|0110|001 0x1831
9 3 0110010|0001|110 0x190E
a 0 0111000|0101|110 0x1C2E
b 0 0011010|1011|110 0x0D5E
b 1 0111001|0111|001 0x1CB9
c 0 0011100|0010|100 0x0E14
e 0 0100011|0100|000 0x11A0
e 1 0101001|1000|101 0x14C5
BX = 100 Event : 53
2 0 0001111|0111|010 0x07BA
2 1 0010001|0000|100 0x0884
8 0 0011101|0100|111 0x0EA7
9 0 0011100|0100|000 0x0E20
9 1 0011111|0100|010 0x0FA2
9 2 0100011|0011|100 0x119C
9 3 0100100|0101|100 0x122C
a 0 0100101|0011|010 0x129A
a 1 0100110|0011|010 0x131A
a 2 0101010|0010|100 0x1514
BX = 101 Event : 54
1 0 0000110|0100|001 0x0321
1 1 0000111|0100|001 0x03A1
1 2 0001000|0000|001 0x0401
1 3 0001011|0101|001 0x05A9
1 4 0001100|0100|100 0x0624
1 5 0001101|0000|100 0x0684
1 6 0001110|0000|011 0x0703
1 7 0010001|0100|110 0x08A6
1 8 0010010|0100|110 0x0926
2 0 0010101|0100|001 0x0AA1
2 1 0010110|0010|000 0x0B10
3 0 0011000|0010|000 0x0C10
9 0 0101010|0100|101 0x1525
b 0 0011010|0010|110 0x0D16
b 1 0011100|1000|011 0x0E43
c 0 0011111|0001|001 0x0F89
BX = 110 Event : 55
0 0 0001111|0000|110 0x0786
1 0 0010100|0001|011 0x0A0B
1 1 0010110|0101|101 0x0B2D
1 2 0010111|0010|101 0x0B95
2 0 0011011|0100|100 0x0DA4
2 1 0011100|0011|100 0x0E1C
3 0 0000000|1011|110 0x005E
3 1 0000001|0000|011 0x0083
4 0 0000110|1011|111 0x035F
4 1 0001010|0001|111 0x050F
5 0 0001001|1001|011 0x04CB
5 1 0001100|0011|101 0x061D
9 0 0101111|0100|101 0x17A5
9 1 0110001|0101|111 0x18AF
9 2 0110010|0000|111 0x1907
9 3 0110011|0010|110 0x1996
a 0 0110100|0101|011 0x1A2B
c 0 0011110|0011|001 0x0F19
BX = 111 Event : 56
0 0 0010011|0000|111 0x0987
1 0 0010110|0000|100 0x0B04
1 1 0011000|0010|101 0x0C15
1 2 0011001|0000|101 0x0C85
4 0 0000111|1010|101 0x03D5
4 1 0001100|1000|111 0x0647
5 0 0001011|1001|011 0x05CB
9 0 0111011|0010|100 0x1D94
9 1 0111100|0001|100 0x1E0C
9 2 0111101|0101|010 0x1EAA
9 3 0111111|0010|010 0x1F92
b 0 0101001|0011|011 0x149B
c 0 0101110|0001|001 0x1709
d 0 0110010|0100|101 0x1925
e 0 0110001|1001|000 0x18C8
e 1 0110100|0010|010 0x1A12
e 2 0110101|0001|010 0x1A8A
BX = 000 Event : 57
0 0 0000100|0100|111 0x0227
0 1 0000111|0000|111 0x0387
1 0 0000101|0100|000 0x02A0
1 1 0000110|0100|000 0x0320
1 2 0001010|0001|011 0x050B
1 3 0001011|0000|010 0x0582
1 4 0001100|0010|001 0x0611
1 5 0001101|0101|100 0x06AC
1 6 0001110|0001|010 0x070A
1 7 0001111|0000|001 0x0781
2 0 0010110|0101|001 0x0B29
3 0 0000001|0100|110 0x00A6
3 1 0000010|0011|011 0x011B
3 2 0011001|0111|000 0x0CB8
9 0 0101001|0110|001 0x14B1
9 1 0101010|0110|001 0x1531
9 2 0101011|0101|110 0x15AE
9 3 0101100|0100|100 0x1624
9 4 0110010|0101|110 0x192E
a 0 0111001|0001|111 0x1C8F
c 0 0011101|0001|100 0x0E8C
c 1 0011110|1000|001 0x0F41
e 0 0100001|0001|011 0x108B
e 1 0100011|1011|101 0x11DD
BX = 001 Event : 58
0 0 0001100|0001|110 0x060E
1 0 0001010|0100|001 0x0521
1 1 0001011|0100|001 0x05A1
1 2 0001101|0000|011 0x0683
1 3 0001110|0100|010 0x0722
2 0 0010100|0100|010 0x0A22
2 1 0010110|0010|010 0x0B12
2 2 0011000|0001|101 0x0C0D
2 3 0011001|0100|101 0x0CA5
3 0 0000001|0001|110 0x008E
4 0 0000101|0000|100 0x0284
9 0 0101111|0110|010 0x17B2
9 1 0111000|0110|100 0x1C34
a 0 0111011|0010|001 0x1D91
a 1 0111110|0100|010 0x1F22
a 2 0111111|0100|111 0x1FA7
c 0 0100010|1001|100 0x114C
d 0 0100110|0001|010 0x130A
BX = 010 Event : 59
1 0 0001101|0100|100 0x06A4
1 1 0001110|0001|100 0x070C
1 2 0010010|0001|101 0x090D
2 0 0010011|0101|001 0x09A9
2 1 0010100|0000|000 0x0A00
2 2 0011000|0110|010 0x0C32
2 3 0011001|0011|010 0x0C9A
2 4 0011010|0000|001 0x0D01
4 0 0000100|1011|111 0x025F
4 1 0000101|1010|111 0x02D7
4 2 0000111|1001|111 0x03CF
9 0 0100010|0100|000 0x1120
c 0 0011110|0001|100 0x0F0C
c 1 0011111|0010|100 0x0F94
c 2 0100000|1000|100 0x1044
BX = 011 Event : 60
1 0 0010100|0101|011 0x0A2B
1 1 0011101|0010|110 0x0E96
1 2 0011111|0001|101 0x0F8D
1 3 0100000|0010|101 0x1015
1 4 0100001|0001|101 0x108D
1 5 0100011|0101|101 0x11AD
1 6 0100111|0010|111 0x1397
a 0 1001001|0101|001 0x24A9
a 1 1001010|0100|110 0x2526
b 0 0101101|0010|011 0x1693
c 0 0101111|0011|100 0x179C
c 1 0110101|1000|111 0x1AC7
d 0 0110110|1011|101 0x1B5D
e 0 0111000|0100|101 0x1C25
BX = 100 Event : 61
3 0 0010100|0000|000 0x0A00
9 0 0011010|0000|001 0x0D01
9 1 0100001|0010|010 0x1092
9 2 0100011|0101|111 0x11AF
a 0 0100110|0101|100 0x132C
e 0 0011001|0001|011 0x0C8B
BX = 101 Event : 62
1 0 0001010|0000|000 0x0500
1 1 0001011|0110|010 0x05B2
1 2 0001110|0110|001 0x0731
1 3 0010001|0110|001 0x08B1
1 4 0010011|0010|101 0x0995
2 0 0010110|0011|100 0x0B1C
3 0 0000010|0010|110 0x0116
4 0 0000100|1010|001 0x0251
9 0 0011111|0000|001 0x0F81
9 1 0100000|0100|001 0x1021
9 2 0100011|0011|100 0x119C
e 0 0011011|0100|101 0x0DA5
BX = 110 Event : 63
1 0 0001011|0000|001 0x0581
1 1 0001100|0101|100 0x062C
1 2 0001110|0010|101 0x0715
2 0 0010011|0010|110 0x0996
4 0 0000000|0000|001 0x0001
4 1 0000111|0000|111 0x0387
4 2 0001000|0000|111 0x0407
9 0 0100111|0100|100 0x13A4
a 0 0101000|0110|010 0x1432
c 0 0010101|1010|100 0x0AD4
d 0 0010111|0011|010 0x0B9A
d 1 0011000|1011|010 0x0C5A
BX = 111 Event : 64
1 0 0010000|0101|010 0x082A
1 1 0010001|0101|010 0x08AA
4 0 0001000|1000|100 0x0444
4 1 0001001|1011|100 0x04DC
8 0 0101000|0000|111 0x1407
9 0 0100111|0001|000 0x1388
9 1 0101010|0110|100 0x1534
9 2 0101011|0010|100 0x1594
9 3 0110000|0010|100 0x1814
c 0 0011000|1010|001 0x0C51
c 1 0011001|1010|001 0x0CD1
c 2 0011101|0011|111 0x0E9F
c 3 0011110|0010|111 0x0F17
d 0 0100000|1000|010 0x1042
e 0 0100101|0000|101 0x1285
e 1 0100110|1000|101 0x1345
BX = 000 Event : 65
1 0 0001101|0000|001 0x0681
2 0 0010010|0001|010 0x090A
2 1 0010100|0001|011 0x0A0B
4 0 0000011|0001|101 0x018D
4 1 0000100|1010|001 0x0251
4 2 0000111|0010|001 0x0391
4 3 0001000|0001|111 0x040F
5 0 0001001|1011|011 0x04DB
6 0 0001010|1010|010 0x0552
6 1 0001011|0011|110 0x059E
9 0 0100011|0000|001 0x1181
9 1 0100111|0101|010 0x13AA
9 2 0101001|0110|100 0x14B4
a 0 0101010|0010|010 0x1512
b 0 0010111|0000|011 0x0B83
b 1 0011000|0010|011 0x0C13
b 2 0011001|0100|011 0x0CA3
c 0 0011010|0000|100 0x0D04
c 1 0011111|1000|110 0x0FC6
e 0 0100010|1011|010 0x115A
BX = 001 Event : 66
1 0 0000111|0100|001 0x03A1
1 1 0001001|0110|011 0x04B3
1 2 0001010|0010|100 0x0514
1 3 0001110|0010|101 0x0715
1 4 0001111|0000|100 0x0784
1 5 0010001|0101|111 0x08AF
2 0 0010000|0010|000 0x0810
2 1 0010011|0101|100 0x09AC
2 2 0011000|0100|110 0x0C26
2 3 0011001|0100|101 0x0CA5
2 4 0011101|0111|111 0x0EBF
3 0 0000000|1001|011 0x004B
9 0 0101111|0101|100 0x17AC
a 0 0110010|0111|011 0x193B
a 1 0110101|0111|010 0x1ABA
a 2 0110110|0011|110 0x1B1E
a 3 0111000|0010|100 0x1C14
b 0 0111001|0110|000 0x1CB0
c 0 0011111|0000|001 0x0F81
d 0 0100010|1011|010 0x115A
BX = 010 Event : 67
1 0 0001100|0100|001 0x0621
1 1 0001101|0100|001 0x06A1
1 2 0001110|0010|110 0x0716
1 3 0001111|0101|110 0x07AE
1 4 0010000|0100|110 0x0826
1 5 0011010|0100|111 0x0D27
1 6 0011011|0100|111 0x0DA7
3 0 0000001|0001|011 0x008B
5 0 0000111|0000|101 0x0385
8 0 0101011|0100|111 0x15A7
9 0 0101110|0100|001 0x1721
9 1 0110100|0001|011 0x1A0B
9 2 0110111|0101|001 0x1BA9
9 3 0111000|0100|001 0x1C21
9 4 1000011|0001|111 0x218F
e 0 0100111|1011|000 0x13D8
e 1 0101010|0000|010 0x1502
BX = 011 Event : 68
1 0 0001011|0101|100 0x05AC
1 1 0001111|0001|110 0x078E
1 2 0010001|0110|101 0x08B5
3 0 0011001|0011|000 0x0C98
8 0 0011101|0001|110 0x0E8E
9 0 0100100|0100|111 0x1227
9 1 0100101|0001|111 0x128F
a 0 0101001|0010|011 0x1493
a 1 0101010|0001|010 0x150A
a 2 0101011|0010|010 0x1592
a 3 0101101|0011|100 0x169C
e 0 0011011|0011|010 0x0D9A
e 1 0011100|1000|010 0x0E42
BX = 100 Event : 69
1 0 0010011|0001|100 0x098C
1 1 0010100|0110|100 0x0A34
1 2 0010111|0011|110 0x0B9E
1 3 0011000|0010|110 0x0C16
2 0 0011010|0101|001 0x0D29
2 1 0100000|0001|100 0x100C
3 0 0100001|0001|000 0x1088
4 0 0000001|1010|101 0x00D5
5 0 0000110|0011|010 0x031A
8 0 0110111|0000|111 0x1B87
8 1 0111000|0000|111 0x1C07
9 0 0111010|0101|011 0x1D2B
9 1 0111011|0101|010 0x1DAA
9 2 0111100|0001|010 0x1E0A
9 3 0111111|0100|110 0x1FA6
9 4 1000001|0100|111 0x20A7
a 0 1000011|0010|100 0x2194
a 1 1000100|0101|101 0x222D
a 2 1000101|0110|100 0x22B4
a 3 1000110|0101|100 0x232C
b 0 0100011|0011|110 0x119E
b 1 0100100|1010|011 0x1253
c 0 0100111|0010|001 0x1391
c 1 0101100|0011|001 0x1619
c 2 0101101|0011|001 0x1699
c 3 0101111|0011|110 0x179E
BX = 101 Event : 70
0 0 0001111|0001|111 0x078F
1 0 0001011|0100|001 0x05A1
1 1 0001100|0000|000 0x0600
1 2 0001101|0100|000 0x06A0
1 3 0001110|0100|000 0x0720
1 4 0010001|0101|011 0x08AB
1 5 0010011|0101|001 0x09A9
1 6 0010100|0110|011 0x0A33
1 7 0010101|0000|010 0x0A82
1 8 0010110|0110|010 0x0B32
1 9 0010111|0110|101 0x0BB5
3 0 0000000|1000|011 0x0043
3 1 0000001|0001|011 0x008B
4 0 0000110|0010|111 0x0317
4 1 0001000|0011|111 0x041F
6 0 0001010|1000|110 0x0546
a 0 0110101|0010|001 0x1A91
a 1 0110111|0000|010 0x1B82
a 2 0111000|0001|001 0x1C09
a 3 0111001|0110|101 0x1CB5
c 0 0101010|1010|111 0x1557
d 0 0101001|1000|010 0x14C2
e 0 0101101|1001|101 0x16CD
BX = 110 Event : 71
1 0 0010000|0000|101 0x0805
1 1 0010001|0101|101 0x08AD
4 0 0000011|1010|111 0x01D7
6 0 0001000|0000|010 0x0402
9 0 0100111|0100|000 0x13A0
9 1 0101101|0010|110 0x1696
9 2 0101110|0011|101 0x171D
9 3 0110000|0001|111 0x180F
b 0 0010111|0001|011 0x0B8B
b 1 0110001|0001|001 0x1889
c 0 0011011|0010|100 0x0D94
c 1 0011101|0011|001 0x0E99
c 2 0100000|1010|111 0x1057
c 3 0100001|0011|111 0x109F
d 0 0011110|0001|010 0x0F0A
d 1 0100100|0000|101 0x1205
d 2 0100101|0100|101 0x12A5
BX = 111 Event : 72
2 0 0010101|0010|100 0x0A94
2 1 0011000|0000|110 0x0C06
2 2 0011001|0011|100 0x0C9C
2 3 0011010|0010|100 0x0D14
9 0 0100001|0110|011 0x10B3
9 1 0100010|0101|010 0x112A
9 2 0100011|0001|001 0x1189
9 3 0100110|0110|010 0x1332
9 4 0101001|0011|100 0x149C
c 0 0011101|0000|111 0x0E87
BX = 000 Event : 73
1 0 0000101|0000|001 0x0281
1 1 0001000|0100|000 0x0420
1 2 0010000|0101|110 0x082E
1 3 0010001|0000|110 0x0886
1 4 0010010|0000|110 0x0906
1 5 0010100|0100|101 0x0A25
2 0 0011010|0101|110 0x0D2E
3 0 0000000|0010|110 0x0016
4 0 0000010|1001|101 0x014D
4 1 0000011|1010|001 0x01D1
9 0 0100110|0100|000 0x1320
9 1 0101000|0010|010 0x1412
9 2 0101001|0110|100 0x14B4
9 3 0101010|0001|011 0x150B
9 4 0101011|0110|010 0x15B2
9 5 0101101|0011|001 0x1699
9 6 0101111|0010|101 0x1795
9 7 0110000|0110|101 0x1835
9 8 0110010|0010|111 0x1917
c 0 0100011|0011|110 0x119E
d 0 0100010|0011|010 0x111A
BX = 001 Event : 74
1 0 0000110|0010|010 0x0312
1 1 0001000|0010|110 0x0416
3 0 0000001|0000|110 0x0086
6 0 0000010|0001|000 0x0108
6 1 0000011|1000|000 0x01C0
9 0 0010001|0100|000 0x08A0
9 1 0010110|0010|111 0x0B17
a 0 0010111|0000|011 0x0B83
b 0 0011010|0011|000 0x0D18
c 0 0001111|1000|100 0x07C4
e 0 0010000|1001|000 0x0848
BX = 010 Event : 75
1 0 0001011|0101|010 0x05AA
1 1 0001111|0110|010 0x07B2
1 2 0010000|0010|101 0x0815
2 0 0010100|0100|000 0x0A20
4 0 0000000|0010|101 0x0015
4 1 0000010|0010|001 0x0111
4 2 0000110|0001|111 0x030F
9 0 0100000|0110|011 0x1033
9 1 0100100|0010|101 0x1215
a 0 0101000|0110|100 0x1434
a 1 0101001|0110|100 0x14B4
d 0 0011101|1001|101 0x0ECD
d 1 0011110|0001|101 0x0F0D
e 0 0011100|1011|000 0x0E58
BX = 011 Event : 76
0 0 0011000|0000|111 0x0C07
1 0 0010110|0000|001 0x0B01
1 1 0100001|0000|001 0x1081
1 2 0100010|0011|010 0x111A
1 3 0100011|0010|010 0x1192
1 4 0100100|0001|001 0x1209
1 5 0100101|0010|001 0x1291
1 6 0100110|0011|001 0x1319
2 0 0101110|0011|100 0x171C
2 1 0110011|0100|100 0x19A4
3 0 0000001|1011|011 0x00DB
4 0 0000101|1000|100 0x02C4
4 1 0000110|0010|001 0x0311
4 2 0001111|1001|111 0x07CF
4 3 0010001|1010|111 0x08D7
6 0 0010101|1000|011 0x0AC3
8 0 0111100|0100|111 0x1E27
9 0 0111111|0000|001 0x1F81
c 0 0111000|0011|001 0x1C19
BX = 100 Event : 77
1 0 0001000|0000|000 0x0400
1 1 0001001|0000|000 0x0480
1 2 0001101|0110|010 0x06B2
1 3 0001110|0000|010 0x0702
1 4 0010000|0110|001 0x0831
2 0 0011001|0010|111 0x0C97
3 0 0000001|0000|110 0x0086
9 0 0101000|0000|101 0x1405
9 1 0101001|0101|101 0x14AD
a 0 0101100|0001|010 0x160A
a 1 0101110|0101|001 0x1729
a 2 0101111|0110|010 0x17B2
c 0 0011110|1010|111 0x0F57
BX = 101 Event : 78
1 0 0000100|0101|011 0x022B
1 1 0001000|0110|100 0x0434
1 2 0001110|0101|110 0x072E
1 3 0001111|0001|101 0x078D
1 4 0010000|0010|100 0x0814
1 5 0010001|0011|100 0x089C
2 0 0010100|0001|000 0x0A08
2 1 0010110|0010|100 0x0B14
5 0 0000001|1001|101 0x00CD
a 0 0101001|0000|001 0x1481
a 1 0101110|0001|111 0x170F
b 0 0011010|0011|110 0x0D1E
b 1 0011011|1001|110 0x0DCE
c 0 0011101|0010|001 0x0E91
e 0 0100010|1001|000 0x1148
BX = 110 Event : 79
1 0 0010101|0000|101 0x0A85
2 0 0010111|0110|001 0x0BB1
2 1 0011001|0100|100 0x0CA4
3 0 0000000|0011|011 0x001B
4 0 0000011|0010|001 0x0191
5 0 0001000|0011|010 0x041A
5 1 0001011|0011|101 0x059D
9 0 0100101|0011|010 0x129A
9 1 0100110|0001|010 0x130A
9 2 0101000|0101|111 0x142F
b 0 0011100|0001|110 0x0E0E
c 0 0011111|0000|100 0x0F84
c 1 0100000|0010|100 0x1014
c 2 0100001|0001|001 0x1089
c 3 0100011|0010|110 0x1196
d 0 0100100|1010|101 0x1255
BX = 111 Event : 80
0 0 0001100|0100|111 0x0627
0 1 0001110|0000|111 0x0707
1 0 0001011|0100|001 0x05A1
1 1 0010000|0000|010 0x0802
1 2 0010100|0011|010 0x0A1A
1 3 0010111|0100|101 0x0BA5
2 0 0011010|0110|001 0x0D31
2 1 0011011|0111|011 0x0DBB
2 2 0011111|0100|100 0x0FA4
4 0 0000011|0000|001 0x0181
5 0 0000110|1000|010 0x0342
9 0 0110100|0101|001 0x1A29
9 1 0110110|0110|011 0x1B33
9 2 0111010|0110|110 0x1D36
a 0 0111111|0011|100 0x1F9C
a 1 1000001|0000|011 0x2083
a 2 1000010|0110|001 0x2131
a 3 1000011|0000|100 0x2184
a 4 1000101|0011|111 0x229F
c 0 0100111|1000|001 0x13C1
d 0 0101001|0010|100 0x1494
d 1 0101010|0010|101 0x1515
d 2 0101011|1010|101 0x15D5
BX = 000 Event : 81
0 0 0001101|0000|110 0x0686
1 0 0001110|0100|000 0x0720
1 1 0010001|0101|010 0x08AA
1 2 0010010|0101|010 0x092A
1 3 0010101|0110|010 0x0AB2
2 0 0011001|0101|010 0x0CAA
2 1 0011011|0001|010 0x0D8A
2 2 0011101|0010|011 0x0E93
2 3 0011110|0001|101 0x0F0D
3 0 0000000|1011|110 0x005E
4 0 0000001|0001|101 0x008D
4 1 0000011|1000|100 0x01C4
4 2 0000100|0000|100 0x0204
4 3 0001000|0000|111 0x0407
5 0 0000111|0000|011 0x0383
6 0 0001010|0001|011 0x050B
8 0 0110101|0001|111 0x1A8F
9 0 0111101|0100|100 0x1EA4
a 0 0111111|0100|001 0x1FA1
b 0 0100001|1011|011 0x10DB
b 1 0100010|0010|011 0x1113
b 2 0100011|1011|011 0x11DB
b 3 0100100|0000|011 0x1203
c 0 0100101|1001|100 0x12CC
c 1 0100111|1010|100 0x13D4
c 2 0101000|0001|100 0x140C
c 3 0101001|1010|100 0x14D4
c 4 0101010|0000|100 0x1504
c 5 0101111|1000|110 0x17C6
d 0 0101101|1001|010 0x16CA
BX = 001 Event : 82
1 0 0000011|0100|001 0x01A1
1 1 0000111|0100|010 0x03A2
2 0 0001100|0011|100 0x061C
3 0 0001101|0101|001 0x06A9
9 0 0011011|0001|010 0x0D8A
9 1 0011110|0000|011 0x0F03
9 2 0100000|0110|101 0x1035
9 3 0100110|0010|111 0x1317
a 0 0100111|0110|100 0x13B4
a 1 0101010|0000|111 0x1507
b 0 0001111|1000|110 0x07C6
c 0 0010001|1011|001 0x08D9
c 1 0010010|1010|001 0x0951
e 0 0010110|1001|110 0x0B4E
BX = 010 Event : 83
1 0 0001110|0001|001 0x0709
1 1 0010010|0000|110 0x0906
1 2 0010101|0011|101 0x0A9D
3 0 0000000|1010|110 0x0056
3 1 0000001|0010|011 0x0093
4 0 0000010|0010|001 0x0111
4 1 0000011|1000|100 0x01C4
4 2 0000101|0000|111 0x0287
9 0 0100101|0001|010 0x128A
a 0 0101110|0011|100 0x171C
a 1 0110001|0010|101 0x1895
b 0 0110010|0110|001 0x1931
BX = 011 Event : 84
0 0 0001011|0000|111 0x0587
1 0 0001110|0000|011 0x0703
1 1 0010010|0100|010 0x0922
1 2 0010011|0001|010 0x098A
3 0 0000000|1000|011 0x0043
9 0 0101001|0000|010 0x1482
9 1 0101011|0100|001 0x15A1
9 2 0101100|0100|100 0x1624
9 3 0101110|0110|001 0x1731
9 4 0110000|0011|101 0x181D
9 5 0110011|0010|111 0x1997
b 0 0011100|1011|011 0x0E5B
b 1 0111001|0000|000 0x1C80
c 0 0100000|1001|110 0x104E
BX = 100 Event : 85
0 0 0001111|0001|111 0x078F
1 0 0010010|0110|001 0x0931
1 1 0010011|0110|010 0x09B2
1 2 0010100|0101|001 0x0A29
1 3 0010110|0001|110 0x0B0E
1 4 0010111|0110|101 0x0BB5
1 5 0011010|0101|101 0x0D2D
2 0 0011110|0010|001 0x0F11
2 1 0011111|0010|001 0x0F91
4 0 0001100|1010|111 0x0657
5 0 0001010|0011|010 0x051A
9 0 0111010|0100|000 0x1D20
9 1 0111011|0000|000 0x1D80
9 2 0111100|0110|100 0x1E34
9 3 1000100|0100|100 0x2224
a 0 1001000|0100|100 0x2424
a 1 1001010|0000|100 0x2504
a 2 1001100|0011|011 0x261B
c 0 0110001|1011|100 0x18DC
d 0 0110101|0100|101 0x1AA5
e 0 0110111|0000|010 0x1B82
BX = 101 Event : 86
1 0 0001110|0011|011 0x071B
1 1 0010100|0010|001 0x0A11
1 2 0010101|0011|001 0x0A99
1 3 0010110|0000|100 0x0B04
1 4 0010111|0100|010 0x0BA2
1 5 0011000|0001|001 0x0C09
1 6 0011001|0100|101 0x0CA5
1 7 0011010|0011|101 0x0D1D
1 8 0011011|0011|101 0x0D9D
2 0 0011101|0000|000 0x0E80
2 1 0011110|0101|000 0x0F28
2 2 0100001|0100|010 0x10A2
2 3 0100010|0100|010 0x1122
2 4 0100100|0001|111 0x120F
3 0 0000000|1000|011 0x0043
4 0 0000001|1001|101 0x00CD
4 1 0000010|0010|001 0x0111
4 2 0000011|0010|001 0x0191
4 3 0000100|0000|111 0x0207
4 4 0000101|1001|111 0x02CF
9 0 0110111|0100|001 0x1BA1
9 1 0111101|0100|111 0x1EA7
9 2 0111111|0010|111 0x1F97
9 3 1000000|0010|110 0x2016
a 0 0111100|0100|000 0x1E20
a 1 1000001|0101|001 0x20A9
a 2 1000011|0000|001 0x2181
b 0 0100111|1010|110 0x13D6
b 1 0101000|1001|011 0x144B
b 2 1000101|0111|000 0x22B8
d 0 0101100|0000|101 0x1605
d 1 0101101|0010|101 0x1695
BX = 110 Event : 87
1 0 0010000|0001|010 0x080A
1 1 0010100|0010|011 0x0A13
1 2 0010101|0001|010 0x0A8A
2 0 0011101|0100|011 0x0EA3
2 1 0011111|0111|011 0x0FBB
3 0 0000001|1001|110 0x00CE
3 1 0000010|0000|011 0x0103
4 0 0000101|0010|001 0x0291
4 1 0000110|1001|001 0x0349
9 0 0100101|0101|010 0x12AA
9 1 0101001|0100|100 0x14A4
9 2 0101010|0110|010 0x1532
9 3 0101110|0100|100 0x1724
a 0 0101111|0100|000 0x17A0
a 1 0110001|0100|011 0x18A3
a 2 0110010|0011|010 0x191A
a 3 0110011|0011|010 0x199A
a 4 0110100|0001|011 0x1A0B
a 5 0110101|0010|011 0x1A93
a 6 0110110|0010|110 0x1B16
a 7 0110111|0101|110 0x1BAE
a 8 0111000|0110|100 0x1C34
BX = 111 Event : 88
1 0 0000101|0000|000 0x0280
1 1 0001010|0000|010 0x0502
1 2 0001101|0001|001 0x0689
2 0 0010001|0110|110 0x08B6
3 0 0000001|0011|110 0x009E
3 1 0000010|0010|110 0x0116
3 2 0000011|0100|011 0x01A3
4 0 0000100|0001|001 0x0209
8 0 0100001|0001|110 0x108E
9 0 0100010|0011|011 0x111B
9 1 0100100|0011|101 0x121D
a 0 0101000|0110|011 0x1433
a 1 0101010|0110|010 0x1532
b 0 0010011|0100|110 0x09A6
b 1 0010100|1001|011 0x0A4B
b 2 0010101|0001|011 0x0A8B
b 3 0010110|0001|011 0x0B0B
d 0 0011011|0011|010 0x0D9A
d 1 0011111|1010|101 0x0FD5
BX = 000 Event : 89
1 0 0001011|0000|001 0x0581
1 1 0001100|0100|001 0x0621
1 2 0010000|0100|010 0x0822
1 3 0010001|0101|010 0x08AA
1 4 0010011|0000|001 0x0981
1 5 0010101|0100|001 0x0AA1
1 6 0010111|0101|011 0x0BAB
1 7 0011000|0100|010 0x0C22
1 8 0011010|0101|010 0x0D2A
1 9 0011011|0101|001 0x0DA9
1 a 0011100|0100|001 0x0E21
1 b 0011110|0010|101 0x0F15
1 c 0011111|0001|100 0x0F8C
2 0 0100001|0010|100 0x1094
2 1 0100110|0001|110 0x130E
3 0 0000001|1000|011 0x00C3
3 1 0100111|0001|001 0x1389
3 2 0101000|0011|000 0x1418
3 3 0101001|0011|000 0x1498
4 0 0000101|0011|001 0x0299
6 0 0001000|1010|000 0x0450
6 1 0001001|1000|010 0x04C2
9 0 0110010|0001|001 0x1909
9 1 0110011|0011|010 0x199A
9 2 0110100|0100|010 0x1A22
a 0 0111011|0010|000 0x1D90
a 1 0111101|0110|010 0x1EB2
a 2 0111111|0010|001 0x1F91
b 0 0101100|0011|110 0x161E
c 0 0101101|0001|100 0x168C
BX = 001 Event : 90
0 0 0001110|0000|110 0x0706
1 0 0010010|0101|001 0x0929
1 1 0010111|0010|101 0x0B95
3 0 0000100|1011|011 0x025B
4 0 0001001|1000|111 0x04C7
5 0 0001000|0000|010 0x0402
6 0 0001010|0010|000 0x0510
8 0 0101100|0100|111 0x1627
8 1 0101101|0100|111 0x16A7
9 0 0101011|0100|000 0x15A0
9 1 0110100|0011|110 0x1A1E
a 0 0110101|0011|010 0x1A9A
c 0 0100110|1010|001 0x1351
c 1 0100111|0001|001 0x1389
e 0 0101010|1011|011 0x155B
BX = 010 Event : 91
1 0 0010000|0000|000 0x0800
1 1 0010110|0010|101 0x0B15
1 2 0010111|0000|101 0x0B85
2 0 0011010|0000|000 0x0D00
2 1 0011100|0000|011 0x0E03
2 2 0011110|0001|110 0x0F0E
3 0 0000001|1010|110 0x00D6
5 0 0000011|1010|010 0x01D2
5 1 0000110|1000|101 0x0345
9 0 0101010|0000|000 0x1500
9 1 0101110|0110|010 0x1732
9 2 0110011|0011|110 0x199E
9 3 0110110|0010|100 0x1B14
a 0 0111001|0010|011 0x1C93
a 1 0111011|0000|110 0x1D86
b 0 0100000|1001|110 0x104E
b 1 0100010|0001|011 0x110B
b 2 0111101|0100|000 0x1EA0
c 0 0100111|0010|100 0x1394
e 0 0101000|1010|101 0x1455
BX = 011 Event : 92
1 0 0000100|0000|000 0x0200
1 1 0001001|0000|010 0x0482
2 0 0001101|0110|000 0x06B0
2 1 0010001|0110|110 0x08B6
3 0 0000001|0011|110 0x009E
3 1 0000010|0011|011 0x011B
8 0 0100100|0001|110 0x120E
9 0 0100101|0011|011 0x129B
9 1 0100111|0011|101 0x139D
a 0 0101011|0110|011 0x15B3
b 0 0010011|0100|110 0x09A6
b 1 0010100|1001|011 0x0A4B
b 2 0010101|0001|011 0x0A8B
b 3 0010110|0001|011 0x0B0B
d 0 0011101|0011|010 0x0E9A
d 1 0100001|1010|101 0x10D5
BX = 100 Event : 93
1 0 0001111|0000|001 0x0781
1 1 0010011|0000|010 0x0982
1 2 0010101|0011|001 0x0A99
1 3 0010110|0001|100 0x0B0C
1 4 0010111|0001|011 0x0B8B
1 5 0011001|0000|010 0x0C82
1 6 0011010|0010|010 0x0D12
1 7 0011011|0010|001 0x0D91
1 8 0011100|0000|001 0x0E01
1 9 0011111|0010|100 0x0F94
2 0 0100111|0111|100 0x13BC
2 1 0101010|0011|111 0x151F
2 2 0101011|0010|110 0x1596
2 3 0101110|0110|100 0x1734
3 0 0000010|1000|110 0x0146
3 1 0101111|0101|001 0x17A9
4 0 0000100|0010|001 0x0211
4 1 0000111|0011|100 0x039C
6 0 0001101|1001|110 0x06CE
6 1 0001110|0100|110 0x0726
9 0 0111001|0110|110 0x1CB6
9 1 0111110|0101|100 0x1F2C
9 2 1000110|0100|111 0x2327
9 3 1000111|0110|110 0x23B6
BX = 101 Event : 94
0 0 0001011|0000|110 0x0586
2 0 0010101|0100|100 0x0AA4
3 0 0000010|1011|011 0x015B
4 0 0000111|1000|111 0x03C7
5 0 0000110|0000|010 0x0302
6 0 0001000|0010|000 0x0410
8 0 0011101|0100|111 0x0EA7
9 0 0011100|0100|000 0x0E20
9 1 0100000|0001|100 0x100C
9 2 0100100|0101|011 0x122B
a 0 0100110|0001|001 0x1309
e 0 0011010|1011|011 0x0D5B
e 1 0011011|1011|101 0x0DDD
BX = 110 Event : 95
0 0 0010010|0000|111 0x0907
1 0 0001110|0000|000 0x0700
1 1 0001111|0100|000 0x07A0
1 2 0011001|0010|001 0x0C91
1 3 0011010|0011|001 0x0D19
2 0 0100000|0011|100 0x101C
2 1 0100001|0010|010 0x1092
2 2 0100111|0100|100 0x13A4
3 0 0000010|1001|011 0x014B
3 1 0000011|1011|011 0x01DB
4 0 0000110|0010|001 0x0311
8 0 0110110|0100|111 0x1B27
9 0 0111000|0000|001 0x1C01
9 1 0111010|0110|011 0x1D33
c 0 0110010|1010|110 0x1956
e 0 0110100|1011|101 0x1A5D
BX = 111 Event : 96
1 0 0001111|0110|010 0x07B2
1 1 0010011|0010|110 0x0996
1 2 0010100|0010|101 0x0A15
a 0 0110010|0110|100 0x1934
a 1 0110011|0101|100 0x19AC
a 2 0110100|0001|100 0x1A0C
c 0 0011001|0001|111 0x0C8F
d 0 0011010|1001|010 0x0D4A
d 1 0011011|0011|010 0x0D9A
e 0 0011110|1001|110 0x0F4E
BX = 000 Event : 97
1 0 0001001|0101|011 0x04AB
1 1 0001110|0011|100 0x071C
1 2 0010001|0101|110 0x08AE
1 3 0010010|0100|101 0x0925
2 0 0011010|0100|100 0x0D24
4 0 0000001|0000|001 0x0081
8 0 0101011|0000|111 0x1587
8 1 0101101|0000|111 0x1687
8 2 0101110|0000|110 0x1706
9 0 0110000|0001|001 0x1809
9 1 0110001|0001|001 0x1889
a 0 0111000|0010|001 0x1C11
a 1 0111010|0010|000 0x1D10
a 2 0111011|0101|100 0x1DAC
a 3 0111100|0000|001 0x1E01
a 4 1000000|0001|111 0x200F
b 0 0011111|0011|110 0x0F9E
b 1 0100000|1001|110 0x104E
c 0 0100011|0010|001 0x1191
e 0 0101001|1000|000 0x14C0
BX = 001 Event : 98
1 0 0000111|0100|001 0x03A1
1 1 0001100|0000|010 0x0602
1 2 0001101|0000|101 0x0685
3 0 0000000|0011|110 0x001E
4 0 0000010|1011|101 0x015D
4 1 0000011|0010|001 0x0191
9 0 0011011|0100|010 0x0DA2
9 1 0100000|0110|100 0x1034
b 0 0010001|1011|110 0x08DE
c 0 0010011|1001|110 0x09CE
d 0 0010100|0000|101 0x0A05
BX = 010 Event : 99
0 0 0001101|0000|111 0x0687
0 1 0001111|0000|111 0x0787
1 0 0010010|0011|011 0x091B
1 1 0010101|0010|011 0x0A93
1 2 0010110|0011|010 0x0B1A
1 3 0010111|0110|010 0x0BB2
2 0 0011110|0001|001 0x0F09
2 1 0011111|0100|001 0x0FA1
2 2 0100101|0111|011 0x12BB
4 0 0000010|0000|001 0x0101
4 1 0000110|1010|111 0x0357
5 0 0000101|0011|010 0x029A
5 1 0000111|0001|011 0x038B
5 2 0001011|1001|101 0x05CD
9 0 0111000|0001|010 0x1C0A
9 1 0111001|0101|001 0x1CA9
9 2 0111100|0110|011 0x1E33
9 3 0111101|0110|010 0x1EB2
9 4 0111110|0001|001 0x1F09
a 0 1000101|0000|111 0x2287
c 0 0101111|1001|001 0x17C9
c 1 0110001|1001|111 0x18CF
BX = 011 Event : 100
0 0 0001001|0000|111 0x0487
2 0 0001100|0010|000 0x0610
3 0 0000010|1001|110 0x014E
4 0 0000100|1010|001 0x0251
6 0 0000110|0011|011 0x031B
8 0 0011011|0100|110 0x0DA6
9 0 0011110|0101|010 0x0F2A
9 1 0011111|0101|010 0x0FAA
9 2 0100001|0100|111 0x10A7
a 0 0100100|0010|011 0x1213
d 0 0010011|0001|010 0x098A
d 1 0010100|1000|010 0x0A42
d 2 0010110|0100|101 0x0B25
d 3 0010111|1000|101 0x0BC5
