BX = 000 Event : 1
0 0 0010100|0000|001 0x0A01
0 1 0010111|0001|101 0x0B8D
0 2 0011000|0000|101 0x0C05
0 3 0011001|0000|110 0x0C86
0 4 0100001|0010|011 0x1093
1 0 0100111|0001|100 0x138C
1 1 0101000|0001|100 0x140C
2 0 0101010|0011|011 0x151B
2 1 0101011|0100|011 0x15A3
6 0 0001011|0100|001 0x05A1
6 1 0001100|1000|001 0x0641
6 2 0010000|1000|010 0x0842
6 3 0010001|0010|010 0x0892
8 0 0111000|0101|110 0x1C2E
8 1 0111001|0100|100 0x1CA4
8 2 0111010|0001|100 0x1D0C
8 3 0111100|0001|011 0x1E0B
8 4 1000000|0001|110 0x200E
9 0 0111111|0101|000 0x1FA8
a 0 1001000|0000|001 0x2401
a 1 1001001|0110|101 0x24B5
a 2 1001010|0000|100 0x2504
a 3 1001011|0010|011 0x2593
d 0 0110100|0011|000 0x1A18
BX = 001 Event : 2
0 0 0001111|0100|101 0x07A5
0 1 0010000|0010|111 0x0817
1 0 0010001|0001|001 0x0889
1 1 0010010|0001|000 0x0908
1 2 0010110|0001|011 0x0B0B
1 3 0010111|0100|010 0x0BA2
1 4 0011000|0000|001 0x0C01
1 5 0011100|0101|100 0x0E2C
3 0 0000001|0000|101 0x0085
3 1 0000010|0001|101 0x010D
4 0 0000011|1011|000 0x01D8
4 1 0000111|1010|110 0x03D6
6 0 0001011|1011|110 0x05DE
8 0 0110110|0100|010 0x1B22
8 1 0111001|0100|010 0x1CA2
8 2 0111011|0101|100 0x1DAC
8 3 0111110|0101|100 0x1F2C
8 4 0111111|0010|100 0x1F94
8 5 1000001|0110|100 0x20B4
8 6 1000100|0000|011 0x2203
8 7 1001001|0000|111 0x2487
8 8 1001100|0100|110 0x2626
9 0 1001000|0101|000 0x2428
9 1 1001101|0010|010 0x2692
a 0 1010111|0000|001 0x2B81
a 1 1011000|0100|001 0x2C21
b 0 0100111|0011|111 0x139F
b 1 0101000|0010|111 0x1417
BX = 010 Event : 3
0 0 0001011|0001|110 0x058E
0 1 0010000|0010|110 0x0816
1 0 0010001|0001|000 0x0888
1 1 0010100|0101|001 0x0A29
2 0 0011001|0101|000 0x0CA8
2 1 0011010|0101|000 0x0D28
3 0 0000000|0010|101 0x0015
3 1 0011100|0011|000 0x0E18
8 0 0101111|0001|101 0x178D
8 1 0110001|0000|100 0x1884
8 2 0110010|0101|100 0x192C
8 3 0110111|0101|011 0x1BAB
9 0 0111000|0110|000 0x1C30
9 1 0111101|0011|010 0x1E9A
9 2 1000010|0101|110 0x212E
a 0 1000001|0010|001 0x2091
c 0 0011111|1001|110 0x0FCE
d 0 0100000|1001|000 0x1048
BX = 011 Event : 4
0 0 0000111|0000|001 0x0381
0 1 0001001|0000|001 0x0481
0 2 0001011|0001|101 0x058D
0 3 0001100|0001|100 0x060C
0 4 0001110|0010|100 0x0714
0 5 0001111|0001|100 0x078C
0 6 0010110|0100|111 0x0B27
1 0 0010010|0110|001 0x0931
1 1 0010011|0001|000 0x0988
1 2 0011000|0101|001 0x0C29
1 3 0011011|0101|110 0x0DAE
1 4 0011100|0101|110 0x0E2E
1 5 0011101|0110|110 0x0EB6
1 6 0011110|0100|100 0x0F24
1 7 0100011|0011|111 0x119F
1 8 0100100|0011|111 0x121F
1 9 0100101|0011|110 0x129E
3 0 0000001|1010|101 0x00D5
5 0 0000100|1001|011 0x024B
6 0 0000101|1001|001 0x02C9
6 1 0000110|0011|010 0x031A
8 0 0110110|0001|100 0x1B0C
8 1 0111010|0101|101 0x1D2D
a 0 1000101|0100|101 0x22A5
b 0 0101000|0000|111 0x1407
b 1 0101001|1010|100 0x14D4
c 0 0101100|1001|010 0x164A
BX = 100 Event : 5
0 0 0000110|0101|110 0x032E
0 1 0000111|0000|100 0x0384
0 2 0001000|0001|110 0x040E
0 3 0001010|0101|101 0x052D
0 4 0001100|0101|100 0x062C
1 0 0001110|0011|010 0x071A
3 0 0011000|0101|000 0x0C28
6 0 0000100|1011|111 0x025F
8 0 0101000|0110|100 0x1434
8 1 0101001|0010|100 0x1494
8 2 0101011|0100|100 0x15A4
8 3 0101100|0110|100 0x1634
9 0 0110001|0001|011 0x188B
9 1 0110111|0010|100 0x1B94
9 2 0111000|0001|100 0x1C0C
9 3 0111001|0000|011 0x1C83
9 4 0111110|0011|110 0x1F1E
a 0 0111010|0000|001 0x1D01
a 1 1000010|0100|100 0x2124
a 2 1000100|0100|011 0x2223
a 3 1000101|0111|011 0x22BB
c 0 0011110|0011|010 0x0F1A
BX = 101 Event : 6
0 0 0010000|0000|011 0x0803
0 1 0010111|0100|111 0x0BA7
0 2 0011000|0101|110 0x0C2E
1 0 0011010|0000|101 0x0D05
1 1 0100001|0011|111 0x109F
4 0 0000000|1000|000 0x0040
4 1 0000001|1001|000 0x00C8
8 0 0111010|0001|100 0x1D0C
9 0 0111101|0000|000 0x1E80
9 1 0111110|0001|000 0x1F08
9 2 1000011|0010|001 0x2191
9 3 1001001|0010|110 0x2496
9 4 1001101|0011|110 0x269E
a 0 1001110|0001|000 0x2708
a 1 1010000|0110|010 0x2832
b 0 0100100|0000|111 0x1207
b 1 0100101|1010|111 0x12D7
b 2 1010100|0001|001 0x2A09
BX = 110 Event : 7
0 0 0010000|0010|011 0x0813
0 1 0010011|0010|101 0x0995
0 2 0010110|0101|100 0x0B2C
0 3 0010111|0001|011 0x0B8B
0 4 0011000|0000|110 0x0C06
0 5 0011100|0100|111 0x0E27
0 6 0011101|0100|111 0x0EA7
1 0 0011011|0010|000 0x0D90
1 1 0011111|0101|001 0x0FA9
2 0 0100111|0100|010 0x13A2
3 0 0101110|0011|010 0x171A
4 0 0000000|1001|000 0x0048
4 1 0000011|1001|010 0x01CA
4 2 0000110|1001|010 0x034A
8 0 1000010|0000|110 0x2106
8 1 1000011|0000|100 0x2184
8 2 1000100|0100|100 0x2224
8 3 1000111|0010|100 0x2394
8 4 1001000|0100|100 0x2424
8 5 1001011|0000|111 0x2587
8 6 1001100|0000|111 0x2607
a 0 1011010|0110|100 0x2D34
b 0 1011100|0001|010 0x2E0A
c 0 0110111|1000|110 0x1BC6
c 1 0111000|0001|110 0x1C0E
BX = 111 Event : 8
0 0 0010101|0100|001 0x0AA1
0 1 0011100|0001|100 0x0E0C
0 2 0011101|0010|011 0x0E93
1 0 0100001|0100|010 0x10A2
1 1 0101000|0100|110 0x1426
1 2 0101010|0110|100 0x1534
2 0 0101100|0101|001 0x1629
2 1 0101101|0110|001 0x16B1
3 0 0000001|0011|101 0x009D
3 1 0000010|0001|101 0x010D
4 0 0000000|1011|000 0x0058
6 0 0010100|1011|010 0x0A5A
8 0 1011010|0001|100 0x2D0C
8 1 1011100|0100|111 0x2E27
9 0 1011101|0010|000 0x2E90
9 1 1011111|0010|010 0x2F92
9 2 1100011|0000|100 0x3184
9 3 1100100|0001|100 0x320C
9 4 1100110|0101|111 0x332F
a 0 1100111|0000|101 0x3385
b 0 0110111|0000|111 0x1B87
b 1 0111000|1000|111 0x1C47
b 2 0111001|0001|111 0x1C8F
c 0 0111010|1010|000 0x1D50
c 1 0111011|0000|000 0x1D80
d 0 1001010|0011|101 0x251D
BX = 000 Event : 9
0 0 0001111|0010|110 0x0796
0 1 0010100|0001|111 0x0A0F
1 0 0010111|0110|100 0x0BB4
1 1 0011000|0011|010 0x0C1A
1 2 0011001|0011|010 0x0C9A
2 0 0011011|0101|000 0x0DA8
4 0 0000000|0011|000 0x0018
8 0 0100010|0010|100 0x1114
8 1 0100011|0100|100 0x11A4
8 2 0100110|0001|111 0x130F
a 0 0110010|0001|011 0x190B
a 1 0110011|0000|001 0x1981
a 2 0110100|0000|001 0x1A01
d 0 0011111|0100|101 0x0FA5
BX = 001 Event : 10
0 0 0000100|0010|100 0x0214
0 1 0000101|0101|100 0x02AC
0 2 0000111|0010|101 0x0395
0 3 0010001|0100|111 0x08A7
2 0 0010110|0111|101 0x0B3D
2 1 0010111|0100|100 0x0BA4
2 2 0011000|0000|101 0x0C05
2 3 0011001|0101|100 0x0CAC
3 0 0011100|0001|000 0x0E08
8 0 0100111|0110|101 0x13B5
8 1 0101010|0101|110 0x152E
8 2 0101011|0001|110 0x158E
8 3 0101101|0100|111 0x16A7
8 4 0101110|0101|110 0x172E
9 0 0101111|0100|001 0x17A1
9 1 0110000|0010|001 0x1811
9 2 0110011|0010|110 0x1996
a 0 0110110|0100|110 0x1B26
BX = 010 Event : 11
0 0 0001101|0100|110 0x06A6
0 1 0010111|0100|110 0x0BA6
1 0 0010000|0010|000 0x0810
1 1 0010100|0101|000 0x0A28
1 2 0011000|0100|001 0x0C21
1 3 0011001|0000|001 0x0C81
2 0 0100010|0010|001 0x1111
2 1 0100100|0010|001 0x1211
2 2 0100111|0010|111 0x1397
3 0 0000000|0000|101 0x0005
3 1 0101001|0001|010 0x148A
9 0 0111111|0101|100 0x1FAC
9 1 1000001|0010|010 0x2092
9 2 1000111|0101|100 0x23AC
a 0 1001000|0100|001 0x2421
a 1 1001101|0010|110 0x2696
a 2 1001110|0101|110 0x272E
b 0 1001111|0111|000 0x27B8
b 1 1010000|0000|000 0x2800
d 0 0110001|1001|000 0x18C8
e 0 0110010|1100|011 0x1963
BX = 011 Event : 12
0 0 0010100|0100|011 0x0A23
0 1 0010110|0000|010 0x0B02
0 2 0010111|0000|001 0x0B81
0 3 0011000|0100|011 0x0C23
0 4 0011100|0110|101 0x0E35
0 5 0011111|0001|111 0x0F8F
1 0 0100000|0100|100 0x1024
1 1 0100010|0101|010 0x112A
1 2 0100011|0100|001 0x11A1
1 3 0100110|0110|100 0x1334
1 4 0100111|0101|111 0x13AF
2 0 0101101|0000|111 0x1687
3 0 0101100|0100|000 0x1620
4 0 0000000|1000|000 0x0040
4 1 0000001|0000|000 0x0080
4 2 0000010|0011|000 0x0118
8 0 1000011|0101|110 0x21AE
8 1 1001011|0010|111 0x2597
9 0 1001100|0110|001 0x2631
9 1 1001101|0110|001 0x26B1
9 2 1001110|0100|001 0x2721
9 3 1001111|0011|001 0x2799
9 4 1010001|0010|110 0x2896
9 5 1010010|0001|100 0x290C
9 6 1010011|0110|011 0x29B3
a 0 1010101|0101|010 0x2AAA
e 0 0111011|0000|101 0x1D85
BX = 100 Event : 13
1 0 0001110|0101|001 0x0729
1 1 0010000|0100|000 0x0820
1 2 0010001|0010|000 0x0890
1 3 0010011|0101|010 0x09AA
1 4 0010111|0000|101 0x0B85
3 0 0000000|1001|101 0x004D
3 1 0100011|0001|000 0x1188
8 0 0110001|0110|111 0x18B7
8 1 0110010|0110|110 0x1936
8 2 0110110|0000|110 0x1B06
9 0 0111000|0101|100 0x1C2C
d 0 0100110|1011|000 0x1358
e 0 0101001|1000|110 0x14C6
e 1 0101010|0011|110 0x151E
BX = 101 Event : 14
0 0 0001001|0000|001 0x0481
0 1 0001010|0000|001 0x0501
0 2 0001100|0000|100 0x0604
0 3 0001101|0110|100 0x06B4
0 4 0001110|0010|110 0x0716
0 5 0010000|0100|110 0x0826
0 6 0010011|0000|110 0x0986
0 7 0010100|0100|110 0x0A26
0 8 0011000|0100|100 0x0C24
0 9 0011111|0001|110 0x0F8E
0 a 0100000|0101|110 0x102E
1 0 0011100|0100|000 0x0E20
1 1 0100010|0011|010 0x111A
1 2 0100011|0110|010 0x11B2
1 3 0100110|0000|111 0x1307
1 4 0100111|0000|111 0x1387
1 5 0101000|0000|111 0x1407
1 6 0101001|0000|111 0x1487
3 0 0000001|0010|101 0x0095
4 0 0000000|0000|000 0x0000
6 0 0000110|0010|110 0x0316
8 0 0110001|0000|010 0x1882
8 1 0110010|0000|010 0x1902
8 2 0110110|0101|100 0x1B2C
8 3 0111011|0101|101 0x1DAD
8 4 0111101|0110|100 0x1EB4
8 5 1001000|0000|111 0x2407
8 6 1001001|0100|111 0x24A7
8 7 1001011|0000|111 0x2587
8 8 1001100|0010|110 0x2616
9 0 1000100|0000|000 0x2200
9 1 1000101|0100|000 0x22A0
9 2 1000110|0010|000 0x2310
9 3 1000111|0100|000 0x23A0
9 4 1001101|0110|011 0x26B3
9 5 1001110|0001|011 0x270B
9 6 1010110|0010|111 0x2B17
BX = 110 Event : 15
0 0 0001100|0100|101 0x0625
0 1 0001101|0000|110 0x0686
0 2 0010100|0010|110 0x0A16
0 3 0010101|0000|110 0x0A86
1 0 0010010|0000|001 0x0901
1 1 0010110|0100|010 0x0B22
1 2 0011010|0000|101 0x0D05
4 0 0000000|0011|000 0x0018
4 1 0000001|0001|000 0x0088
8 0 0101000|0100|011 0x1423
8 1 0101010|0101|110 0x152E
8 2 0101011|0001|110 0x158E
8 3 0110001|0000|100 0x1884
8 4 0110010|0100|011 0x1923
8 5 0110011|0110|111 0x19B7
8 6 0110100|0000|111 0x1A07
9 0 0111010|0101|110 0x1D2E
9 1 0111111|0101|110 0x1FAE
b 0 0011101|0000|111 0x0E87
d 0 0100010|1010|011 0x1153
BX = 111 Event : 16
0 0 0000111|0000|011 0x0383
0 1 0001111|0110|100 0x07B4
1 0 0010100|0011|001 0x0A19
1 1 0011010|0000|110 0x0D06
2 0 0011111|0010|111 0x0F97
4 0 0000000|0001|000 0x0008
5 0 0000110|1000|011 0x0343
8 0 0101000|0000|001 0x1401
8 1 0101100|0101|110 0x162E
8 2 0111001|0101|110 0x1CAE
9 0 0110101|0001|000 0x1A88
a 0 0111100|0001|000 0x1E08
a 1 0111101|0110|010 0x1EB2
a 2 0111110|0010|001 0x1F11
b 0 1000001|0100|001 0x20A1
d 0 0100101|0000|011 0x1283
BX = 000 Event : 17
0 0 0010000|0101|110 0x082E
0 1 0010011|0101|111 0x09AF
0 2 0010101|0010|110 0x0A96
1 0 0010001|0001|000 0x0888
2 0 0011100|0010|001 0x0E11
2 1 0011110|0110|101 0x0F35
5 0 0000010|1001|011 0x014B
8 0 0101000|0100|100 0x1424
8 1 0101001|0010|110 0x1496
8 2 0101111|0010|110 0x1796
8 3 0110000|0010|110 0x1816
8 4 0110010|0110|111 0x1937
8 5 0110011|0000|111 0x1987
a 0 0110111|0101|001 0x1BA9
d 0 0100100|0100|011 0x1223
BX = 001 Event : 18
0 0 0001001|0101|111 0x04AF
1 0 0001010|0001|110 0x050E
1 1 0010000|0110|111 0x0837
1 2 0010001|0000|111 0x0887
1 3 0010011|0010|110 0x0996
2 0 0010111|0010|110 0x0B96
8 0 0100010|0000|011 0x1103
8 1 0100100|0100|001 0x1221
8 2 0101100|0101|100 0x162C
8 3 0110001|0100|100 0x18A4
8 4 0110101|0010|110 0x1A96
a 0 0110111|0010|000 0x1B90
a 1 0111010|0011|101 0x1D1D
b 0 0111011|0000|001 0x1D81
d 0 0011101|0001|011 0x0E8B
d 1 0011110|1010|000 0x0F50
BX = 010 Event : 19
0 0 0000111|0101|110 0x03AE
1 0 0010011|0011|100 0x099C
1 1 0010111|0000|101 0x0B85
1 2 0011011|0001|110 0x0D8E
2 0 0011101|0101|110 0x0EAE
2 1 0011111|0000|110 0x0F86
5 0 0000100|0011|011 0x021B
8 0 0100111|0000|100 0x1384
8 1 0110000|0000|100 0x1804
8 2 0110010|0001|111 0x190F
8 3 0110011|0010|111 0x1997
8 4 0110110|0000|111 0x1B07
8 5 0110111|0000|110 0x1B86
9 0 0111001|0101|010 0x1CAA
9 1 0111010|0110|001 0x1D31
9 2 0111011|0011|001 0x1D99
9 3 1000010|0010|111 0x2117
a 0 1000011|0011|010 0x219A
a 1 1000100|0110|010 0x2232
a 2 1000101|0010|001 0x2291
a 3 1001000|0000|011 0x2403
e 0 0100011|0101|110 0x11AE
BX = 011 Event : 20
0 0 0000111|0100|010 0x03A2
0 1 0001000|0001|101 0x040D
0 2 0001010|0001|101 0x050D
0 3 0001011|0001|101 0x058D
0 4 0001110|0010|111 0x0717
1 0 0010000|0101|001 0x0829
1 1 0010001|0000|001 0x0881
4 0 0000000|0001|000 0x0008
4 1 0000100|0010|010 0x0212
8 0 0110100|0000|111 0x1A07
8 1 0111100|0000|111 0x1E07
8 2 0111110|0000|111 0x1F07
8 3 1000000|0010|110 0x2016
9 0 0111011|0100|000 0x1DA0
9 1 1000001|0100|010 0x20A2
9 2 1000100|0100|110 0x2226
9 3 1000101|0010|011 0x2293
b 0 0011010|1011|111 0x0D5F
c 0 0100000|0011|110 0x101E
c 1 0100001|1000|010 0x10C2
e 0 0101001|0000|110 0x1486
BX = 100 Event : 21
0 0 0001001|0100|110 0x04A6
0 1 0001010|0110|110 0x0536
0 2 0001011|0110|100 0x05B4
0 3 0001100|0100|100 0x0624
0 4 0001111|0010|101 0x0795
0 5 0010001|0010|100 0x0894
0 6 0010010|0101|011 0x092B
1 0 0010011|0010|000 0x0990
1 1 0011010|0100|110 0x0D26
1 2 0011101|0000|111 0x0E87
2 0 0100101|0001|100 0x128C
2 1 0100110|0001|011 0x130B
2 2 0101010|0101|110 0x152E
2 3 0101011|0110|110 0x15B6
5 0 0000001|1001|011 0x00CB
8 0 0111101|0000|010 0x1E82
8 1 0111110|0000|001 0x1F01
8 2 1000001|0110|110 0x20B6
8 3 1001000|0010|100 0x2414
9 0 1010011|0001|110 0x298E
a 0 1010110|0011|101 0x2B1D
a 1 1010111|0010|100 0x2B94
a 2 1011010|0101|111 0x2D2F
b 0 0101100|1000|111 0x1647
b 1 0101101|0001|100 0x168C
e 0 0111000|0000|011 0x1C03
e 1 0111001|0011|011 0x1C9B
BX = 101 Event : 22
0 0 0000111|0100|111 0x03A7
1 0 0001000|0010|001 0x0411
1 1 0001011|0000|101 0x0585
1 2 0001100|0110|111 0x0637
1 3 0001101|0010|111 0x0697
1 4 0001110|0100|110 0x0726
2 0 0001111|0110|101 0x07B5
8 0 0011100|0100|010 0x0E22
8 1 0100000|0001|100 0x100C
8 2 0100010|0000|100 0x1104
9 0 0100111|0101|000 0x13A8
9 1 0110000|0101|100 0x182C
a 0 0110011|0111|100 0x19BC
a 1 0110100|0111|101 0x1A3D
a 2 0110110|0000|101 0x1B05
a 3 0110111|0111|111 0x1BBF
b 0 0010011|0000|100 0x0984
c 0 0010101|0001|110 0x0A8E
c 1 0010110|1000|010 0x0B42
BX = 110 Event : 23
0 0 0001010|0100|100 0x0524
0 1 0001100|0101|101 0x062D
2 0 0010100|0110|001 0x0A31
2 1 0010111|0110|111 0x0BB7
5 0 0000011|0000|110 0x0186
6 0 0000100|0010|111 0x0217
6 1 0000101|1001|111 0x02CF
6 2 0000110|1011|111 0x035F
8 0 0100010|0100|100 0x1124
8 1 0100011|0001|100 0x118C
8 2 0100111|0000|111 0x1387
a 0 0101001|0100|001 0x14A1
a 1 0101010|0010|011 0x1513
BX = 111 Event : 24
0 0 0001011|0101|110 0x05AE
0 1 0001100|0010|110 0x0616
0 2 0010101|0101|111 0x0AAF
1 0 0010011|0101|001 0x09A9
1 1 0010100|0101|000 0x0A28
1 2 0011000|0101|010 0x0C2A
1 3 0011001|0101|010 0x0CAA
1 4 0011011|0101|110 0x0DAE
1 5 0011101|0110|100 0x0EB4
1 6 0011110|0110|111 0x0F37
6 0 0001000|0001|010 0x040A
8 0 0110010|0100|101 0x1925
8 1 0110111|0000|111 0x1B87
9 0 0110101|0000|000 0x1A80
9 1 0111000|0010|011 0x1C13
9 2 0111001|0001|110 0x1C8E
a 0 0111011|0010|010 0x1D92
b 0 0100100|1000|111 0x1247
c 0 0100111|1001|010 0x13CA
d 0 0101001|1001|000 0x14C8
d 1 0101010|0100|000 0x1520
BX = 000 Event : 25
0 0 0000011|0100|011 0x01A3
0 1 0000110|0001|100 0x030C
0 2 0001001|0010|011 0x0493
1 0 0010000|0110|010 0x0832
1 1 0010011|0000|110 0x0986
1 2 0010100|0010|101 0x0A15
1 3 0010101|0101|100 0x0AAC
1 4 0010110|0101|100 0x0B2C
2 0 0011010|0010|001 0x0D11
2 1 0011101|0000|100 0x0E84
8 0 0100001|0100|101 0x10A5
8 1 0100010|0101|101 0x112D
8 2 0100011|0010|100 0x1194
8 3 0100101|0101|110 0x12AE
8 4 0100110|0110|101 0x1335
8 5 0101000|0101|100 0x142C
8 6 0101001|0010|100 0x1494
8 7 0101010|0010|100 0x1514
9 0 0101111|0010|101 0x1795
9 1 0110000|0010|110 0x1816
a 0 0110101|0111|110 0x1ABE
BX = 001 Event : 26
0 0 0010001|0100|010 0x08A2
0 1 0010010|0100|110 0x0926
0 2 0010100|0101|101 0x0A2D
2 0 0011110|0100|100 0x0F24
2 1 0100000|0010|111 0x1017
3 0 0000000|1000|101 0x0045
4 0 0000110|1001|010 0x034A
4 1 0000111|0001|010 0x038A
4 2 0001010|1011|111 0x055F
5 0 0001000|0011|011 0x041B
5 1 0001100|0100|110 0x0626
5 2 0001101|0001|110 0x068E
8 0 0111000|0000|110 0x1C06
8 1 0111001|0101|100 0x1CAC
8 2 1000000|0110|100 0x2034
8 3 1000001|0101|011 0x20AB
8 4 1000011|0010|110 0x2196
8 5 1001011|0101|110 0x25AE
9 0 1000101|0101|000 0x22A8
9 1 1001101|0100|010 0x26A2
9 2 1010010|0000|100 0x2904
a 0 1010101|0100|010 0x2AA2
e 0 0101100|1100|000 0x1660
e 1 0101101|0000|000 0x1680
e 2 0110001|0010|110 0x1896
BX = 010 Event : 27
0 0 0001010|0001|110 0x050E
0 1 0001011|0101|110 0x05AE
0 2 0001100|0110|110 0x0636
0 3 0001110|0001|110 0x070E
0 4 0001111|0110|110 0x07B6
0 5 0010000|0100|100 0x0824
0 6 0010001|0001|110 0x088E
0 7 0010100|0000|110 0x0A06
1 0 0010101|0010|010 0x0A92
2 0 0011011|0000|110 0x0D86
4 0 0000010|0010|010 0x0112
8 0 0101010|0000|011 0x1503
8 1 0101110|0001|011 0x170B
8 2 0101111|0110|011 0x17B3
8 3 0110011|0001|111 0x198F
9 0 0110110|0110|001 0x1B31
9 1 0110111|0000|001 0x1B81
9 2 0111000|0000|001 0x1C01
9 3 0111010|0100|110 0x1D26
9 4 0111011|0100|110 0x1DA6
a 0 0111101|0001|010 0x1E8A
a 1 1000000|0000|101 0x2005
b 0 1000010|0000|000 0x2100
d 0 0100001|0011|011 0x109B
d 1 0100010|0010|000 0x1110
d 2 0100011|0000|000 0x1180
d 3 0100100|0010|000 0x1210
d 4 0101000|1010|101 0x1455
e 0 0100111|0011|000 0x1398
e 1 0101001|0010|110 0x1496
BX = 011 Event : 28
0 0 0001110|0000|011 0x0703
0 1 0001111|0000|001 0x0781
1 0 0011010|0001|001 0x0D09
1 1 0011011|0001|001 0x0D89
1 2 0011100|0000|000 0x0E00
1 3 0011111|0010|011 0x0F93
1 4 0100001|0110|010 0x10B2
1 5 0100010|0001|010 0x110A
1 6 0100011|0001|001 0x1189
1 7 0100111|0010|101 0x1395
1 8 0101001|0001|011 0x148B
3 0 0000000|1010|101 0x0055
4 0 0000101|1010|101 0x02D5
8 0 0111011|0100|110 0x1DA6
8 1 0111100|0010|110 0x1E16
8 2 0111101|0100|100 0x1EA4
8 3 0111110|0001|110 0x1F0E
8 4 0111111|0010|110 0x1F96
8 5 1000000|0000|110 0x2006
8 6 1000001|0100|110 0x20A6
8 7 1000010|0001|110 0x210E
8 8 1000100|0110|101 0x2235
8 9 1000110|0000|100 0x2304
8 a 1001001|0010|111 0x2497
8 b 1001110|0001|111 0x270F
8 c 1001111|0000|111 0x2787
8 d 1010000|0001|111 0x280F
8 e 1010001|0010|110 0x2896
9 0 1001100|0001|000 0x2608
9 1 1011000|0010|011 0x2C13
9 2 1011001|0101|111 0x2CAF
a 0 1011101|0000|111 0x2E87
c 0 0101110|1000|110 0x1746
c 1 0110001|0010|111 0x1897
e 0 0110101|1100|101 0x1AE5
BX = 100 Event : 29
0 0 0010011|0010|101 0x0995
0 1 0010100|0001|100 0x0A0C
0 2 0010111|0010|111 0x0B97
0 3 0011001|0001|111 0x0C8F
1 0 0011100|0001|010 0x0E0A
2 0 0100010|0001|101 0x110D
3 0 0000000|1000|101 0x0045
3 1 0000001|1010|100 0x00D4
3 2 0100011|0110|001 0x11B1
8 0 0111011|0010|111 0x1D97
8 1 0111101|0001|111 0x1E8F
8 2 0111111|0101|111 0x1FAF
9 0 1000110|0100|110 0x2326
9 1 1000111|0000|110 0x2386
9 2 1001010|0100|011 0x2523
9 3 1001011|0000|110 0x2586
b 0 0100110|0011|100 0x131C
e 0 0110000|0001|110 0x180E
e 1 0110001|0011|011 0x189B
e 2 0110010|0100|101 0x1925
BX = 101 Event : 30
0 0 0000111|0100|100 0x03A4
0 1 0001000|0001|100 0x040C
0 2 0001001|0000|011 0x0483
0 3 0001110|0010|100 0x0714
0 4 0010000|0100|011 0x0823
0 5 0010001|0001|111 0x088F
1 0 0010101|0100|000 0x0AA0
1 1 0010110|0101|000 0x0B28
1 2 0011001|0000|001 0x0C81
1 3 0011010|0001|001 0x0D09
1 4 0100000|0101|100 0x102C
1 5 0100010|0001|100 0x110C
1 6 0100101|0110|111 0x12B7
2 0 0100111|0001|100 0x138C
2 1 0101000|0110|101 0x1435
4 0 0000000|0001|000 0x0008
8 0 0111000|0000|010 0x1C02
8 1 0111100|0110|100 0x1E34
8 2 0111111|0100|110 0x1FA6
9 0 0111101|0101|000 0x1EA8
9 1 1000111|0101|110 0x23AE
b 0 0101111|0010|111 0x1797
b 1 1001010|0010|010 0x2512
d 0 0110011|1010|011 0x19D3
e 0 0110110|1001|101 0x1B4D
BX = 110 Event : 31
0 0 0001001|0001|100 0x048C
0 1 0001010|0110|110 0x0536
0 2 0001111|0000|101 0x0785
0 3 0011000|0001|111 0x0C0F
0 4 0011001|0001|111 0x0C8F
0 5 0011010|0100|111 0x0D27
0 6 0011011|0100|111 0x0DA7
0 7 0011100|0100|111 0x0E27
0 8 0011101|0101|110 0x0EAE
1 0 0100011|0001|101 0x118D
1 1 0100101|0110|101 0x12B5
2 0 0101000|0010|010 0x1412
4 0 0000000|1001|000 0x0048
4 1 0000001|1001|000 0x00C8
4 2 0000010|1001|101 0x014D
4 3 0000011|1000|010 0x01C2
5 0 0000101|1011|011 0x02DB
8 0 0110010|0100|011 0x1923
8 1 0110101|0000|000 0x1A80
8 2 0110110|0100|100 0x1B24
8 3 0110111|0110|101 0x1BB5
8 4 0111011|0101|110 0x1DAE
8 5 1000000|0010|110 0x2016
8 6 1000001|0100|110 0x20A6
8 7 1000010|0110|110 0x2136
9 0 0111100|0001|000 0x1E08
9 1 1000011|0011|001 0x2199
9 2 1000110|0101|100 0x232C
a 0 1000111|0011|000 0x2398
a 1 1001000|0001|001 0x2409
a 2 1001010|0101|100 0x252C
a 3 1001111|0110|101 0x27B5
c 0 0101101|1011|010 0x16DA
d 0 0110000|0011|101 0x181D
e 0 0110001|1010|011 0x18D3
BX = 111 Event : 32
0 0 0000111|0010|110 0x0396
0 1 0001000|0100|110 0x0426
0 2 0001001|0000|110 0x0486
0 3 0001011|0010|101 0x0595
0 4 0010111|0101|110 0x0BAE
0 5 0011000|0000|110 0x0C06
1 0 0010000|0100|000 0x0820
1 1 0010100|0010|001 0x0A11
1 2 0010101|0101|000 0x0AA8
1 3 0011010|0010|001 0x0D11
1 4 0011110|0010|100 0x0F14
2 0 0100000|0101|101 0x102D
2 1 0100010|0000|111 0x1107
2 2 0100011|0001|111 0x118F
3 0 0000000|0001|101 0x000D
3 1 0100100|0101|001 0x1229
3 2 0100101|0101|001 0x12A9
8 0 0110100|0000|000 0x1A00
8 1 0110101|0000|000 0x1A80
8 2 0111000|0010|011 0x1C13
8 3 0111100|0010|100 0x1E14
8 4 0111101|0001|100 0x1E8C
8 5 1000110|0101|111 0x232F
9 0 1000010|0101|000 0x2128
9 1 1001010|0001|010 0x250A
9 2 1001011|0101|010 0x25AA
9 3 1001100|0000|001 0x2601
9 4 1001110|0110|001 0x2731
9 5 1010001|0000|101 0x2885
9 6 1010010|0100|101 0x2925
a 0 1010111|0011|001 0x2B99
a 1 1011100|0010|110 0x2E16
b 0 1011101|0011|000 0x2E98
c 0 0101000|0001|010 0x140A
c 1 0101101|0011|010 0x169A
d 0 0101111|1010|011 0x17D3
BX = 000 Event : 33
0 0 0001010|0000|001 0x0501
0 1 0001111|0101|101 0x07AD
1 0 0010111|0001|111 0x0B8F
3 0 0011101|0011|000 0x0E98
4 0 0000010|1010|101 0x0155
4 1 0000011|1010|110 0x01D6
a 0 0110111|0100|100 0x1BA4
a 1 0111001|0101|100 0x1CAC
a 2 0111010|0010|100 0x1D14
b 0 0011111|1001|111 0x0FCF
b 1 0100000|0011|111 0x101F
c 0 0100001|1000|000 0x10C0
BX = 001 Event : 34
0 0 0001101|0000|111 0x0687
0 1 0001110|0100|111 0x0727
0 2 0010011|0001|111 0x098F
0 3 0010100|0101|111 0x0A2F
1 0 0010010|0010|000 0x0910
6 0 0000110|1011|001 0x0359
6 1 0000111|0010|010 0x0392
8 0 0100100|0000|011 0x1203
8 1 0100101|0000|000 0x1280
8 2 0100110|0100|000 0x1320
8 3 0101000|0010|110 0x1416
8 4 0110100|0010|111 0x1A17
9 0 0110111|0001|000 0x1B88
9 1 0111011|0010|010 0x1D92
9 2 0111100|0001|010 0x1E0A
9 3 0111101|0100|010 0x1EA2
9 4 0111110|0101|001 0x1F29
9 5 1000010|0001|110 0x210E
9 6 1000100|0100|100 0x2224
a 0 1001010|0010|101 0x2515
a 1 1001101|0010|110 0x2696
a 2 1001110|0010|110 0x2716
a 3 1001111|0010|101 0x2795
b 0 0011101|1000|111 0x0EC7
b 1 0011110|0001|100 0x0F0C
b 2 1010000|0011|011 0x281B
BX = 010 Event : 35
0 0 0001111|0100|011 0x07A3
0 1 0010010|0100|001 0x0921
0 2 0010011|0000|110 0x0986
0 3 0010100|0001|101 0x0A0D
0 4 0011000|0000|110 0x0C06
0 5 0011100|0100|100 0x0E24
0 6 0011110|0000|111 0x0F07
0 7 0011111|0100|110 0x0FA6
1 0 0100001|0010|001 0x1091
1 1 0100110|0011|001 0x1319
3 0 0000001|0010|101 0x0095
3 1 0000010|0011|101 0x011D
3 2 0110000|0100|001 0x1821
4 0 0000000|0010|000 0x0010
4 1 0000110|1011|010 0x035A
4 2 0000111|0011|010 0x039A
6 0 0001101|0010|110 0x0696
8 0 0111110|0000|010 0x1F02
8 1 1000100|0010|101 0x2215
8 2 1000110|0010|101 0x2315
8 3 1001000|0000|100 0x2404
8 4 1001010|0001|011 0x250B
9 0 1010000|0000|010 0x2802
9 1 1010011|0001|110 0x298E
9 2 1010110|0101|011 0x2B2B
9 3 1011100|0000|111 0x2E07
a 0 1011111|0110|001 0x2FB1
b 0 0110010|1010|100 0x1954
c 0 0110011|0011|110 0x199E
d 0 0110111|0010|000 0x1B90
d 1 0111011|0011|101 0x1D9D
BX = 011 Event : 36
1 0 0011001|0110|011 0x0CB3
1 1 0011110|0000|101 0x0F05
1 2 0011111|0110|100 0x0FB4
1 3 0100001|0011|110 0x109E
4 0 0000000|1011|000 0x0058
4 1 0000001|1011|000 0x00D8
4 2 0000101|1001|010 0x02CA
4 3 0000110|0011|010 0x031A
4 4 0001000|0010|010 0x0412
4 5 0001001|0100|111 0x04A7
6 0 0001011|1011|001 0x05D9
6 1 0001101|0000|111 0x0687
8 0 0110101|0010|110 0x1A96
8 1 0110110|0000|111 0x1B07
8 2 0111000|0010|111 0x1C17
9 0 0111101|0010|011 0x1E93
9 1 0111110|0011|010 0x1F1A
9 2 1000100|0110|110 0x2236
a 0 1000111|0110|010 0x23B2
a 1 1001000|0100|100 0x2424
b 0 0100110|0001|100 0x130C
BX = 100 Event : 37
0 0 0001101|0000|011 0x0683
0 1 0001111|0000|010 0x0782
0 2 0010000|0000|001 0x0801
0 3 0010001|0010|100 0x0894
0 4 0010010|0100|100 0x0924
0 5 0010011|0010|011 0x0993
1 0 0010100|0110|001 0x0A31
1 1 0010101|0010|001 0x0A91
1 2 0011000|0101|001 0x0C29
1 3 0011001|0101|001 0x0CA9
1 4 0011101|0001|110 0x0E8E
1 5 0011110|0010|110 0x0F16
2 0 0100110|0011|011 0x131B
3 0 0000000|0011|101 0x001D
3 1 0000001|1001|101 0x00CD
4 0 0000100|1011|101 0x025D
4 1 0000101|0010|101 0x0295
4 2 0000110|1011|110 0x035E
4 3 0000111|0010|110 0x0396
4 4 0001001|0010|111 0x0497
8 0 0110100|0001|100 0x1A0C
8 1 0110101|0001|100 0x1A8C
8 2 0111000|0001|100 0x1C0C
8 3 0111110|0101|111 0x1F2F
9 0 0111100|0101|000 0x1E28
9 1 1000101|0010|101 0x2295
9 2 1000111|0010|101 0x2395
9 3 1001000|0010|100 0x2414
9 4 1001001|0101|100 0x24AC
a 0 1001110|0001|001 0x2709
a 1 1010000|0110|011 0x2833
a 2 1010010|0100|111 0x2927
b 0 0101010|1001|111 0x154F
c 0 0101100|0000|110 0x1606
c 1 0101101|1001|010 0x16CA
c 2 0101110|1010|010 0x1752
BX = 101 Event : 38
0 0 0001011|0001|110 0x058E
1 0 0010111|0000|010 0x0B82
1 1 0011000|0010|010 0x0C12
2 0 0011111|0011|110 0x0F9E
2 1 0100000|0110|110 0x1036
5 0 0000011|0011|000 0x0198
5 1 0000110|0000|110 0x0306
8 0 0101110|0100|110 0x1726
8 1 0101111|0010|100 0x1794
8 2 0110001|0000|101 0x1885
8 3 0110010|0010|100 0x1914
8 4 0111000|0100|011 0x1C23
8 5 0111001|0100|011 0x1CA3
8 6 0111010|0010|111 0x1D17
8 7 0111101|0010|111 0x1E97
9 0 1000000|0110|010 0x2032
a 0 1001001|0101|001 0x24A9
a 1 1001010|0110|101 0x2535
a 2 1001011|0110|011 0x25B3
c 0 0100110|1010|010 0x1352
d 0 0101001|1001|011 0x14CB
e 0 0101011|0100|011 0x15A3
BX = 110 Event : 39
0 0 0000101|0000|010 0x0282
1 0 0000111|0001|000 0x0388
1 1 0010001|0100|100 0x08A4
1 2 0010010|0001|011 0x090B
1 3 0010100|0010|110 0x0A16
2 0 0010011|0001|000 0x0988
3 0 0011011|0010|000 0x0D90
4 0 0000000|0010|000 0x0010
4 1 0000001|1000|000 0x00C0
8 0 0101010|0000|000 0x1500
8 1 0101011|0101|100 0x15AC
8 2 0101110|0101|100 0x172C
9 0 0110100|0011|010 0x1A1A
a 0 0110111|0010|010 0x1B92
a 1 0111000|0010|001 0x1C11
a 2 0111010|0100|100 0x1D24
a 3 0111100|0110|011 0x1E33
BX = 111 Event : 40
0 0 0010001|0101|110 0x08AE
0 1 0010010|0101|110 0x092E
0 2 0010011|0101|101 0x09AD
1 0 0011110|0010|010 0x0F12
1 1 0011111|0110|001 0x0FB1
1 2 0100010|0001|100 0x110C
1 3 0100011|0110|111 0x11B7
2 0 0100101|0110|010 0x12B2
3 0 0101000|0101|000 0x1428
4 0 0000001|1000|010 0x00C2
5 0 0000100|1001|110 0x024E
5 1 0000101|0010|110 0x0296
8 0 0110001|0110|100 0x18B4
8 1 0110101|0010|101 0x1A95
8 2 0111001|0010|111 0x1C97
a 0 1000000|0101|011 0x202B
b 0 0101001|1010|111 0x14D7
e 0 0101110|0011|110 0x171E
BX = 000 Event : 41
0 0 0001011|0100|110 0x05A6
1 0 0001001|0010|000 0x0490
1 1 0001100|0011|010 0x061A
1 2 0001111|0010|100 0x0794
1 3 0010011|0110|111 0x09B7
4 0 0000001|0010|101 0x0095
5 0 0000010|1011|011 0x015B
8 0 0100011|0010|110 0x1196
8 1 0100100|0001|110 0x120E
8 2 0100101|0101|101 0x12AD
8 3 0100110|0101|101 0x132D
8 4 0100111|0100|100 0x13A4
8 5 0110100|0101|111 0x1A2F
8 6 0110101|0101|111 0x1AAF
8 7 0110110|0010|111 0x1B17
8 8 0111010|0101|111 0x1D2F
8 9 0111011|0000|111 0x1D87
8 a 0111100|0000|111 0x1E07
8 b 0111110|0101|111 0x1F2F
8 c 0111111|0000|111 0x1F87
8 d 1000000|0100|111 0x2027
8 e 1000010|0100|111 0x2127
9 0 1001001|0011|100 0x249C
9 1 1001011|0000|001 0x2581
9 2 1001101|0101|100 0x26AC
9 3 1001110|0101|100 0x272C
9 4 1001111|0110|100 0x27B4
a 0 1010001|0110|001 0x28B1
b 0 0011010|1010|111 0x0D57
c 0 0011011|0001|110 0x0D8E
e 0 0100010|0100|110 0x1126
BX = 001 Event : 42
0 0 0001110|0101|011 0x072B
0 1 0010100|0001|101 0x0A0D
0 2 0010101|0101|101 0x0AAD
0 3 0011000|0101|100 0x0C2C
0 4 0011001|0101|100 0x0CAC
0 5 0011011|0000|011 0x0D83
0 6 0100001|0001|111 0x108F
1 0 0011101|0101|000 0x0EA8
1 1 0011110|0000|000 0x0F00
1 2 0100000|0101|000 0x1028
2 0 0101010|0110|111 0x1537
2 1 0101011|0100|110 0x15A6
2 2 0101100|0110|111 0x1637
3 0 0101110|0010|001 0x1711
4 0 0000011|0000|101 0x0185
6 0 0001000|1000|110 0x0446
6 1 0001001|0000|110 0x0486
6 2 0001010|0101|110 0x052E
8 0 0111000|0010|100 0x1C14
8 1 0111010|0101|011 0x1D2B
8 2 0111011|0001|011 0x1D8B
9 0 0111111|0010|011 0x1F93
9 1 1000000|0110|011 0x2033
9 2 1000101|0000|011 0x2283
a 0 1001001|0001|011 0x248B
a 1 1001010|0001|010 0x250A
a 2 1001011|0001|010 0x258A
d 0 0110011|1010|000 0x19D0
BX = 010 Event : 43
0 0 0000111|0001|100 0x038C
0 1 0001000|0101|110 0x042E
0 2 0001111|0001|100 0x078C
0 3 0010010|0000|110 0x0906
0 4 0010011|0000|110 0x0986
1 0 0010001|0001|000 0x0888
1 1 0010100|0001|001 0x0A09
1 2 0010101|0001|001 0x0A89
4 0 0000010|1011|111 0x015F
8 0 0101001|0000|010 0x1482
8 1 0101101|0000|001 0x1681
8 2 0101111|0010|110 0x1796
8 3 0110001|0000|101 0x1885
8 4 0110011|0001|100 0x198C
8 5 0110100|0100|100 0x1A24
8 6 0110110|0001|011 0x1B0B
8 7 0111000|0010|110 0x1C16
8 8 0111010|0100|111 0x1D27
8 9 0111011|0110|111 0x1DB7
8 a 0111100|0100|111 0x1E27
8 b 0111110|0001|111 0x1F0F
8 c 0111111|0010|111 0x1F97
9 0 1000001|0010|011 0x2093
9 1 1000010|0101|011 0x212B
BX = 011 Event : 44
0 0 0010000|0001|110 0x080E
0 1 0010011|0000|011 0x0983
0 2 0010101|0100|011 0x0AA3
0 3 0011000|0001|110 0x0C0E
1 0 0011011|0101|100 0x0DAC
1 1 0011101|0001|100 0x0E8C
3 0 0000000|1001|101 0x004D
5 0 0000100|1010|110 0x0256
8 0 0110000|0000|010 0x1802
9 0 1000110|0011|110 0x231E
b 0 0100010|0011|100 0x111C
d 0 0101000|0001|000 0x1408
e 0 0101100|1000|000 0x1640
BX = 100 Event : 45
0 0 0010101|0101|100 0x0AAC
0 1 0010110|0101|100 0x0B2C
1 0 0011001|0010|000 0x0C90
1 1 0011100|0010|000 0x0E10
1 2 0011111|0101|001 0x0FA9
2 0 0100101|0000|100 0x1284
3 0 0000001|1001|101 0x00CD
4 0 0000000|1011|000 0x0058
4 1 0000101|1010|010 0x02D2
5 0 0001001|1001|011 0x04CB
6 0 0001100|0101|110 0x062E
8 0 0101110|0000|101 0x1705
8 1 0101111|0001|100 0x178C
8 2 0110001|0101|101 0x18AD
8 3 0110010|0001|100 0x190C
8 4 0110110|0000|100 0x1B04
9 0 0111111|0010|001 0x1F91
a 0 1000100|0101|000 0x2228
d 0 0101011|1011|101 0x15DD
BX = 101 Event : 46
0 0 0010000|0000|011 0x0803
0 1 0011111|0110|111 0x0FB7
1 0 0100010|0101|101 0x112D
1 1 0100100|0101|011 0x122B
3 0 0000001|0010|100 0x0094
4 0 0000101|0010|010 0x0292
5 0 0001010|0100|110 0x0526
5 1 0001011|0100|110 0x05A6
5 2 0001100|1000|110 0x0646
8 0 0111011|0101|110 0x1DAE
8 1 1001000|0101|111 0x242F
a 0 1010010|0011|100 0x291C
b 0 0101100|0011|111 0x161F
b 1 0101101|1010|100 0x16D4
d 0 0110000|1011|011 0x185B
e 0 0110011|0010|011 0x1993
e 1 0110101|0001|010 0x1A8A
BX = 110 Event : 47
0 0 0011000|0010|110 0x0C16
1 0 0011010|0110|010 0x0D32
1 1 0011011|0001|010 0x0D8A
2 0 0100100|0110|001 0x1231
2 1 0100111|0110|010 0x13B2
2 2 0101001|0000|101 0x1485
4 0 0000000|0001|000 0x0008
4 1 0000001|0010|000 0x0090
4 2 0000111|0001|101 0x038D
4 3 0001000|0001|010 0x040A
4 4 0001011|0100|111 0x05A7
4 5 0001100|0001|111 0x060F
6 0 0001110|1000|110 0x0746
8 0 1000101|0100|110 0x22A6
8 1 1000110|0101|101 0x232D
8 2 1001010|0010|100 0x2514
8 3 1001011|0001|100 0x258C
8 4 1001100|0001|011 0x260B
9 0 1001111|0010|000 0x2790
9 1 1011100|0010|111 0x2E17
b 0 0101110|0001|100 0x170C
c 0 0110011|0010|010 0x1992
BX = 111 Event : 48
0 0 0001111|0000|011 0x0783
0 1 0010111|0101|101 0x0BAD
0 2 0011101|0100|111 0x0EA7
0 3 0011111|0101|111 0x0FAF
1 0 0011100|0010|000 0x0E10
1 1 0011110|0010|000 0x0F10
1 2 0100000|0000|011 0x1003
1 3 0100001|0010|010 0x1092
1 4 0100010|0010|001 0x1111
1 5 0101000|0101|100 0x142C
1 6 0101001|0110|011 0x14B3
4 0 0000000|0001|000 0x0008
5 0 0000111|1001|011 0x03CB
5 1 0001011|1100|110 0x05E6
6 0 0001001|0100|001 0x04A1
6 1 0001010|1000|001 0x0541
8 0 1000001|0100|111 0x20A7
9 0 1000000|0010|000 0x2010
9 1 1000100|0110|100 0x2234
9 2 1001000|0101|100 0x242C
9 3 1001011|0000|110 0x2586
b 0 0101100|1000|111 0x1647
d 0 0110010|1011|000 0x1958
d 1 0110011|0000|000 0x1980
d 2 0110100|0011|000 0x1A18
BX = 000 Event : 49
0 0 0001100|0000|010 0x0602
0 1 0010001|0101|100 0x08AC
0 2 0010010|0000|011 0x0903
0 3 0010100|0101|101 0x0A2D
0 4 0010101|0010|100 0x0A94
0 5 0010110|0010|100 0x0B14
0 6 0011000|0100|111 0x0C27
1 0 0011011|0000|011 0x0D83
2 0 0011110|0101|011 0x0F2B
3 0 0000001|0010|101 0x0095
3 1 0000100|0011|100 0x021C
4 0 0000000|0001|000 0x0008
4 1 0000110|0010|010 0x0312
6 0 0001001|0011|001 0x0499
6 1 0001010|0010|010 0x0512
6 2 0001011|0010|011 0x0593
8 0 0110011|0101|110 0x19AE
8 1 0110111|0101|110 0x1BAE
9 0 0111001|0001|001 0x1C89
b 0 0100110|0010|111 0x1317
c 0 0101001|1000|110 0x14C6
c 1 0101100|1010|101 0x1655
d 0 0101101|1000|000 0x16C0
d 1 0101111|0100|101 0x17A5
e 0 0110000|1000|011 0x1843
BX = 001 Event : 50
0 0 0001111|0001|100 0x078C
0 1 0010000|0110|110 0x0836
0 2 0010010|0010|101 0x0915
0 3 0010011|0000|100 0x0984
1 0 0011001|0001|011 0x0C8B
1 1 0011110|0001|011 0x0F0B
1 2 0011111|0101|111 0x0FAF
2 0 0100000|0100|000 0x1020
4 0 0000011|0000|010 0x0182
8 0 0101100|0000|001 0x1601
9 0 0111101|0100|100 0x1EA4
9 1 0111110|0000|110 0x1F06
a 0 1000010|0110|001 0x2131
e 0 0100111|0100|000 0x13A0
BX = 010 Event : 51
0 0 0001000|0000|010 0x0402
0 1 0001010|0101|100 0x052C
0 2 0001011|0100|100 0x05A4
0 3 0001101|0101|101 0x06AD
0 4 0011000|0010|110 0x0C16
1 0 0010010|0101|001 0x0929
1 1 0010100|0000|001 0x0A01
1 2 0010110|0101|000 0x0B28
1 3 0011001|0101|001 0x0CA9
1 4 0011010|0110|001 0x0D31
1 5 0011101|0000|101 0x0E85
1 6 0011110|0010|101 0x0F15
2 0 0100100|0110|110 0x1236
2 1 0100101|0010|011 0x1293
2 2 0100110|0010|011 0x1313
4 0 0000000|1011|000 0x0058
4 1 0000011|0010|010 0x0192
4 2 0000100|0011|010 0x021A
6 0 0000110|0100|110 0x0326
8 0 0110010|0000|011 0x1903
8 1 0110100|0000|001 0x1A01
9 0 1000001|0100|001 0x20A1
9 1 1000010|0001|001 0x2109
9 2 1000101|0010|100 0x2294
9 3 1000110|0100|100 0x2324
b 0 0101000|1001|111 0x144F
c 0 0101101|1001|010 0x16CA
BX = 011 Event : 52
0 0 0010101|0000|001 0x0A81
0 1 0011010|0001|101 0x0D0D
0 2 0011101|0100|101 0x0EA5
2 0 0100110|0010|010 0x1312
3 0 0000001|1011|101 0x00DD
3 1 0000010|0011|101 0x011D
4 0 0000000|1000|000 0x0040
4 1 0000111|1001|010 0x03CA
4 2 0001100|0000|111 0x0607
4 3 0001101|1001|111 0x06CF
5 0 0001011|1010|011 0x05D3
9 0 0111010|0010|000 0x1D10
9 1 0111111|0110|011 0x1FB3
a 0 1000010|0000|000 0x2100
a 1 1000110|0110|011 0x2333
a 2 1001000|0000|101 0x2405
b 0 1001010|0111|010 0x253A
c 0 0101100|1001|010 0x164A
c 1 0101101|1001|010 0x16CA
c 2 0101111|1010|010 0x17D2
e 0 0110000|0000|110 0x1806
e 1 0110001|0001|011 0x188B
BX = 100 Event : 53
0 0 0010101|0101|011 0x0AAB
3 0 0000000|1010|100 0x0054
4 0 0000100|0000|101 0x0205
4 1 0001000|1010|111 0x0457
4 2 0001001|0010|111 0x0497
5 0 0000101|0010|011 0x0293
5 1 0000110|0010|011 0x0313
6 0 0001100|0101|110 0x062E
6 1 0001101|0001|110 0x068E
6 2 0001110|0011|110 0x071E
8 0 0101001|0000|010 0x1482
8 1 0101010|0000|101 0x1505
8 2 0101110|0100|101 0x1725
b 0 0100000|0010|100 0x1014
c 0 0100011|0001|110 0x118E
e 0 0100111|0101|110 0x13AE
BX = 101 Event : 54
0 0 0001001|0000|010 0x0482
0 1 0010000|0010|100 0x0814
0 2 0010011|0101|011 0x09AB
1 0 0010111|0000|000 0x0B80
1 1 0011000|0001|000 0x0C08
1 2 0011010|0001|010 0x0D0A
4 0 0000001|1011|101 0x00DD
4 1 0000011|1011|111 0x01DF
5 0 0000010|1011|011 0x015B
6 0 0000111|0101|111 0x03AF
8 0 0101101|0110|011 0x16B3
9 0 0101110|0101|001 0x1729
9 1 0110000|0110|011 0x1833
9 2 0110001|0000|001 0x1881
9 3 0110010|0110|001 0x1931
9 4 0110100|0101|100 0x1A2C
9 5 0110110|0101|111 0x1B2F
b 0 0100000|0000|111 0x1007
b 1 0100001|1010|111 0x10D7
b 2 0100010|0010|100 0x1114
b 3 0100011|0001|101 0x118D
c 0 0100101|0010|101 0x1295
BX = 110 Event : 55
0 0 0010001|0001|100 0x088C
0 1 0010010|0010|100 0x0914
1 0 0010110|0110|011 0x0B33
1 1 0010111|0001|010 0x0B8A
1 2 0011010|0000|101 0x0D05
3 0 0000010|1010|101 0x0155
3 1 0011101|0010|000 0x0E90
4 0 0000000|1001|000 0x0048
4 1 0000001|1010|000 0x00D0
4 2 0000101|1000|010 0x02C2
5 0 0001001|0100|110 0x04A6
8 0 0110001|0010|100 0x1894
8 1 0110010|0101|110 0x192E
8 2 0110011|0100|101 0x19A5
8 3 0110100|0000|101 0x1A05
8 4 0110110|0000|100 0x1B04
8 5 0111001|0001|100 0x1C8C
8 6 0111011|0110|111 0x1DB7
9 0 0111100|0000|011 0x1E03
9 1 0111110|0000|001 0x1F01
a 0 1000011|0000|010 0x2182
b 0 0011110|0010|100 0x0F14
b 1 0011111|0010|100 0x0F94
b 2 0100000|0001|101 0x100D
b 3 1000110|0011|000 0x2318
b 4 1000111|0011|000 0x2398
c 0 0100010|0001|010 0x110A
e 0 0101000|1001|110 0x144E
e 1 0101001|0100|011 0x14A3
BX = 111 Event : 56
0 0 0001001|0010|100 0x0494
0 1 0001110|0000|101 0x0705
0 2 0010000|0110|100 0x0834
1 0 0010010|0100|000 0x0920
1 1 0010011|0010|000 0x0990
1 2 0010100|0110|000 0x0A30
1 3 0010110|0000|001 0x0B01
1 4 0011001|0110|010 0x0CB2
1 5 0011010|0010|010 0x0D12
2 0 0100000|0000|001 0x1001
4 0 0000001|1001|010 0x00CA
4 1 0000011|0000|010 0x0182
4 2 0000100|0010|111 0x0217
8 0 0101101|0000|000 0x1680
8 1 0101110|0101|110 0x172E
8 2 0101111|0000|100 0x1784
8 3 0110000|0110|110 0x1836
8 4 0110001|0101|110 0x18AE
8 5 0111011|0000|100 0x1D84
8 6 0111100|0000|111 0x1E07
8 7 0111101|0010|110 0x1E96
8 8 1000010|0101|110 0x212E
9 0 1000011|0001|100 0x218C
9 1 1000110|0001|100 0x230C
9 2 1001010|0101|111 0x252F
9 3 1001011|0101|110 0x25AE
a 0 1001110|0101|001 0x2729
c 0 0101011|1010|110 0x15D6
c 1 0101100|0010|110 0x1616
BX = 000 Event : 57
0 0 0001101|0000|001 0x0681
0 1 0010000|0000|110 0x0806
0 2 0010001|0010|100 0x0894
1 0 0011011|0100|011 0x0DA3
1 1 0011101|0100|010 0x0EA2
1 2 0011110|0011|001 0x0F19
2 0 0100011|0100|010 0x11A2
2 1 0100100|0110|110 0x1236
2 2 0100101|0000|110 0x1286
3 0 0000000|0010|101 0x0015
4 0 0000010|1001|101 0x014D
4 1 0000101|1011|111 0x02DF
8 0 0110011|0000|011 0x1983
8 1 0110111|0010|100 0x1B94
8 2 0111000|0010|110 0x1C16
8 3 0111011|0100|011 0x1DA3
a 0 1000110|0011|101 0x231D
a 1 1000111|0010|101 0x2395
a 2 1001011|0110|111 0x25B7
b 0 1001010|0010|000 0x2510
BX = 001 Event : 58
0 0 0000101|0100|100 0x02A4
0 1 0000110|0101|110 0x032E
0 2 0001000|0101|101 0x042D
0 3 0001011|0100|011 0x05A3
0 4 0001100|0100|011 0x0623
0 5 0001101|0100|111 0x06A7
0 6 0010000|0100|110 0x0826
0 7 0010001|0101|110 0x08AE
2 0 0010111|0010|101 0x0B95
2 1 0011000|0110|011 0x0C33
4 0 0000000|1010|000 0x0050
5 0 0000010|1000|011 0x0143
8 0 0101000|0000|110 0x1406
8 1 0101001|0010|011 0x1493
8 2 0101011|0001|110 0x158E
8 3 0101100|0100|110 0x1626
8 4 0111001|0001|110 0x1C8E
8 5 0111010|0000|110 0x1D06
9 0 0110010|0101|000 0x1928
9 1 0110011|0001|000 0x1988
9 2 0111011|0100|010 0x1DA2
9 3 0111100|0101|010 0x1E2A
9 4 1000001|0010|101 0x2095
a 0 1000010|0110|000 0x2130
a 1 1000111|0110|010 0x23B2
a 2 1001000|0001|010 0x240A
a 3 1001001|0001|010 0x248A
a 4 1001010|0110|001 0x2531
b 0 0011110|0010|100 0x0F14
BX = 010 Event : 59
0 0 0001001|0101|110 0x04AE
0 1 0001010|0010|101 0x0515
0 2 0001011|0101|111 0x05AF
0 3 0001111|0101|110 0x07AE
1 0 0010000|0001|010 0x080A
2 0 0010101|0110|101 0x0AB5
4 0 0000000|1001|000 0x0048
4 1 0000001|0010|000 0x0090
4 2 0000011|0000|010 0x0182
8 0 0100111|0110|101 0x13B5
8 1 0101000|0001|101 0x140D
8 2 0101100|0010|111 0x1617
8 3 0101101|0100|111 0x16A7
e 0 0011101|0011|000 0x0E98
e 1 0011111|0100|011 0x0FA3
BX = 011 Event : 60
0 0 0001110|0000|011 0x0703
0 1 0001111|0000|010 0x0782
0 2 0010010|0100|100 0x0924
0 3 0010101|0100|101 0x0AA5
1 0 0011110|0000|011 0x0F03
1 1 0011111|0101|001 0x0FA9
1 2 0100011|0101|110 0x11AE
1 3 0100100|0101|110 0x122E
1 4 0100110|0100|011 0x1323
2 0 0101011|0011|001 0x1599
3 0 0000010|0011|101 0x011D
3 1 0110100|0011|010 0x1A1A
4 0 0000001|1011|000 0x00D8
5 0 0001010|0100|101 0x0525
5 1 0001011|0011|110 0x059E
8 0 1000110|0101|101 0x232D
8 1 1000111|0100|100 0x23A4
8 2 1001010|0101|110 0x252E
8 3 1001110|0000|100 0x2704
8 4 1001111|0101|100 0x27AC
8 5 1011000|0100|111 0x2C27
8 6 1011001|0000|111 0x2C87
8 7 1011011|0110|110 0x2DB6
9 0 1010000|0101|001 0x2829
9 1 1010001|0100|001 0x28A1
9 2 1010100|0010|000 0x2A10
9 3 1010110|0101|000 0x2B28
9 4 1010111|0101|000 0x2BA8
9 5 1011101|0011|001 0x2E99
c 0 0110110|0011|010 0x1B1A
d 0 0111011|1000|000 0x1DC0
d 1 0111100|1011|110 0x1E5E
d 2 0111101|0000|110 0x1E86
BX = 100 Event : 61
0 0 0001001|0000|001 0x0481
1 0 0010110|0101|000 0x0B28
1 1 0011011|0011|001 0x0D99
2 0 0101000|0001|100 0x140C
3 0 0101010|0000|000 0x1500
6 0 0000111|1000|010 0x03C2
8 0 1000100|0110|100 0x2234
8 1 1001101|0110|111 0x26B7
9 0 1010000|0011|001 0x2819
9 1 1010001|0110|001 0x28B1
a 0 1011001|0110|001 0x2CB1
a 1 1011010|0100|001 0x2D21
c 0 0101101|1011|110 0x16DE
e 0 0110101|0010|000 0x1A90
BX = 101 Event : 62
0 0 0001111|0110|101 0x07B5
0 1 0010000|0101|111 0x082F
1 0 0010011|0010|000 0x0990
1 1 0011001|0010|011 0x0C93
1 2 0011010|0000|011 0x0D03
1 3 0011100|0110|001 0x0E31
1 4 0100101|0000|100 0x1284
4 0 0000011|0011|111 0x019F
8 0 0110100|0000|010 0x1A02
8 1 0110101|0010|110 0x1A96
9 0 0110110|0010|011 0x1B13
9 1 0111111|0000|110 0x1F86
a 0 0111100|0001|000 0x1E08
a 1 1000000|0100|001 0x2021
a 2 1000101|0110|111 0x22B7
BX = 110 Event : 63
0 0 0000111|0000|100 0x0384
0 1 0001001|0000|001 0x0481
0 2 0001100|0100|110 0x0626
0 3 0001111|0000|100 0x0784
0 4 0010101|0100|110 0x0AA6
1 0 0010110|0000|001 0x0B01
3 0 0000000|0000|101 0x0005
3 1 0011100|0001|010 0x0E0A
8 0 0101101|0010|110 0x1696
8 1 0110001|0001|111 0x188F
9 0 0110000|0101|000 0x1828
9 1 0110011|0101|100 0x19AC
9 2 0110100|0010|010 0x1A12
a 0 0111101|0100|001 0x1EA1
b 0 0011110|1010|100 0x0F54
b 1 1000010|0000|000 0x2100
c 0 0100011|1000|110 0x11C6
c 1 0100100|0001|010 0x120A
d 0 0100110|0011|011 0x131B
d 1 0100111|1001|000 0x13C8
BX = 111 Event : 64
0 0 0001011|0101|011 0x05AB
0 1 0001100|0100|100 0x0624
0 2 0001101|0001|100 0x068C
0 3 0010001|0000|011 0x0883
0 4 0010010|0101|011 0x092B
0 5 0010011|0110|011 0x09B3
1 0 0011011|0010|110 0x0D96
1 1 0011101|0010|110 0x0E96
1 2 0011110|0010|110 0x0F16
2 0 0011111|0101|011 0x0FAB
3 0 0000000|0011|101 0x001D
3 1 0100110|0001|001 0x1309
5 0 0000100|1010|000 0x0250
8 0 0110111|0010|110 0x1B96
8 1 0111000|0100|100 0x1C24
8 2 0111001|0010|110 0x1C96
8 3 0111011|0010|101 0x1D95
8 4 0111100|0100|100 0x1E24
8 5 1000010|0001|111 0x210F
9 0 1000000|0101|000 0x2028
9 1 1000101|0001|011 0x228B
9 2 1000111|0110|010 0x23B2
9 3 1001110|0000|011 0x2703
a 0 1010110|0010|111 0x2B17
b 0 0101000|0000|111 0x1407
b 1 0101001|0010|111 0x1497
e 0 0101110|1011|001 0x1759
e 1 0110000|1001|000 0x1848
e 2 0110001|0001|000 0x1888
e 3 0110100|1100|011 0x1A63
e 4 0110101|0101|011 0x1AAB
BX = 000 Event : 65
0 0 0000111|0010|110 0x0396
1 0 0001011|0010|001 0x0591
1 1 0001100|0100|000 0x0620
1 2 0001111|0001|001 0x0789
1 3 0010000|0101|001 0x0829
1 4 0010010|0010|001 0x0911
2 0 0011000|0010|001 0x0C11
4 0 0000011|1010|111 0x01D7
5 0 0000010|1010|011 0x0153
5 1 0000101|1100|110 0x02E6
8 0 0101110|0010|100 0x1714
8 1 0101111|0010|100 0x1794
9 0 0110001|0100|000 0x18A0
9 1 0110110|0100|001 0x1B21
b 0 0011100|1000|111 0x0E47
BX = 001 Event : 66
0 0 0001010|0101|100 0x052C
0 1 0001111|0100|101 0x07A5
0 2 0010011|0110|100 0x09B4
1 0 0100010|0010|111 0x1117
4 0 0000011|0011|111 0x019F
5 0 0000010|1001|011 0x014B
6 0 0000100|0010|001 0x0211
8 0 0110101|0000|011 0x1A83
8 1 0111010|0110|100 0x1D34
8 2 0111011|0101|100 0x1DAC
9 0 0111111|0101|000 0x1FA8
9 1 1000101|0010|010 0x2292
a 0 1010011|0101|011 0x29AB
c 0 0101100|0001|111 0x160F
d 0 0101101|0010|011 0x1693
BX = 010 Event : 67
0 0 0000110|0000|001 0x0301
0 1 0001000|0001|110 0x040E
0 2 0001100|0001|111 0x060F
1 0 0010100|0001|100 0x0A0C
1 1 0010101|0110|110 0x0AB6
1 2 0010110|0010|110 0x0B16
1 3 0010111|0010|100 0x0B94
1 4 0011000|0000|100 0x0C04
2 0 0011001|0001|011 0x0C8B
2 1 0011011|0101|101 0x0DAD
2 2 0011100|0100|111 0x0E27
2 3 0011101|0100|111 0x0EA7
4 0 0000001|0011|010 0x009A
5 0 0000011|0011|011 0x019B
8 0 0101110|0001|100 0x170C
8 1 0110001|0010|100 0x1894
9 0 0111100|0010|001 0x1E11
9 1 1000000|0000|101 0x2005
9 2 1000001|0100|101 0x20A5
9 3 1000100|0000|111 0x2207
b 0 0011111|1011|100 0x0FDC
d 0 0100110|1010|011 0x1353
e 0 0100111|0000|101 0x1385
e 1 0101000|1100|101 0x1465
BX = 011 Event : 68
0 0 0001111|0000|101 0x0785
1 0 0010001|0001|000 0x0888
1 1 0010010|0000|001 0x0901
1 2 0010011|0001|000 0x0988
1 3 0010110|0000|001 0x0B01
1 4 0010111|0001|001 0x0B89
1 5 0011011|0100|100 0x0DA4
2 0 0100011|0011|101 0x119D
4 0 0000001|0001|101 0x008D
6 0 0000101|0101|011 0x02AB
9 0 0110100|0110|101 0x1A35
9 1 0111000|0101|111 0x1C2F
a 0 0110110|0110|000 0x1B30
a 1 0111101|0101|101 0x1EAD
a 2 0111111|0001|101 0x1F8D
b 0 0100111|0000|100 0x1384
BX = 100 Event : 69
0 0 0000111|0000|011 0x0383
0 1 0001000|0100|011 0x0423
0 2 0001001|0100|001 0x04A1
0 3 0001010|0000|001 0x0501
0 4 0010000|0000|110 0x0806
0 5 0010001|0101|100 0x08AC
0 6 0010010|0101|100 0x092C
0 7 0010011|0101|011 0x09AB
0 8 0010100|0100|110 0x0A26
0 9 0010110|0001|110 0x0B0E
0 a 0010111|0000|110 0x0B86
0 b 0011000|0110|100 0x0C34
0 c 0011011|0101|011 0x0DAB
0 d 0011101|0100|110 0x0EA6
0 e 0011110|0000|110 0x0F06
0 f 0100011|0101|111 0x11AF
0 10 0100100|0010|110 0x1216
0 11 0100101|0100|110 0x12A6
0 12 0100111|0101|110 0x13AE
1 0 0011100|0101|001 0x0E29
1 1 0011111|0001|001 0x0F89
1 2 0100000|0101|000 0x1028
1 3 0100001|0000|000 0x1080
1 4 0101000|0010|011 0x1413
1 5 0101010|0010|010 0x1512
1 6 0101011|0101|001 0x15A9
1 7 0101100|0110|001 0x1631
1 8 0101101|0101|001 0x16A9
1 9 0110011|0100|100 0x19A4
1 a 0110111|0000|110 0x1B86
1 b 0111000|0000|110 0x1C06
3 0 0111101|0011|000 0x1E98
8 0 1001100|0101|100 0x262C
8 1 1001101|0001|101 0x268D
8 2 1001110|0000|100 0x2704
8 3 1010000|0110|011 0x2833
8 4 1010100|0110|110 0x2A36
9 0 1010110|0100|011 0x2B23
9 1 1011101|0010|110 0x2E96
9 2 1011110|0010|100 0x2F14
9 3 1011111|0001|110 0x2F8E
9 4 1100001|0001|100 0x308C
a 0 1100101|0010|010 0x3292
b 0 0111111|0011|111 0x1F9F
BX = 101 Event : 70
0 0 0010000|0010|110 0x0816
0 1 0010001|0010|101 0x0895
1 0 0011000|0010|011 0x0C13
1 1 0100001|0010|111 0x1097
2 0 0100011|0101|011 0x11AB
3 0 0000000|1010|101 0x0055
6 0 0001010|0100|110 0x0526
6 1 0001011|0010|110 0x0596
8 0 0110100|0110|110 0x1A36
8 1 0110110|0101|110 0x1B2E
9 0 0111111|0101|010 0x1FAA
9 1 1000000|0010|001 0x2011
9 2 1000010|0000|100 0x2104
a 0 1000101|0001|010 0x228A
c 0 0101001|0001|010 0x148A
BX = 110 Event : 71
0 0 0000111|0001|110 0x038E
1 0 0010001|0000|001 0x0881
1 1 0010100|0001|011 0x0A0B
2 0 0011001|0010|000 0x0C90
4 0 0000010|1001|110 0x014E
5 0 0000100|0100|011 0x0223
8 0 0101101|0001|101 0x168D
8 1 0110101|0001|111 0x1A8F
8 2 0110110|0001|110 0x1B0E
8 3 0110111|0101|110 0x1BAE
9 0 0110011|0100|000 0x19A0
9 1 0111000|0101|010 0x1C2A
9 2 0111110|0001|111 0x1F0F
a 0 1000000|0100|101 0x2025
b 0 0100010|0011|100 0x111C
BX = 111 Event : 72
0 0 0010000|0000|011 0x0803
0 1 0010001|0000|011 0x0883
0 2 0010010|0100|011 0x0923
0 3 0011000|0100|101 0x0C25
0 4 0011010|0010|100 0x0D14
0 5 0011101|0010|100 0x0E94
0 6 0100000|0010|100 0x1014
0 7 0100010|0101|110 0x112E
1 0 0100101|0101|010 0x12AA
2 0 0101101|0110|001 0x16B1
3 0 0000000|1010|101 0x0055
8 0 1001101|0010|110 0x2696
8 1 1001110|0101|100 0x272C
8 2 1010100|0010|100 0x2A14
8 3 1010110|0110|100 0x2B34
8 4 1011101|0101|110 0x2EAE
8 5 1011111|0101|110 0x2FAE
9 0 1100000|0100|011 0x3023
9 1 1100011|0001|001 0x3189
9 2 1100100|0100|011 0x3223
9 3 1100111|0001|110 0x338E
9 4 1101100|0101|111 0x362F
a 0 1101010|0110|001 0x3531
b 0 0110101|0011|111 0x1A9F
b 1 0110110|1001|111 0x1B4F
d 0 1000101|0010|101 0x2295
BX = 000 Event : 73
0 0 0001110|0000|011 0x0703
0 1 0010000|0000|001 0x0801
0 2 0010001|0100|110 0x08A6
1 0 0010101|0100|000 0x0AA0
1 1 0011000|0011|010 0x0C1A
1 2 0011001|0101|001 0x0CA9
2 0 0100010|0000|110 0x1106
2 1 0100011|0011|101 0x119D
8 0 0110100|0110|100 0x1A34
8 1 0110101|0100|100 0x1AA4
8 2 0110110|0110|100 0x1B34
8 3 0111101|0101|111 0x1EAF
8 4 0111110|0101|111 0x1F2F
9 0 1000001|0110|001 0x20B1
9 1 1000100|0000|100 0x2204
d 0 0101011|0010|000 0x1590
e 0 0101101|1001|000 0x16C8
e 1 0101111|1100|011 0x17E3
BX = 001 Event : 74
0 0 0000110|0001|110 0x030E
0 1 0000111|0001|110 0x038E
0 2 0001011|0000|111 0x0587
0 3 0001100|0010|111 0x0617
4 0 0000001|0001|101 0x008D
8 0 0011011|0000|010 0x0D82
8 1 0011100|0000|010 0x0E02
8 2 0011101|0101|100 0x0EAC
8 3 0011111|0110|100 0x0FB4
8 4 0100001|0010|100 0x1094
8 5 0100101|0001|111 0x128F
9 0 0101000|0110|010 0x1432
a 0 0101110|0011|100 0x171C
a 1 0101111|0010|011 0x1793
a 2 0110011|0110|011 0x19B3
c 0 0010101|0010|110 0x0A96
c 1 0010110|0000|010 0x0B02
d 0 0011000|1011|000 0x0C58
e 0 0011001|1011|011 0x0CDB
e 1 0011010|1010|101 0x0D55
BX = 010 Event : 75
0 0 0001101|0000|010 0x0682
0 1 0010000|0100|110 0x0826
0 2 0010001|0101|110 0x08AE
0 3 0010010|0010|110 0x0916
0 4 0010011|0101|100 0x09AC
0 5 0010100|0100|100 0x0A24
0 6 0010101|0100|110 0x0AA6
0 7 0010111|0101|110 0x0BAE
0 8 0011001|0100|110 0x0CA6
0 9 0011010|0010|101 0x0D15
0 a 0011011|0101|101 0x0DAD
0 b 0011100|0100|100 0x0E24
0 c 0011101|0100|111 0x0EA7
0 d 0011110|0001|111 0x0F0F
0 e 0011111|0101|111 0x0FAF
0 f 0100100|0110|111 0x1237
0 10 0100101|0010|111 0x1297
0 11 0100110|0000|111 0x1307
0 12 0100111|0101|111 0x13AF
2 0 0111001|0010|011 0x1C93
4 0 0000000|1000|000 0x0040
4 1 0000110|1000|101 0x0345
4 2 0001010|1001|111 0x054F
8 0 0111111|0000|001 0x1F81
8 1 1000000|0100|000 0x2020
8 2 1000010|0100|100 0x2124
8 3 1000111|0010|100 0x2394
8 4 1001000|0010|111 0x2417
9 0 1001001|0001|000 0x2488
9 1 1001100|0001|010 0x260A
9 2 1001101|0001|010 0x268A
9 3 1001110|0011|001 0x2719
a 0 1011101|0110|100 0x2EB4
a 1 1011110|0111|101 0x2F3D
a 2 1011111|0110|100 0x2FB4
BX = 011 Event : 76
0 0 0010000|0000|001 0x0801
0 1 0010101|0010|110 0x0A96
0 2 0010110|0101|110 0x0B2E
0 3 0010111|0000|110 0x0B86
0 4 0011001|0110|101 0x0CB5
1 0 0011111|0101|001 0x0FA9
1 1 0100010|0101|001 0x1129
1 2 0100110|0101|111 0x132F
3 0 0000000|0010|101 0x0015
3 1 0000001|1001|101 0x00CD
4 0 0000100|1001|101 0x024D
6 0 0001011|1010|001 0x05D1
6 1 0001100|1001|001 0x0649
6 2 0001110|0100|010 0x0722
8 0 0111110|0010|101 0x1F15
8 1 0111111|0000|101 0x1F85
8 2 1000000|0010|110 0x2016
8 3 1000011|0010|110 0x2196
9 0 1000111|0100|100 0x23A4
9 1 1001001|0010|110 0x2496
a 0 1001110|0110|000 0x2730
a 1 1001111|0001|000 0x2788
a 2 1010010|0000|011 0x2903
d 0 0110001|1001|011 0x18CB
BX = 100 Event : 77
0 0 0001110|0110|101 0x0735
0 1 0001111|0001|101 0x078D
0 2 0010000|0010|110 0x0816
0 3 0010001|0010|101 0x0895
0 4 0010100|0110|101 0x0A35
0 5 0010110|0010|110 0x0B16
1 0 0011001|0011|010 0x0C9A
1 1 0011010|0001|010 0x0D0A
1 2 0011011|0001|001 0x0D89
1 3 0011100|0100|110 0x0E26
1 4 0011110|0101|110 0x0F2E
4 0 0000111|0010|010 0x0392
5 0 0001000|1001|011 0x044B
5 1 0001010|1100|101 0x0565
5 2 0001011|1100|110 0x05E6
8 0 0101110|0000|001 0x1701
8 1 0101111|0101|110 0x17AE
8 2 0111001|0010|011 0x1C93
8 3 0111010|0010|011 0x1D13
8 4 0111101|0001|111 0x1E8F
9 0 0111100|0001|000 0x1E08
9 1 1000001|0110|001 0x20B1
9 2 1000110|0010|111 0x2317
a 0 1001000|0001|001 0x2409
b 0 0100101|1010|111 0x12D7
e 0 0101011|1000|110 0x15C6
BX = 101 Event : 78
0 0 0001100|0000|001 0x0601
0 1 0001110|0001|100 0x070C
0 2 0010001|0000|011 0x0883
0 3 0010010|0001|011 0x090B
0 4 0010011|0010|011 0x0993
0 5 0010101|0001|111 0x0A8F
0 6 0010111|0001|110 0x0B8E
0 7 0011000|0001|110 0x0C0E
2 0 0011110|0111|111 0x0F3F
4 0 0000000|0001|000 0x0008
4 1 0000110|0001|111 0x030F
5 0 0000100|1001|011 0x024B
5 1 0000101|0011|011 0x029B
8 0 0100100|0010|101 0x1215
8 1 0100101|0001|100 0x128C
9 0 0101001|0101|010 0x14AA
9 1 0101101|0010|110 0x1696
9 2 0101110|0101|101 0x172D
9 3 0101111|0101|101 0x17AD
9 4 0110000|0110|110 0x1836
c 0 0100001|0000|111 0x1087
BX = 110 Event : 79
0 0 0001110|0000|001 0x0701
1 0 0010101|0000|010 0x0A82
2 0 0011010|0110|110 0x0D36
3 0 0000001|1010|101 0x00D5
3 1 0000010|0011|101 0x011D
3 2 0000011|0001|101 0x018D
4 0 0000000|1010|000 0x0050
8 0 0100110|0101|101 0x132D
8 1 0100111|0010|100 0x1394
8 2 0101010|0101|101 0x152D
8 3 0101011|0010|100 0x1594
8 4 0101100|0101|100 0x162C
8 5 0110001|0001|111 0x188F
9 0 0101110|0110|001 0x1731
9 1 0101111|0101|000 0x17A8
9 2 0110000|0000|000 0x1800
9 3 0110010|0100|000 0x1920
9 4 0110111|0101|010 0x1BAA
a 0 1000000|0010|001 0x2011
a 1 1000001|0011|011 0x209B
BX = 111 Event : 80
0 0 0001110|0000|011 0x0703
0 1 0010101|0110|101 0x0AB5
0 2 0100010|0100|111 0x1127
1 0 0011100|0100|001 0x0E21
1 1 0011101|0100|000 0x0EA0
1 2 0011110|0000|000 0x0F00
1 3 0100100|0000|010 0x1202
1 4 0101011|0000|100 0x1584
2 0 0101101|0011|010 0x169A
2 1 0101110|0001|000 0x1708
2 2 0110001|0101|101 0x18AD
4 0 0000101|1000|010 0x02C2
4 1 0000111|1000|010 0x03C2
8 0 1000010|0000|010 0x2102
8 1 1000011|0000|001 0x2181
8 2 1000101|0010|101 0x2295
8 3 1000110|0001|100 0x230C
8 4 1001001|0001|100 0x248C
8 5 1001011|0010|100 0x2594
8 6 1010010|0001|111 0x290F
9 0 1010011|0101|011 0x29AB
9 1 1010100|0000|010 0x2A02
9 2 1010101|0001|010 0x2A8A
9 3 1011001|0101|011 0x2CAB
b 0 0111001|0011|111 0x1C9F
b 1 1011111|0101|010 0x2FAA
c 0 0111101|1001|110 0x1ECE
BX = 000 Event : 81
0 0 0000010|0000|010 0x0102
1 0 0001001|0001|010 0x048A
2 0 0001110|0011|011 0x071B
2 1 0010000|0000|011 0x0803
4 0 0000000|1010|000 0x0050
8 0 0011101|0000|011 0x0E83
8 1 0011110|0000|011 0x0F03
8 2 0100000|0100|100 0x1024
8 3 0100001|0100|011 0x10A3
8 4 0100100|0110|100 0x1234
9 0 0101011|0001|001 0x1589
BX = 001 Event : 82
0 0 0010001|0001|110 0x088E
1 0 0100010|0000|100 0x1104
2 0 0100011|0011|011 0x119B
5 0 0001011|1011|101 0x05DD
5 1 0001100|1100|110 0x0666
8 0 0110011|0000|100 0x1984
8 1 0110111|0010|100 0x1B94
8 2 0111000|0100|100 0x1C24
8 3 0111010|0010|100 0x1D14
8 4 0111011|0101|100 0x1DAC
8 5 1000000|0101|111 0x202F
c 0 0101100|1001|010 0x164A
c 1 0101101|0000|010 0x1682
c 2 0101110|0011|010 0x171A
d 0 0110001|0010|010 0x1892
BX = 010 Event : 83
0 0 0010000|0100|110 0x0826
0 1 0010001|0101|110 0x08AE
0 2 0010101|0000|100 0x0A84
0 3 0010111|0101|110 0x0BAE
0 4 0011000|0101|110 0x0C2E
0 5 0011100|0100|110 0x0E26
1 0 0011101|0010|001 0x0E91
1 1 0011110|0010|001 0x0F11
1 2 0100000|0000|111 0x1007
2 0 0100010|0100|010 0x1122
2 1 0100100|0110|100 0x1234
2 2 0100101|0110|100 0x12B4
3 0 0000000|0010|101 0x0015
5 0 0001000|1010|110 0x0456
6 0 0000110|0010|001 0x0311
6 1 0001010|1011|110 0x055E
8 0 0101110|0100|110 0x1726
8 1 0101111|0101|101 0x17AD
8 2 0110001|0101|110 0x18AE
8 3 0110011|0101|101 0x19AD
8 4 0111101|0010|111 0x1E97
9 0 1000010|0010|101 0x2115
e 0 0101011|1011|000 0x15D8
BX = 011 Event : 84
0 0 0010101|0110|101 0x0AB5
0 1 0010110|0000|100 0x0B04
0 2 0011101|0000|111 0x0E87
1 0 0010111|0101|001 0x0BA9
1 1 0011001|0110|000 0x0CB0
1 2 0100000|0000|101 0x1005
1 3 0100010|0110|101 0x1135
3 0 0000000|1010|101 0x0055
4 0 0001010|1010|111 0x0557
5 0 0000110|1001|000 0x0348
5 1 0000111|1011|011 0x03DB
5 2 0001000|1001|011 0x044B
8 0 0110110|0101|100 0x1B2C
8 1 0110111|0100|100 0x1BA4
8 2 0111101|0100|100 0x1EA4
8 3 1000001|0001|111 0x208F
8 4 1000110|0000|111 0x2307
9 0 1000111|0000|010 0x2382
9 1 1001000|0000|001 0x2401
9 2 1001001|0101|100 0x24AC
9 3 1001010|0010|110 0x2516
9 4 1001111|0010|111 0x2797
a 0 1010000|0100|010 0x2822
b 0 0100110|1000|100 0x1344
b 1 0100111|0000|100 0x1384
b 2 1010001|0000|010 0x2882
c 0 0101001|0010|110 0x1496
c 1 0101100|0010|111 0x1617
d 0 0101110|0001|000 0x1708
e 0 0110000|0011|011 0x181B
e 1 0110001|0001|011 0x188B
BX = 100 Event : 85
0 0 0010011|0100|011 0x09A3
0 1 0011110|0100|101 0x0F25
0 2 0011111|0010|100 0x0F94
0 3 0100010|0000|110 0x1106
1 0 0101001|0010|001 0x1491
1 1 0101111|0101|100 0x17AC
1 2 0110000|0101|100 0x182C
2 0 0111001|0110|101 0x1CB5
2 1 0111010|0110|110 0x1D36
2 2 0111100|0000|100 0x1E04
3 0 0000000|0010|101 0x0015
4 0 0000101|1001|101 0x02CD
4 1 0000110|1000|010 0x0342
6 0 0001101|0010|001 0x0691
8 0 1011011|0100|101 0x2DA5
8 1 1100001|0000|110 0x3086
9 0 1100011|0001|011 0x318B
9 1 1100100|0011|011 0x321B
9 2 1100101|0110|011 0x32B3
9 3 1100110|0110|010 0x3332
9 4 1101100|0110|011 0x3633
b 0 1000001|0010|111 0x2097
c 0 1000111|0000|010 0x2382
c 1 1001000|0011|010 0x241A
c 2 1001001|1001|010 0x24CA
BX = 101 Event : 86
1 0 0010010|0001|000 0x0908
1 1 0010011|0000|000 0x0980
1 2 0011001|0101|011 0x0CAB
1 3 0100001|0110|011 0x10B3
4 0 0000000|1010|000 0x0050
4 1 0000001|1010|000 0x00D0
4 2 0000010|1001|010 0x014A
4 3 0000011|1000|111 0x01C7
5 0 0000100|0010|110 0x0216
8 0 0110001|0010|101 0x1895
8 1 0110010|0110|100 0x1934
8 2 0110011|0010|101 0x1995
8 3 0111001|0000|100 0x1C84
9 0 1000010|0101|011 0x212B
9 1 1000111|0001|100 0x238C
9 2 1001000|0110|011 0x2433
a 0 1001100|0011|001 0x2619
a 1 1001101|0101|000 0x26A8
a 2 1010001|0110|111 0x28B7
BX = 110 Event : 87
0 0 0001111|0101|100 0x07AC
0 1 0010000|0010|100 0x0814
0 2 0010001|0010|100 0x0894
0 3 0010100|0010|101 0x0A15
0 4 0010101|0001|101 0x0A8D
0 5 0010110|0110|101 0x0B35
0 6 0010111|0010|100 0x0B94
0 7 0011000|0110|101 0x0C35
0 8 0011111|0101|111 0x0FAF
1 0 0100001|0000|010 0x1082
1 1 0100010|0010|001 0x1111
1 2 0101000|0100|011 0x1423
2 0 0101110|0100|100 0x1724
3 0 0000001|0011|101 0x009D
3 1 0110010|0010|010 0x1912
3 2 0110011|0010|000 0x1990
4 0 0000000|1001|000 0x0048
8 0 1000111|0000|001 0x2381
8 1 1001000|0110|110 0x2436
8 2 1001001|0101|110 0x24AE
8 3 1001101|0100|100 0x26A4
9 0 1001111|0010|000 0x2790
9 1 1010100|0000|101 0x2A05
b 0 0110110|0001|100 0x1B0C
b 1 0110111|0011|100 0x1B9C
b 2 1011110|0010|011 0x2F13
c 0 0111011|1000|010 0x1DC2
c 1 0111100|1010|010 0x1E52
d 0 0111111|0000|000 0x1F80
e 0 1000100|1011|010 0x225A
BX = 111 Event : 88
0 0 0001000|0100|110 0x0426
0 1 0001001|0101|110 0x04AE
0 2 0001010|0100|101 0x0525
0 3 0001011|0101|101 0x05AD
0 4 0001100|0101|100 0x062C
0 5 0001101|0101|100 0x06AC
0 6 0001110|0100|110 0x0726
0 7 0010000|0010|101 0x0815
0 8 0010001|0101|101 0x08AD
0 9 0010010|0110|101 0x0935
0 a 0010011|0101|011 0x09AB
0 b 0010100|0101|110 0x0A2E
0 c 0010101|0101|110 0x0AAE
0 d 0011101|0100|110 0x0EA6
0 e 0011110|0101|110 0x0F2E
1 0 0010110|0000|001 0x0B01
1 1 0010111|0101|000 0x0BA8
2 0 0100111|0110|101 0x13B5
2 1 0101000|0001|101 0x140D
2 2 0101001|0000|101 0x1485
2 3 0101011|0001|111 0x158F
6 0 0000101|0101|110 0x02AE
6 1 0000110|0101|010 0x032A
6 2 0000111|0010|010 0x0392
8 0 0111000|0000|010 0x1C02
8 1 0111111|0000|100 0x1F84
9 0 1001010|0101|110 0x252E
9 1 1001111|0110|111 0x27B7
9 2 1010011|0101|110 0x29AE
a 0 1010101|0011|100 0x2A9C
b 0 0101100|0001|100 0x160C
b 1 0101101|1001|100 0x16CC
b 2 0101111|0001|101 0x178D
e 0 0110110|1011|110 0x1B5E
BX = 000 Event : 89
0 0 0000111|0000|010 0x0382
0 1 0001000|0100|110 0x0426
0 2 0001001|0010|110 0x0496
1 0 0010100|0000|010 0x0A02
2 0 0011000|0101|000 0x0C28
2 1 0011001|0101|011 0x0CAB
2 2 0011010|0101|000 0x0D28
2 3 0011100|0010|110 0x0E16
4 0 0000000|0011|000 0x0018
8 0 0110000|0100|100 0x1824
8 1 0110100|0101|100 0x1A2C
8 2 0111000|0001|111 0x1C0F
8 3 0111011|0010|111 0x1D97
a 0 1000001|0010|001 0x2091
b 0 0011110|0011|111 0x0F1F
c 0 0100001|1000|010 0x10C2
c 1 0100010|0010|010 0x1112
c 2 0100100|0010|010 0x1212
c 3 0100101|1010|010 0x12D2
BX = 001 Event : 90
0 0 0000111|0000|010 0x0382
0 1 0001000|0000|001 0x0401
0 2 0001010|0110|100 0x0534
0 3 0001011|0100|100 0x05A4
0 4 0001100|0000|110 0x0606
1 0 0010011|0100|001 0x09A1
1 1 0010100|0001|001 0x0A09
1 2 0011000|0101|010 0x0C2A
1 3 0011001|0110|010 0x0CB2
1 4 0011010|0101|001 0x0D29
1 5 0011011|0001|001 0x0D89
1 6 0011111|0001|101 0x0F8D
1 7 0100011|0001|110 0x118E
2 0 0100001|0110|000 0x10B0
4 0 0000000|0001|101 0x000D
4 1 0000001|1000|010 0x00C2
5 0 0000100|0000|110 0x0206
5 1 0000101|0010|110 0x0296
6 0 0000110|1100|010 0x0362
8 0 0101110|0010|100 0x1714
8 1 0110010|0100|111 0x1927
9 0 0110000|0101|000 0x1828
9 1 0110100|0011|010 0x1A1A
9 2 0110110|0110|110 0x1B36
9 3 0110111|0110|110 0x1BB6
d 0 0101001|1001|101 0x14CD
BX = 010 Event : 91
0 0 0000110|0000|011 0x0303
0 1 0001011|0001|100 0x058C
0 2 0001100|0010|101 0x0615
0 3 0001110|0001|100 0x070C
0 4 0010000|0100|011 0x0823
0 5 0010001|0100|011 0x08A3
0 6 0010111|0110|111 0x0BB7
1 0 0010010|0000|000 0x0900
1 1 0011001|0011|010 0x0C9A
1 2 0011101|0010|100 0x0E94
2 0 0100001|0011|010 0x109A
2 1 0100010|0011|101 0x111D
2 2 0100100|0000|110 0x1206
4 0 0000001|0000|101 0x0085
8 0 0110000|0110|110 0x1836
8 1 0111010|0110|110 0x1D36
9 0 0111100|0001|011 0x1E0B
9 1 0111101|0110|010 0x1EB2
9 2 0111110|0100|010 0x1F22
9 3 1000000|0000|001 0x2001
9 4 1000001|0001|001 0x2089
9 5 1000010|0010|001 0x2111
9 6 1000101|0001|100 0x228C
9 7 1000111|0000|011 0x2383
a 0 1001001|0110|001 0x24B1
BX = 011 Event : 92
0 0 0000111|0000|010 0x0382
0 1 0001000|0100|110 0x0426
0 2 0001001|0101|110 0x04AE
0 3 0001010|0100|101 0x0525
0 4 0001011|0110|101 0x05B5
0 5 0001100|0101|100 0x062C
0 6 0001101|0101|100 0x06AC
0 7 0001110|0100|110 0x0726
0 8 0010001|0010|101 0x0895
0 9 0010010|0101|101 0x092D
0 a 0010011|0110|101 0x09B5
0 b 0010100|0101|011 0x0A2B
0 c 0010101|0101|110 0x0AAE
0 d 0010110|0101|110 0x0B2E
0 e 0011110|0100|110 0x0F26
0 f 0011111|0101|110 0x0FAE
1 0 0010111|0000|001 0x0B81
1 1 0011000|0101|000 0x0C28
1 2 0100000|0011|010 0x101A
2 0 0101100|0111|101 0x163D
2 1 0101101|0001|101 0x168D
2 2 0101110|0000|101 0x1705
2 3 0101111|0101|101 0x17AD
2 4 0110001|0001|111 0x188F
6 0 0000100|0101|110 0x022E
6 1 0000101|0101|010 0x02AA
6 2 0000110|0010|010 0x0312
8 0 1000001|0000|010 0x2082
8 1 1001010|0000|100 0x2504
9 0 1010100|0101|110 0x2A2E
9 1 1011001|0110|111 0x2CB7
9 2 1011101|0100|110 0x2EA6
a 0 1011111|0011|100 0x2F9C
a 1 1100000|0111|100 0x303C
b 0 0110010|0010|100 0x1914
b 1 0110011|1000|100 0x19C4
b 2 0110101|0001|101 0x1A8D
c 0 0111000|0010|110 0x1C16
e 0 0111110|1011|110 0x1F5E
BX = 100 Event : 93
0 0 0010000|0000|100 0x0804
0 1 0010001|0110|100 0x08B4
0 2 0010011|0001|110 0x098E
0 3 0010100|0101|101 0x0A2D
0 4 0010110|0100|100 0x0B24
0 5 0011100|0110|111 0x0E37
0 6 0100000|0000|111 0x1007
1 0 0011101|0100|000 0x0EA0
1 1 0100010|0110|001 0x1131
1 2 0101000|0011|110 0x141E
3 0 0000001|0010|101 0x0095
4 0 0000100|0010|010 0x0212
5 0 0000111|1000|011 0x03C3
8 0 0111100|0000|010 0x1E02
8 1 0111101|0100|001 0x1EA1
8 2 0111111|0100|000 0x1FA0
8 3 1000101|0110|011 0x22B3
9 0 1000110|0110|000 0x2330
9 1 1001101|0000|010 0x2682
9 2 1001110|0101|010 0x272A
9 3 1010001|0001|010 0x288A
9 4 1010100|0000|110 0x2A06
a 0 1011001|0001|011 0x2C8B
a 1 1011010|0001|010 0x2D0A
b 0 0101100|0011|111 0x161F
b 1 0101101|1010|111 0x16D7
d 0 0110001|0001|011 0x188B
d 1 0110010|0100|000 0x1920
d 2 0110101|0100|101 0x1AA5
e 0 0110100|0001|000 0x1A08
BX = 101 Event : 94
0 0 0001000|0000|010 0x0402
0 1 0001001|0000|001 0x0481
0 2 0001011|0110|100 0x05B4
1 0 0010000|0100|001 0x0821
1 1 0010001|0001|001 0x0889
1 2 0010111|0110|010 0x0BB2
1 3 0011000|0001|001 0x0C09
1 4 0011010|0001|101 0x0D0D
1 5 0011110|0001|110 0x0F0E
2 0 0011100|0110|000 0x0E30
4 0 0000001|0001|101 0x008D
4 1 0000010|1000|010 0x0142
5 0 0000110|0000|110 0x0306
5 1 0000111|0010|110 0x0396
8 0 0101010|0010|100 0x1514
8 1 0110000|0100|111 0x1827
9 0 0101100|0101|000 0x1628
9 1 0110001|0011|010 0x189A
b 0 0110100|0111|000 0x1A38
BX = 110 Event : 95
0 0 0010000|0000|001 0x0801
0 1 0010001|0100|001 0x08A1
0 2 0010111|0010|110 0x0B96
0 3 0011000|0110|110 0x0C36
0 4 0011001|0110|101 0x0CB5
0 5 0100100|0101|111 0x122F
1 0 0011101|0101|001 0x0EA9
1 1 0100011|0001|000 0x1188
1 2 0100101|0100|011 0x12A3
1 3 0100110|0010|011 0x1313
1 4 0101000|0101|001 0x1429
1 5 0101100|0010|011 0x1613
1 6 0101101|0101|111 0x16AF
3 0 0000000|0010|101 0x0015
3 1 0000001|1001|101 0x00CD
6 0 0001011|1010|001 0x05D1
6 1 0001100|1001|001 0x0649
6 2 0001101|0100|010 0x06A2
9 0 1001100|0000|100 0x2604
9 1 1001110|0001|110 0x270E
a 0 1010110|0000|011 0x2B03
a 1 1010111|0110|111 0x2BB7
c 0 0110111|0000|010 0x1B82
c 1 0111000|0000|010 0x1C02
d 0 0111010|1011|010 0x1D5A
d 1 0111011|1001|011 0x1DCB
BX = 111 Event : 96
0 0 0010000|0010|100 0x0814
1 0 0011010|0010|111 0x0D17
2 0 0011011|0010|011 0x0D93
3 0 0000000|1000|101 0x0045
3 1 0000010|1000|100 0x0144
5 0 0001000|1010|011 0x0453
5 1 0001001|1001|011 0x04CB
5 2 0001010|1010|101 0x0555
8 0 0100110|0010|101 0x1315
8 1 0100111|0010|100 0x1394
9 0 0101100|0101|010 0x162A
9 1 0101101|0101|100 0x16AC
9 2 0101110|0101|100 0x172C
9 3 0110010|0000|110 0x1906
a 0 0110011|0011|010 0x199A
c 0 0011111|1001|110 0x0FCE
d 0 0100001|0011|010 0x109A
BX = 000 Event : 97
0 0 0001001|0000|001 0x0481
0 1 0001010|0000|100 0x0504
0 2 0001011|0000|100 0x0584
0 3 0010000|0110|100 0x0834
0 4 0010010|0000|011 0x0903
0 5 0010011|0001|011 0x098B
0 6 0010100|0010|011 0x0A13
0 7 0010110|0001|111 0x0B0F
0 8 0010111|0001|110 0x0B8E
0 9 0011001|0001|110 0x0C8E
1 0 0011010|0001|011 0x0D0B
2 0 0011110|0100|001 0x0F21
2 1 0011111|0000|001 0x0F81
2 2 0100011|0111|111 0x11BF
4 0 0000100|0001|111 0x020F
5 0 0000010|1001|011 0x014B
5 1 0000011|0011|011 0x019B
8 0 0101010|0001|100 0x150C
8 1 0101111|0001|111 0x178F
9 0 0110011|0101|010 0x19AA
9 1 0110111|0101|101 0x1BAD
9 2 0111000|0110|110 0x1C36
c 0 0100101|0000|111 0x1287
BX = 001 Event : 98
0 0 0001010|0000|101 0x0505
0 1 0001100|0001|101 0x060D
1 0 0010101|0000|110 0x0A86
2 0 0011011|0110|011 0x0DB3
5 0 0000101|0100|011 0x02A3
9 0 0111000|0101|001 0x1C29
9 1 0111001|0100|001 0x1CA1
9 2 0111010|0011|001 0x1D19
9 3 0111011|0100|001 0x1DA1
9 4 0111110|0010|101 0x1F15
a 0 1000001|0010|000 0x2090
a 1 1000101|0101|101 0x22AD
a 2 1000110|0010|110 0x2316
b 0 0011110|1000|100 0x0F44
c 0 0100100|0010|110 0x1216
c 1 0100101|0001|010 0x128A
c 2 0101000|1010|010 0x1452
c 3 0101011|0010|111 0x1597
d 0 0101100|0001|000 0x1608
BX = 010 Event : 99
0 0 0001011|0000|010 0x0582
0 1 0010111|0100|111 0x0BA7
1 0 0010011|0000|000 0x0980
1 1 0011010|0000|010 0x0D02
1 2 0100000|0000|100 0x1004
1 3 0100001|0001|110 0x108E
2 0 0100011|0011|010 0x119A
2 1 0100110|0101|101 0x132D
2 2 0100111|0011|100 0x139C
3 0 0101010|0010|010 0x1512
4 0 0000100|1000|010 0x0242
4 1 0000111|1000|010 0x03C2
8 0 0110111|0000|010 0x1B82
8 1 0111000|0000|001 0x1C01
8 2 0111100|0101|011 0x1E2B
9 0 1000000|0101|011 0x202B
9 1 1000001|0110|001 0x20B1
9 2 1000010|0101|001 0x2129
a 0 1001110|0111|111 0x273F
b 0 0101101|0011|111 0x169F
b 1 1010001|0101|010 0x28AA
c 0 0101111|1001|110 0x17CE
d 0 0110010|1001|101 0x194D
d 1 0110011|0100|101 0x19A5
BX = 011 Event : 100
0 0 0000011|0110|100 0x01B4
1 0 0001100|0110|110 0x0636
8 0 0011001|0000|001 0x0C81
8 1 0011100|0101|101 0x0E2D
8 2 0011101|0100|100 0x0EA4
8 3 0011110|0101|011 0x0F2B
9 0 0100000|0001|000 0x1008
9 1 0100100|0001|011 0x120B
9 2 0100111|0010|100 0x1394
9 3 0101000|0100|011 0x1423
9 4 0101010|0000|011 0x1503
a 0 0101111|0101|101 0x17AD
a 1 0110010|0101|101 0x192D
d 0 0010101|1010|101 0x0AD5
