BX = 000 Event : 1
0 0 0001001|0000|001 0x0481
0 1 0001111|0010|100 0x0794
2 0 0011110|0000|110 0x0F06
4 0 0000001|1011|101 0x00DD
8 0 0100110|0000|001 0x1301
8 1 0100111|0001|001 0x1389
8 2 0101001|0001|101 0x148D
8 3 0101111|0000|101 0x1785
8 4 0110000|0101|100 0x182C
a 0 0110111|0111|001 0x1BB9
d 0 0100011|1010|011 0x11D3
BX = 001 Event : 2
0 0 0001110|0001|100 0x070C
0 1 0001111|0000|110 0x0786
0 2 0010010|0001|101 0x090D
1 0 0010110|0100|001 0x0B21
1 1 0010111|0100|000 0x0BA0
1 2 0011000|0010|000 0x0C10
1 3 0100000|0110|100 0x1034
2 0 0100101|0010|101 0x1295
4 0 0000000|1010|000 0x0050
4 1 0000001|1010|000 0x00D0
8 0 0111000|0100|110 0x1C26
8 1 0111001|0000|101 0x1C85
8 2 0111110|0101|110 0x1F2E
a 0 1001010|0101|011 0x252B
BX = 010 Event : 3
0 0 0001100|0101|110 0x062E
0 1 0001110|0001|101 0x070D
0 2 0001111|0001|100 0x078C
1 0 0011100|0101|100 0x0E2C
1 1 0011101|0010|110 0x0E96
2 0 0100000|0110|010 0x1032
2 1 0100001|0110|001 0x10B1
4 0 0000000|0011|000 0x0018
8 0 0110101|0010|111 0x1A97
9 0 0110100|0001|001 0x1A09
BX = 011 Event : 4
0 0 0001010|0001|100 0x050C
0 1 0001101|0000|101 0x0685
1 0 0010100|0110|011 0x0A33
1 1 0010101|0000|001 0x0A81
1 2 0010110|0001|001 0x0B09
1 3 0010111|0001|001 0x0B89
1 4 0011100|0001|111 0x0E0F
1 5 0011101|0010|111 0x0E97
8 0 0101011|0100|110 0x15A6
8 1 0101100|0001|110 0x160E
8 2 0101110|0010|101 0x1715
8 3 0110001|0101|110 0x18AE
8 4 0110100|0000|111 0x1A07
8 5 0110110|0101|111 0x1B2F
8 6 0110111|0101|110 0x1BAE
9 0 0110010|0001|001 0x1909
9 1 0111001|0110|010 0x1CB2
9 2 0111011|0100|101 0x1DA5
9 3 0111100|0000|100 0x1E04
9 4 0111101|0101|110 0x1EAE
d 0 0100101|0001|110 0x128E
BX = 100 Event : 5
0 0 0000100|0000|011 0x0203
0 1 0001100|0101|110 0x062E
0 2 0001101|0100|111 0x06A7
1 0 0010000|0100|000 0x0820
1 1 0010101|0010|011 0x0A93
4 0 0000010|1011|111 0x015F
5 0 0000001|1011|000 0x00D8
9 0 0101111|0010|011 0x1793
9 1 0110000|0001|010 0x180A
9 2 0110100|0100|110 0x1A26
9 3 0110111|0001|111 0x1B8F
9 4 0111000|0101|110 0x1C2E
a 0 0111100|0010|111 0x1E17
BX = 101 Event : 6
1 0 0010101|0010|000 0x0A90
2 0 0011111|0101|000 0x0FA8
2 1 0100001|0101|101 0x10AD
3 0 0000001|0011|101 0x009D
5 0 0000100|0000|110 0x0206
6 0 0000101|0100|110 0x02A6
8 0 0110110|0100|100 0x1B24
8 1 0111010|0100|010 0x1D22
a 0 1100001|0100|101 0x30A5
a 1 1100010|0111|111 0x313F
b 0 0100011|1001|111 0x11CF
c 0 0101011|0010|010 0x1592
c 1 0101100|0100|010 0x1622
BX = 110 Event : 7
1 0 0010111|0000|001 0x0B81
1 1 0100011|0010|110 0x1196
4 0 0000100|0011|111 0x021F
4 1 0000101|0000|111 0x0287
6 0 0001010|1100|010 0x0562
8 0 0110111|0100|010 0x1BA2
8 1 0111001|0101|101 0x1CAD
8 2 0111011|0000|101 0x1D85
8 3 0111100|0101|101 0x1E2D
9 0 1000101|0001|011 0x228B
a 0 1010010|0111|001 0x2939
a 1 1010011|0011|000 0x2998
a 2 1010100|0001|011 0x2A0B
b 0 0101010|1011|100 0x155C
BX = 111 Event : 8
2 0 0011110|0011|101 0x0F1D
2 1 0100000|0010|101 0x1015
4 0 0000100|0000|111 0x0207
8 0 0110010|0100|001 0x1921
8 1 0110011|0101|100 0x19AC
8 2 0110101|0100|100 0x1AA4
8 3 0110110|0000|110 0x1B06
8 4 0110111|0100|111 0x1BA7
c 0 0101010|1010|010 0x1552
d 0 0101101|1100|000 0x16E0
BX = 000 Event : 9
0 0 0001100|0000|110 0x0606
0 1 0001101|0000|110 0x0686
1 0 0010001|0101|010 0x08AA
2 0 0011000|0000|110 0x0C06
2 1 0011001|0000|110 0x0C86
2 2 0011010|0001|100 0x0D0C
9 0 0101100|0101|010 0x162A
9 1 0101101|0010|001 0x1691
d 0 0100001|0011|110 0x109E
BX = 001 Event : 10
0 0 0001000|0010|110 0x0416
0 1 0001001|0100|110 0x04A6
1 0 0001111|0100|110 0x07A6
4 0 0000000|0000|101 0x0005
8 0 0011111|0100|010 0x0FA2
8 1 0100011|0001|101 0x118D
8 2 0100110|0001|101 0x130D
8 3 0101000|0001|100 0x140C
8 4 0101011|0100|111 0x15A7
b 0 0110001|0110|011 0x18B3
e 0 0011001|0000|000 0x0C80
e 1 0011010|0100|000 0x0D20
BX = 010 Event : 11
0 0 0001000|0001|100 0x040C
0 1 0001101|0001|101 0x068D
0 2 0010000|0000|101 0x0805
2 0 0011110|0101|110 0x0F2E
4 0 0000100|1100|111 0x0267
5 0 0000010|1100|000 0x0160
5 1 0000011|1010|011 0x01D3
8 0 0100010|0100|000 0x1120
8 1 0100011|0000|000 0x1180
a 0 0110101|0101|100 0x1AAC
BX = 011 Event : 12
0 0 0010110|0100|101 0x0B25
0 1 0010111|0000|100 0x0B84
0 2 0011000|0001|100 0x0C0C
0 3 0011001|0101|100 0x0CAC
0 4 0011010|0100|100 0x0D24
0 5 0011011|0010|100 0x0D94
0 6 0011100|0010|110 0x0E16
0 7 0011111|0010|110 0x0F96
0 8 0100011|0010|100 0x1194
0 9 0100110|0010|111 0x1317
0 a 0101000|0001|110 0x140E
1 0 0101011|0100|001 0x15A1
1 1 0101100|0001|001 0x1609
2 0 0110111|0100|100 0x1BA4
4 0 0000000|0011|000 0x0018
5 0 0000110|1011|011 0x035B
8 0 1001010|0000|001 0x2501
8 1 1001011|0100|000 0x25A0
8 2 1001100|0010|110 0x2616
8 3 1001101|0010|101 0x2695
9 0 1010011|0010|001 0x2991
a 0 1011110|0001|011 0x2F0B
c 0 0111111|0001|010 0x1F8A
BX = 100 Event : 13
0 0 0001000|0001|011 0x040B
0 1 0001001|0100|011 0x04A3
0 2 0001011|0000|001 0x0581
0 3 0001101|0100|001 0x06A1
8 0 0100111|0001|011 0x138B
8 1 0101100|0000|100 0x1604
8 2 0110001|0101|100 0x18AC
d 0 0100011|1100|101 0x11E5
e 0 0100010|1010|000 0x1150
BX = 101 Event : 14
0 0 0001010|0100|011 0x0523
0 1 0001011|0001|011 0x058B
0 2 0010001|0101|110 0x08AE
1 0 0011100|0000|000 0x0E00
1 1 0100010|0011|101 0x111D
2 0 0100011|0010|010 0x1192
2 1 0100101|0011|110 0x129E
2 2 0100110|0000|110 0x1306
2 3 0101000|0011|110 0x141E
3 0 0000000|1011|101 0x005D
6 0 0000111|1000|110 0x03C6
8 0 0101110|0000|011 0x1703
8 1 0110000|0100|001 0x1821
8 2 0111000|0000|111 0x1C07
8 3 0111010|0100|110 0x1D26
9 0 0111011|0101|001 0x1DA9
9 1 1000000|0110|100 0x2034
c 0 0101011|0001|010 0x158A
e 0 0101101|1100|000 0x16E0
BX = 110 Event : 15
0 0 0001000|0001|011 0x040B
2 0 0010001|0100|000 0x08A0
3 0 0000000|0011|101 0x001D
4 0 0000010|0001|010 0x010A
8 0 0011111|0100|010 0x0FA2
8 1 0100000|0100|010 0x1022
8 2 0100001|0100|000 0x10A0
8 3 0100101|0101|011 0x12AB
8 4 0101100|0010|011 0x1613
8 5 0110010|0010|111 0x1917
9 0 0110011|0010|010 0x1992
9 1 0110100|0010|010 0x1A12
9 2 0110110|0110|001 0x1B31
c 0 0011011|0010|010 0x0D92
BX = 111 Event : 16
1 0 0011000|0100|100 0x0C24
2 0 0011100|0010|001 0x0E11
2 1 0011101|0100|000 0x0EA0
2 2 0011110|0000|000 0x0F00
8 0 0110110|0010|100 0x1B14
8 1 0111000|0010|100 0x1C14
8 2 0111011|0101|100 0x1DAC
9 0 0111111|0010|100 0x1F94
a 0 1000001|0101|000 0x20A8
d 0 0101011|1010|010 0x15D2
BX = 000 Event : 17
0 0 0000111|0010|100 0x0394
0 1 0001000|0101|011 0x042B
0 2 0001100|0001|101 0x060D
1 0 0010110|0001|100 0x0B0C
2 0 0011000|0101|000 0x0C28
2 1 0011001|0110|011 0x0CB3
3 0 0000001|0011|101 0x009D
4 0 0000000|0010|000 0x0010
d 0 0100000|0100|010 0x1022
d 1 0100001|1000|011 0x10C3
d 2 0100011|1100|000 0x11E0
e 0 0100110|1001|011 0x134B
BX = 001 Event : 18
0 0 0001101|0101|110 0x06AE
1 0 0010001|0101|000 0x08A8
1 1 0010100|0010|001 0x0A11
1 2 0010101|0100|001 0x0AA1
2 0 0011010|0101|100 0x0D2C
2 1 0011011|0001|100 0x0D8C
4 0 0000100|1000|101 0x0245
5 0 0000101|1000|011 0x02C3
8 0 0101010|0001|101 0x150D
b 0 0011111|1011|100 0x0FDC
d 0 0100101|1010|010 0x12D2
e 0 0100110|0000|001 0x1301
e 1 0100111|1001|000 0x13C8
BX = 010 Event : 19
0 0 0001010|0010|110 0x0516
0 1 0001011|0100|100 0x05A4
0 2 0001100|0000|100 0x0604
0 3 0001101|0000|110 0x0686
0 4 0001110|0000|101 0x0705
0 5 0010011|0100|100 0x09A4
0 6 0010100|0010|100 0x0A14
0 7 0010101|0010|100 0x0A94
1 0 0010111|0101|000 0x0BA8
2 0 0011110|0100|000 0x0F20
8 0 0110011|0101|110 0x19AE
9 0 0111011|0001|110 0x1D8E
9 1 0111100|0010|101 0x1E15
9 2 0111101|0001|110 0x1E8E
9 3 0111111|0110|101 0x1FB5
9 4 1000001|0001|110 0x208E
a 0 1000010|0010|010 0x2112
b 0 0100110|1010|111 0x1357
BX = 011 Event : 20
0 0 0001000|0001|010 0x040A
0 1 0001011|0001|100 0x058C
0 2 0001100|0110|101 0x0635
0 3 0001101|0101|100 0x06AC
1 0 0010001|0101|011 0x08AB
1 1 0010011|0010|101 0x0995
1 2 0010101|0000|110 0x0A86
4 0 0000010|0001|101 0x010D
8 0 0011101|0000|011 0x0E83
8 1 0100000|0100|001 0x1021
8 2 0101011|0000|011 0x1583
9 0 0101110|0010|001 0x1711
a 0 0111001|0101|110 0x1CAE
a 1 0111010|0110|110 0x1D36
d 0 0011011|0000|000 0x0D80
e 0 0011100|1100|110 0x0E66
BX = 100 Event : 21
0 0 0010010|0110|110 0x0936
1 0 0011001|0010|101 0x0C95
4 0 0000000|1001|101 0x004D
4 1 0000010|1010|111 0x0157
8 0 0011111|0100|011 0x0FA3
8 1 0100011|0100|100 0x11A4
d 0 0011100|0011|000 0x0E18
BX = 101 Event : 22
0 0 0000101|0100|010 0x02A2
0 1 0000111|0010|110 0x0396
6 0 0000100|1010|001 0x0251
c 0 0010010|1011|110 0x095E
c 1 0010111|1010|111 0x0BD7
BX = 110 Event : 23
0 0 0010100|0100|111 0x0A27
3 0 0011100|0001|001 0x0E09
6 0 0000100|0001|001 0x0209
9 0 0101111|0000|001 0x1781
9 1 0110000|0001|001 0x1809
9 2 0110011|0010|110 0x1996
9 3 0110100|0010|110 0x1A16
e 0 0100101|1100|110 0x12E6
BX = 111 Event : 24
0 0 0011001|0100|111 0x0CA7
1 0 0011101|0011|010 0x0E9A
1 1 0011110|0100|010 0x0F22
1 2 0100000|0010|010 0x1012
1 3 0100001|0001|001 0x1089
1 4 0100101|0100|100 0x12A4
2 0 0101001|0111|101 0x14BD
2 1 0101010|0100|100 0x1524
2 2 0101011|0010|101 0x1595
2 3 0101101|0100|111 0x16A7
2 4 0101110|0100|111 0x1727
8 0 0111111|0001|111 0x1F8F
9 0 1000000|0010|001 0x2011
9 1 1000101|0101|110 0x22AE
BX = 000 Event : 25
0 0 0001001|0100|010 0x04A2
0 1 0010010|0001|100 0x090C
1 0 0011000|0010|001 0x0C11
1 1 0011010|0010|001 0x0D11
1 2 0011101|0010|111 0x0E97
3 0 0100100|0100|000 0x1220
8 0 0101101|0100|010 0x16A2
BX = 001 Event : 26
1 0 0010110|0100|110 0x0B26
1 1 0010111|0101|110 0x0BAE
1 2 0011010|0000|111 0x0D07
2 0 0011100|0011|010 0x0E1A
2 1 0011101|0000|001 0x0E81
3 0 0100100|0010|000 0x1210
4 0 0000000|0010|000 0x0010
4 1 0000010|0011|010 0x011A
8 0 0111100|0000|101 0x1E05
8 1 1000010|0000|100 0x2104
8 2 1000011|0101|100 0x21AC
a 0 1001100|0011|001 0x2619
a 1 1001111|0011|100 0x279C
BX = 010 Event : 27
2 0 0010111|0101|110 0x0BAE
8 0 0101000|0010|110 0x1416
8 1 0101001|0010|110 0x1496
8 2 0101011|0000|110 0x1586
9 0 0110001|0000|000 0x1880
9 1 0110110|0100|111 0x1B27
a 0 0111001|0001|100 0x1C8C
b 0 0011010|0010|111 0x0D17
c 0 0011101|1000|110 0x0EC6
c 1 0011110|0011|010 0x0F1A
e 0 0100100|1001|110 0x124E
BX = 011 Event : 28
0 0 0000100|0101|100 0x022C
0 1 0000110|0100|101 0x0325
0 2 0001010|0110|100 0x0534
0 3 0001100|0001|111 0x060F
0 4 0001111|0001|111 0x078F
1 0 0001101|0110|001 0x06B1
1 1 0010010|0100|010 0x0922
1 2 0010011|0101|010 0x09AA
1 3 0010100|0101|001 0x0A29
2 0 0010101|0110|000 0x0AB0
2 1 0011000|0100|100 0x0C24
4 0 0000001|1000|010 0x00C2
4 1 0000010|0001|010 0x010A
8 0 0101011|0001|100 0x158C
8 1 0101111|0001|100 0x178C
8 2 0110000|0001|100 0x180C
b 0 0011011|0011|111 0x0D9F
BX = 100 Event : 29
0 0 0001010|0001|001 0x0509
0 1 0001110|0010|011 0x0713
0 2 0001111|0110|110 0x07B6
0 3 0010010|0010|011 0x0913
0 4 0010011|0100|110 0x09A6
0 5 0010101|0000|110 0x0A86
5 0 0000110|1011|101 0x035D
d 0 0100010|0011|010 0x111A
e 0 0101000|0010|011 0x1413
BX = 101 Event : 30
0 0 0001100|0000|011 0x0603
0 1 0001101|0000|001 0x0681
0 2 0010000|0000|011 0x0803
0 3 0010101|0010|101 0x0A95
1 0 0010111|0100|000 0x0BA0
1 1 0011001|0101|000 0x0CA8
1 2 0011110|0010|001 0x0F11
2 0 0101000|0011|100 0x141C
9 0 1000011|0110|001 0x21B1
a 0 1000111|0010|100 0x2394
a 1 1001000|0001|011 0x240B
d 0 0110000|1010|011 0x1853
d 1 0110001|1010|101 0x18D5
e 0 0110010|0011|011 0x191B
BX = 110 Event : 31
0 0 0001001|0001|001 0x0489
0 1 0001101|0100|100 0x06A4
0 2 0001110|0000|011 0x0703
0 3 0010000|0101|101 0x082D
0 4 0010001|0001|011 0x088B
0 5 0010010|0101|011 0x092B
2 0 0011101|0000|010 0x0E82
8 0 0101110|0100|011 0x1723
8 1 0110010|0010|100 0x1914
8 2 0110011|0101|110 0x19AE
8 3 0110110|0010|100 0x1B14
8 4 0111100|0101|110 0x1E2E
9 0 0111001|0101|000 0x1CA8
9 1 0111110|0000|100 0x1F04
c 0 0100101|1010|111 0x12D7
c 1 0100110|1010|111 0x1357
d 0 0100111|0011|000 0x1398
BX = 111 Event : 32
0 0 0010000|0100|100 0x0824
0 1 0010001|0100|110 0x08A6
0 2 0010110|0101|100 0x0B2C
1 0 0011000|0100|001 0x0C21
1 1 0011110|0100|001 0x0F21
8 0 0110101|0000|001 0x1A81
8 1 0111001|0100|100 0x1CA4
9 0 1000100|0110|001 0x2231
9 1 1000101|0000|001 0x2281
c 0 0101101|1000|010 0x16C2
BX = 000 Event : 33
0 0 0010000|0000|111 0x0807
1 0 0010001|0110|011 0x08B3
1 1 0010010|0000|010 0x0902
1 2 0010100|0100|111 0x0A27
1 3 0010101|0010|111 0x0A97
1 4 0010110|0101|111 0x0B2F
2 0 0010111|0011|010 0x0B9A
4 0 0000011|0100|010 0x01A2
8 0 0101110|0001|101 0x170D
8 1 0101111|0010|100 0x1794
8 2 0110001|0010|100 0x1894
8 3 0110100|0101|111 0x1A2F
8 4 0110101|0010|110 0x1A96
8 5 0110110|0010|110 0x1B16
a 0 0111101|0100|101 0x1EA5
a 1 0111111|0001|100 0x1F8C
a 2 1000000|0100|110 0x2026
a 3 1000010|0001|101 0x210D
BX = 001 Event : 34
0 0 0000111|0001|011 0x038B
0 1 0001000|0001|001 0x0409
0 2 0001001|0001|100 0x048C
0 3 0001011|0100|110 0x05A6
0 4 0001100|0010|110 0x0616
0 5 0001110|0001|011 0x070B
1 0 0011000|0011|001 0x0C19
2 0 0011110|0000|000 0x0F00
2 1 0100001|0010|101 0x1095
2 2 0100010|0001|110 0x110E
2 3 0100011|0111|110 0x11BE
2 4 0100101|0000|101 0x1285
2 5 0100111|0000|111 0x1387
2 6 0101000|0010|110 0x1416
2 7 0101001|0000|110 0x1486
8 0 0111000|0100|000 0x1C20
8 1 0111010|0010|100 0x1D14
8 2 0111011|0010|100 0x1D94
8 3 0111110|0101|101 0x1F2D
9 0 1000011|0110|000 0x21B0
9 1 1001001|0110|010 0x24B2
9 2 1001010|0101|001 0x2529
a 0 1001101|0011|000 0x2698
b 0 1010011|0110|001 0x29B1
c 0 0110000|1000|110 0x1846
c 1 0110001|0100|010 0x18A2
BX = 010 Event : 35
0 0 0010000|0101|100 0x082C
0 1 0010101|0101|100 0x0AAC
2 0 0100011|0011|101 0x119D
2 1 0100100|0010|110 0x1216
2 2 0100101|0110|101 0x12B5
2 3 0101000|0011|110 0x141E
3 0 0101010|0011|000 0x1518
3 1 0101011|0011|000 0x1598
5 0 0000111|1010|011 0x03D3
8 0 0111010|0001|000 0x1D08
8 1 0111100|0010|110 0x1E16
8 2 0111101|0101|110 0x1EAE
8 3 0111110|0101|101 0x1F2D
8 4 1000110|0010|110 0x2316
a 0 1001100|0101|010 0x262A
a 1 1001101|0110|010 0x26B2
BX = 011 Event : 36
1 0 0011101|0000|001 0x0E81
3 0 0000010|0010|101 0x0115
4 0 0000000|0000|000 0x0000
4 1 0001000|0011|111 0x041F
8 0 0110100|0001|100 0x1A0C
8 1 0111000|0001|100 0x1C0C
9 0 0111010|0101|010 0x1D2A
9 1 0111100|0010|100 0x1E14
d 0 0100101|1000|000 0x12C0
BX = 100 Event : 37
0 0 0001100|0000|010 0x0602
0 1 0010001|0001|100 0x088C
1 0 0010101|0101|011 0x0AAB
3 0 0000001|0010|101 0x0095
8 0 0101011|0000|010 0x1582
c 0 0100011|1000|010 0x11C2
d 0 0100101|1000|000 0x12C0
e 0 0101001|1100|001 0x14E1
BX = 101 Event : 38
0 0 0010000|0101|111 0x082F
0 1 0010010|0110|110 0x0936
1 0 0001111|0000|001 0x0781
1 1 0010100|0100|010 0x0A22
1 2 0011000|0010|100 0x0C14
1 3 0011001|0010|100 0x0C94
1 4 0011010|0000|111 0x0D07
2 0 0011100|0110|010 0x0E32
4 0 0000010|0010|010 0x0112
8 0 0100100|0100|001 0x1221
8 1 0101011|0101|111 0x15AF
9 0 0101101|0100|010 0x16A2
9 1 0101110|0000|001 0x1701
BX = 110 Event : 39
0 0 0001010|0001|100 0x050C
0 1 0001111|0010|100 0x0794
1 0 0010100|0110|001 0x0A31
1 1 0011011|0100|111 0x0DA7
8 0 0110011|0010|101 0x1995
8 1 0111001|0010|111 0x1C97
b 0 0111111|0100|001 0x1FA1
d 0 0101000|0001|101 0x140D
BX = 111 Event : 40
0 0 0001100|0101|100 0x062C
0 1 0001101|0101|011 0x06AB
0 2 0001111|0001|101 0x078D
0 3 0010100|0101|100 0x0A2C
0 4 0011001|0100|110 0x0CA6
3 0 0100110|0111|010 0x133A
4 0 0000001|0010|010 0x0092
8 0 0110011|0101|100 0x19AC
8 1 0110110|0000|101 0x1B05
BX = 000 Event : 41
0 0 0001000|0001|010 0x040A
1 0 0001111|0110|011 0x07B3
2 0 0010111|0011|100 0x0B9C
2 1 0011000|0110|111 0x0C37
2 2 0011010|0111|111 0x0D3F
3 0 0000001|0001|101 0x008D
4 0 0000000|1011|000 0x0058
4 1 0000100|1011|010 0x025A
8 0 0101101|0101|101 0x16AD
8 1 0111111|0101|111 0x1FAF
9 0 0111001|0000|001 0x1C81
9 1 0111010|0000|001 0x1D01
9 2 1000101|0101|100 0x22AC
e 0 0100011|1001|011 0x11CB
BX = 001 Event : 42
0 0 0001111|0000|101 0x0785
0 1 0010010|0100|101 0x0925
8 0 0101001|0000|010 0x1482
8 1 0101010|0100|101 0x1525
8 2 0101011|0010|100 0x1594
9 0 0110001|0010|100 0x1894
b 0 0110100|0011|010 0x1A1A
BX = 010 Event : 43
0 0 0000110|0100|010 0x0322
0 1 0001100|0000|110 0x0606
4 0 0000001|1000|010 0x00C2
8 0 0101001|0001|010 0x148A
8 1 0101100|0100|100 0x1624
8 2 0101101|0001|100 0x168C
8 3 0110001|0000|100 0x1884
8 4 0110010|0100|100 0x1924
8 5 0110011|0001|011 0x198B
8 6 0110110|0101|111 0x1B2F
8 7 0110111|0010|111 0x1B97
9 0 0111010|0110|001 0x1D31
b 0 0011100|0000|100 0x0E04
c 0 0011110|0001|010 0x0F0A
d 0 0100000|1100|011 0x1063
d 1 0100011|1100|101 0x11E5
BX = 011 Event : 44
0 0 0001001|0001|011 0x048B
0 1 0001011|0000|001 0x0581
0 2 0001100|0100|001 0x0621
8 0 0100111|0100|011 0x13A3
9 0 0110110|0010|011 0x1B13
9 1 0111001|0000|110 0x1C86
b 0 0100000|1011|100 0x105C
b 1 0100001|1001|100 0x10CC
b 2 0111101|0110|000 0x1EB0
b 3 0111110|0000|000 0x1F00
b 4 0111111|0010|000 0x1F90
c 0 0100011|0000|010 0x1182
c 1 0100100|0010|010 0x1212
BX = 100 Event : 45
0 0 0011011|0000|111 0x0D87
1 0 0011101|0101|001 0x0EA9
2 0 0011111|0111|101 0x0FBD
4 0 0000001|0010|010 0x0092
6 0 0000111|1010|110 0x03D6
6 1 0001000|0101|110 0x042E
8 0 0101110|0010|110 0x1716
8 1 0101111|0101|110 0x17AE
8 2 0110000|0001|110 0x180E
8 3 0110001|0001|110 0x188E
8 4 0111100|0000|110 0x1E06
9 0 1000110|0011|110 0x231E
a 0 1000111|0000|100 0x2384
BX = 101 Event : 46
0 0 0010001|0100|011 0x08A3
0 1 0010010|0100|001 0x0921
0 2 0010101|0101|110 0x0AAE
0 3 0010111|0110|110 0x0BB6
0 4 0011001|0110|100 0x0CB4
0 5 0011111|0000|110 0x0F86
1 0 0100000|0101|001 0x1029
4 0 0000100|0011|101 0x021D
4 1 0001001|0011|111 0x049F
8 0 0111111|0100|100 0x1FA4
c 0 0110000|0000|010 0x1802
BX = 110 Event : 47
1 0 0100000|0110|001 0x1031
1 1 0100001|0101|100 0x10AC
2 0 0100110|0111|111 0x133F
4 0 0000101|0001|101 0x028D
4 1 0001100|0001|111 0x060F
5 0 0001001|0000|000 0x0480
8 0 0111011|0100|100 0x1DA4
8 1 1000001|0100|100 0x20A4
8 2 1000010|0100|100 0x2124
8 3 1000100|0000|111 0x2207
8 4 1000101|0101|110 0x22AE
9 0 1001001|0010|010 0x2492
9 1 1001101|0001|100 0x268C
c 0 0110000|1011|010 0x185A
c 1 0110001|0011|010 0x189A
e 0 0110100|0101|110 0x1A2E
BX = 111 Event : 48
0 0 0001100|0100|011 0x0623
0 1 0010010|0110|101 0x0935
0 2 0010100|0101|111 0x0A2F
a 0 1000111|0000|001 0x2381
d 0 0101100|0010|000 0x1610
BX = 000 Event : 49
0 0 0010100|0100|101 0x0A25
0 1 0010101|0010|101 0x0A95
1 0 0011011|0010|011 0x0D93
2 0 0100110|0011|101 0x131D
2 1 0100111|0010|011 0x1393
4 0 0000101|0001|010 0x028A
4 1 0000110|1010|010 0x0352
4 2 0001010|0010|111 0x0517
8 0 0110000|0000|100 0x1804
8 1 0110100|0010|100 0x1A14
9 0 0111001|0110|010 0x1CB2
a 0 0111101|0011|010 0x1E9A
a 1 0111110|0011|010 0x1F1A
BX = 001 Event : 50
0 0 0011100|0100|110 0x0E26
1 0 0010100|0101|001 0x0A29
1 1 0010111|0101|001 0x0BA9
1 2 0011101|0101|001 0x0EA9
6 0 0000100|0000|000 0x0200
8 0 1000101|0000|111 0x2287
9 0 1000011|0101|000 0x21A8
9 1 1000100|0000|000 0x2200
9 2 1000111|0001|010 0x238A
9 3 1001101|0110|111 0x26B7
b 0 0101110|0001|100 0x170C
BX = 010 Event : 51
0 0 0001010|0100|011 0x0523
0 1 0010010|0000|101 0x0905
0 2 0010011|0001|100 0x098C
0 3 0010100|0101|110 0x0A2E
0 4 0010101|0001|110 0x0A8E
1 0 0010111|0001|101 0x0B8D
1 1 0011000|0100|101 0x0C25
4 0 0000110|0001|010 0x030A
8 0 0101100|0100|010 0x1622
8 1 0101101|0100|000 0x16A0
8 2 0101110|0101|100 0x172C
8 3 0101111|0100|101 0x17A5
8 4 0110010|0001|011 0x190B
c 0 0100000|1011|010 0x105A
BX = 011 Event : 52
0 0 0001100|0100|001 0x0621
0 1 0010010|0110|011 0x0933
1 0 0011010|0000|101 0x0D05
1 1 0011011|0101|110 0x0DAE
2 0 0011111|0010|001 0x0F91
2 1 0100000|0000|000 0x1000
2 2 0100100|0010|001 0x1211
2 3 0100110|0011|101 0x131D
2 4 0100111|0000|110 0x1386
3 0 0000000|0011|101 0x001D
4 0 0000100|1000|101 0x0245
6 0 0001010|0001|110 0x050E
8 0 0110101|0001|010 0x1A8A
8 1 0111000|0100|110 0x1C26
8 2 0111110|0110|110 0x1F36
a 0 1000111|0101|010 0x23AA
c 0 0101100|0000|110 0x1606
BX = 100 Event : 53
0 0 0010000|0101|111 0x082F
0 1 0010001|0110|111 0x08B7
4 0 0000000|0010|000 0x0010
4 1 0000001|1010|000 0x00D0
4 2 0000010|0011|000 0x0118
4 3 0000110|1000|101 0x0345
4 4 0000111|0010|010 0x0392
9 0 0101010|0010|000 0x1510
9 1 0101111|0101|001 0x17A9
b 0 0010111|1001|100 0x0BCC
c 0 0011001|0000|010 0x0C82
BX = 101 Event : 54
0 0 0001111|0001|100 0x078C
0 1 0010110|0001|101 0x0B0D
0 2 0011011|0010|111 0x0D97
0 3 0100001|0001|110 0x108E
1 0 0011100|0001|001 0x0E09
1 1 0100010|0010|010 0x1112
1 2 0100110|0000|111 0x1307
2 0 0101000|0011|010 0x141A
5 0 0000011|0100|100 0x01A4
5 1 0000100|0011|100 0x021C
5 2 0000101|0100|011 0x02A3
9 0 0110101|0000|010 0x1A82
9 1 0111001|0010|100 0x1C94
a 0 0111011|0011|101 0x1D9D
b 0 0101010|0010|100 0x1514
c 0 0101100|0100|110 0x1626
BX = 110 Event : 55
0 0 0010000|0001|101 0x080D
5 0 0000000|1001|011 0x004B
8 0 0110011|0001|100 0x198C
8 1 0110110|0010|100 0x1B14
9 0 0110111|0001|001 0x1B89
9 1 0111000|0010|000 0x1C10
a 0 1000100|0011|110 0x221E
a 1 1000101|0001|111 0x228F
a 2 1000110|0101|110 0x232E
e 0 0100100|0101|000 0x1228
BX = 111 Event : 56
0 0 0000010|0100|100 0x0124
0 1 0000100|0100|011 0x0223
0 2 0001001|0001|110 0x048E
0 3 0001010|0100|100 0x0524
0 4 0001100|0001|110 0x060E
8 0 0101010|0100|010 0x1522
8 1 0110110|0101|111 0x1B2F
8 2 0110111|0101|111 0x1BAF
d 0 0100011|1011|000 0x11D8
BX = 000 Event : 57
1 0 0001100|0100|001 0x0621
1 1 0010000|0101|000 0x0828
1 2 0010001|0000|000 0x0880
1 3 0010110|0001|101 0x0B0D
4 0 0000000|1000|000 0x0040
8 0 0101000|0000|010 0x1402
8 1 0101001|0100|110 0x14A6
8 2 0110110|0100|110 0x1B26
8 3 0111001|0001|110 0x1C8E
8 4 0111010|0101|110 0x1D2E
8 5 0111100|0100|110 0x1E26
9 0 0111101|0011|111 0x1E9F
a 0 1000010|0010|110 0x2116
c 0 0011111|0000|010 0x0F82
BX = 001 Event : 58
0 0 0000111|0100|011 0x03A3
0 1 0001001|0101|100 0x04AC
0 2 0001010|0101|011 0x052B
1 0 0011101|0011|111 0x0E9F
8 0 0101011|0000|011 0x1583
8 1 0101100|0100|010 0x1622
8 2 0101110|0100|001 0x1721
8 3 0110110|0101|111 0x1B2F
BX = 010 Event : 59
0 0 0001100|0001|001 0x0609
2 0 0011010|0011|101 0x0D1D
8 0 0100111|0100|110 0x13A6
8 1 0101010|0101|100 0x152C
9 0 0110101|0001|101 0x1A8D
9 1 0111000|0110|111 0x1C37
a 0 0111001|0100|100 0x1CA4
d 0 0100000|1010|000 0x1050
BX = 011 Event : 60
0 0 0001000|0001|011 0x040B
0 1 0010000|0010|110 0x0816
0 2 0010001|0100|100 0x08A4
0 3 0010010|0000|110 0x0906
1 0 0010110|0101|001 0x0B29
1 1 0011000|0101|001 0x0C29
3 0 0100111|0000|000 0x1380
5 0 0000100|1100|110 0x0266
8 0 0110110|0100|000 0x1B20
8 1 1000111|0101|111 0x23AF
a 0 1001101|0101|000 0x26A8
a 1 1010011|0010|101 0x2995
b 0 1010101|0001|000 0x2A88
BX = 100 Event : 61
1 0 0011010|0001|110 0x0D0E
1 1 0011101|0101|111 0x0EAF
1 2 0011110|0001|111 0x0F0F
2 0 0100001|0100|010 0x10A2
4 0 0000000|0010|101 0x0015
5 0 0000100|1011|110 0x025E
a 0 0111010|0000|110 0x1D06
a 1 0111011|0001|110 0x1D8E
BX = 101 Event : 62
4 0 0000001|0001|000 0x0088
4 1 0000011|0010|010 0x0192
5 0 0001010|1010|110 0x0556
6 0 0000110|1000|000 0x0340
6 1 0001000|1001|001 0x0449
6 2 0001101|1001|010 0x06CA
8 0 0110000|0000|101 0x1805
8 1 0110001|0010|101 0x1895
b 0 0100110|0011|100 0x131C
BX = 110 Event : 63
0 0 0001000|0001|100 0x040C
0 1 0001001|0010|100 0x0494
0 2 0001101|0000|101 0x0685
5 0 0000011|1010|011 0x01D3
8 0 0100100|0001|010 0x120A
8 1 0100101|0100|000 0x12A0
8 2 0100111|0001|100 0x138C
8 3 0101001|0001|100 0x148C
a 0 0111010|0101|100 0x1D2C
a 1 0111011|0111|100 0x1DBC
b 0 0011010|1001|100 0x0D4C
b 1 0111101|0111|011 0x1EBB
c 0 0011100|0010|010 0x0E12
BX = 111 Event : 64
1 0 0011000|0010|000 0x0C10
1 1 0011001|0000|000 0x0C80
1 2 0011011|0010|001 0x0D91
2 0 0101001|0100|100 0x14A4
4 0 0000111|1001|111 0x03CF
4 1 0001000|0010|111 0x0417
4 2 0001001|1001|111 0x04CF
8 0 0111100|0000|010 0x1E02
8 1 1000101|0000|100 0x2284
a 0 1010110|0011|100 0x2B1C
a 1 1010111|0011|110 0x2B9E
a 2 1011001|0010|111 0x2C97
c 0 0101101|1010|110 0x16D6
d 0 0110001|1010|000 0x18D0
BX = 000 Event : 65
8 0 0100111|0110|100 0x13B4
8 1 0101101|0101|100 0x16AC
BX = 001 Event : 66
0 0 0001010|0000|101 0x0505
0 1 0001011|0101|100 0x05AC
0 2 0001101|0001|110 0x068E
0 3 0010001|0010|101 0x0895
0 4 0010100|0101|100 0x0A2C
1 0 0011010|0110|100 0x0D34
2 0 0011101|0011|000 0x0E98
2 1 0011111|0110|011 0x0FB3
8 0 0110100|0000|100 0x1A04
8 1 0111001|0100|100 0x1CA4
a 0 1000101|0001|100 0x228C
a 1 1000110|0110|011 0x2333
b 0 0100101|0011|111 0x129F
b 1 0100110|0000|111 0x1307
c 0 0101011|0010|111 0x1597
BX = 010 Event : 67
0 0 0001011|0010|100 0x0594
0 1 0001100|0000|110 0x0606
0 2 0010100|0000|101 0x0A05
0 3 0010111|0000|111 0x0B87
0 4 0011011|0010|111 0x0D97
1 0 0010110|0100|000 0x0B20
1 1 0011010|0010|000 0x0D10
1 2 0100000|0110|111 0x1037
4 0 0000000|1010|000 0x0050
4 1 0000001|0010|010 0x0092
8 0 0110000|0100|010 0x1822
8 1 0110110|0110|101 0x1B35
8 2 0110111|0101|100 0x1BAC
8 3 0111000|0010|101 0x1C15
8 4 0111001|0010|101 0x1C95
9 0 1000010|0000|001 0x2101
9 1 1000110|0011|001 0x2319
9 2 1000111|0010|001 0x2391
a 0 1001100|0111|101 0x263D
a 1 1001101|0000|101 0x2685
c 0 0101010|1000|010 0x1542
BX = 011 Event : 68
0 0 0001010|0001|001 0x0509
0 1 0001100|0100|110 0x0626
1 0 0010100|0110|011 0x0A33
1 1 0100000|0011|111 0x101F
1 2 0100010|0011|111 0x111F
8 0 0110101|0010|111 0x1A97
8 1 0110110|0000|111 0x1B07
9 0 0110011|0001|001 0x1989
9 1 0110111|0011|011 0x1B9B
a 0 0111101|0001|010 0x1E8A
b 0 0100110|0010|111 0x1317
b 1 0100111|0000|100 0x1384
b 2 1000101|0110|000 0x22B0
c 0 0101000|1010|010 0x1452
e 0 0101101|1001|011 0x16CB
BX = 100 Event : 69
0 0 0001000|0000|011 0x0403
0 1 0001001|0000|011 0x0483
0 2 0001100|0000|001 0x0601
0 3 0010011|0101|110 0x09AE
1 0 0100011|0110|110 0x11B6
3 0 0101000|0110|010 0x1432
4 0 0000000|0010|000 0x0010
8 0 0110010|0001|000 0x1908
9 0 0111010|0000|001 0x1D01
9 1 0111101|0100|001 0x1EA1
9 2 0111110|0100|001 0x1F21
b 0 1000100|0011|001 0x2219
b 1 1000111|0011|000 0x2398
c 0 0101010|1011|111 0x155F
d 0 0101011|1011|011 0x15DB
d 1 0101100|0010|110 0x1616
d 2 0101101|1010|110 0x16D6
d 3 0101110|1011|101 0x175D
BX = 101 Event : 70
0 0 0001011|0010|111 0x0597
0 1 0001100|0010|111 0x0617
8 0 0011110|0010|101 0x0F15
8 1 0011111|0010|100 0x0F94
8 2 0100000|0010|011 0x1013
8 3 0100010|0010|101 0x1115
8 4 0100100|0001|100 0x120C
BX = 110 Event : 71
0 0 0010010|0000|100 0x0904
8 0 0101101|0100|011 0x16A3
9 0 0110010|0100|101 0x1925
9 1 0110101|0000|111 0x1A87
a 0 0110110|0010|010 0x1B12
b 0 0011011|0010|100 0x0D94
BX = 111 Event : 72
0 0 0001010|0000|001 0x0501
0 1 0001100|0100|110 0x0626
0 2 0001101|0100|110 0x06A6
0 3 0001110|0100|100 0x0724
0 4 0001111|0001|100 0x078C
0 5 0010010|0101|101 0x092D
1 0 0010111|0001|000 0x0B88
3 0 0101000|0001|000 0x1408
8 0 0110101|0000|011 0x1A83
b 0 0101011|0010|111 0x1597
c 0 0101111|0010|110 0x1796
c 1 0110000|0010|010 0x1812
c 2 0110001|0011|010 0x189A
BX = 000 Event : 73
0 0 0011110|0010|111 0x0F17
0 1 0100010|0001|110 0x110E
2 0 0101000|0111|011 0x143B
2 1 0101011|0111|011 0x15BB
4 0 0000100|0011|101 0x021D
4 1 0000101|1001|010 0x02CA
8 0 1000000|0000|110 0x2006
8 1 1000001|0101|100 0x20AC
8 2 1001010|0010|111 0x2517
8 3 1001011|0001|110 0x258E
b 0 0110011|0011|111 0x199F
c 0 0111000|0011|010 0x1C1A
BX = 001 Event : 74
1 0 0001101|0100|011 0x06A3
1 1 0001110|0010|100 0x0714
5 0 0000011|0011|101 0x019D
8 0 0100001|0001|111 0x108F
8 1 0100100|0101|111 0x122F
8 2 0100101|0101|111 0x12AF
c 0 0010011|0011|110 0x099E
d 0 0010111|1000|000 0x0BC0
e 0 0011010|1100|001 0x0D61
e 1 0011011|1011|000 0x0DD8
BX = 010 Event : 75
0 0 0001010|0001|011 0x050B
0 1 0001100|0100|001 0x0621
0 2 0010001|0000|011 0x0883
1 0 0101000|0001|110 0x140E
1 1 0101001|0101|101 0x14AD
1 2 0110110|0100|110 0x1B26
8 0 1000001|0000|001 0x2081
9 0 1010001|0110|111 0x28B7
a 0 1010010|0000|001 0x2901
BX = 011 Event : 76
0 0 0010000|0100|010 0x0822
0 1 0010001|0000|001 0x0881
0 2 0010010|0001|101 0x090D
0 3 0010011|0101|110 0x09AE
2 0 0011101|0100|010 0x0EA2
2 1 0011110|0101|000 0x0F28
2 2 0100011|0010|111 0x1197
3 0 0100010|0111|000 0x1138
6 0 0001110|1100|001 0x0761
8 0 0101110|0100|001 0x1721
8 1 0110001|0001|110 0x188E
8 2 0110100|0000|110 0x1A06
8 3 0111011|0010|111 0x1D97
8 4 0111100|0100|111 0x1E27
9 0 0111111|0011|001 0x1F99
9 1 1000011|0001|100 0x218C
9 2 1000100|0110|100 0x2234
a 0 1001000|0100|110 0x2426
d 0 0101001|1000|011 0x14C3
BX = 100 Event : 77
0 0 0010001|0001|110 0x088E
0 1 0010010|0001|110 0x090E
0 2 0011000|0001|111 0x0C0F
0 3 0011001|0010|111 0x0C97
0 4 0011010|0001|110 0x0D0E
0 5 0011011|0010|111 0x0D97
0 6 0011100|0001|110 0x0E0E
3 0 0000001|1010|101 0x00D5
5 0 0001001|1001|011 0x04CB
8 0 0101110|0001|000 0x1708
8 1 0101111|0001|100 0x178C
8 2 0110000|0010|100 0x1814
8 3 0110011|0010|100 0x1994
8 4 0110100|0101|011 0x1A2B
9 0 0111100|0110|010 0x1E32
9 1 1000000|0101|101 0x202D
d 0 0101100|0100|000 0x1620
BX = 101 Event : 78
0 0 0000100|0101|100 0x022C
0 1 0000110|0101|011 0x032B
1 0 0000111|0101|001 0x03A9
1 1 0001011|0101|101 0x05AD
1 2 0001101|0010|100 0x0694
6 0 0000001|1010|010 0x00D2
8 0 0010110|0010|101 0x0B15
8 1 0011111|0000|111 0x0F87
8 2 0100010|0110|111 0x1137
8 3 0100100|0001|110 0x120E
9 0 0100101|0011|010 0x129A
e 0 0010100|1010|000 0x0A50
BX = 110 Event : 79
0 0 0010010|0100|110 0x0926
0 1 0010011|0101|110 0x09AE
0 2 0011001|0100|110 0x0CA6
1 0 0011000|0001|000 0x0C08
1 1 0011110|0000|110 0x0F06
1 2 0011111|0100|101 0x0FA5
1 3 0100000|0100|110 0x1026
1 4 0100010|0101|110 0x112E
5 0 0000110|1010|000 0x0350
8 0 0111110|0101|111 0x1F2F
9 0 1000001|0010|110 0x2096
c 0 0101000|1001|110 0x144E
BX = 111 Event : 80
3 0 0000000|0010|101 0x0015
6 0 0001011|1011|010 0x05DA
8 0 0101111|0100|110 0x17A6
8 1 0110000|0000|110 0x1806
8 2 0110001|0010|100 0x1894
8 3 0110010|0101|011 0x192B
8 4 0110011|0010|101 0x1995
8 5 0110101|0000|100 0x1A84
8 6 0110110|0100|100 0x1B24
9 0 0111001|0100|001 0x1CA1
9 1 0111110|0100|101 0x1F25
a 0 0111111|0011|100 0x1F9C
d 0 0100110|1010|011 0x1353
BX = 000 Event : 81
0 0 0001100|0110|101 0x0635
1 0 0010001|0100|001 0x08A1
1 1 0010010|0010|110 0x0916
1 2 0010011|0100|110 0x09A6
1 3 0010100|0011|110 0x0A1E
1 4 0010101|0010|110 0x0A96
8 0 0101110|0000|011 0x1703
8 1 0101111|0000|011 0x1783
8 2 0110010|0100|101 0x1925
8 3 0110100|0100|101 0x1A25
9 0 0111011|0000|001 0x1D81
9 1 0111100|0110|001 0x1E31
b 0 1000001|0011|000 0x2098
BX = 001 Event : 82
0 0 0001100|0110|110 0x0636
1 0 0001111|0011|010 0x079A
6 0 0000101|0100|110 0x02A6
8 0 0100011|0100|011 0x11A3
9 0 0100100|0101|001 0x1229
a 0 0101110|0101|101 0x172D
a 1 0101111|0001|100 0x178C
a 2 0110001|0011|111 0x189F
b 0 0011000|0011|100 0x0C1C
b 1 0011001|0001|100 0x0C8C
b 2 0011010|0001|100 0x0D0C
BX = 010 Event : 83
0 0 0001000|0100|011 0x0423
0 1 0001010|0000|001 0x0501
0 2 0001101|0001|110 0x068E
0 3 0001110|0000|101 0x0705
0 4 0001111|0001|110 0x078E
0 5 0010000|0001|110 0x080E
0 6 0010001|0101|110 0x08AE
0 7 0010010|0110|101 0x0935
1 0 0011100|0000|110 0x0E06
2 0 0011111|0110|100 0x0FB4
4 0 0000000|0011|000 0x0018
e 0 0101011|0011|000 0x1598
BX = 011 Event : 84
0 0 0001101|0001|011 0x068B
0 1 0010010|0001|101 0x090D
1 0 0010110|0010|001 0x0B11
1 1 0011100|0010|100 0x0E14
5 0 0000101|0100|100 0x02A4
8 0 0101110|0100|010 0x1722
8 1 0110111|0100|100 0x1BA4
8 2 0111001|0100|100 0x1CA4
8 3 0111010|0001|100 0x1D0C
9 0 0111111|0001|011 0x1F8B
9 1 1000001|0100|110 0x20A6
a 0 1000100|0100|110 0x2226
e 0 0101000|1010|000 0x1450
BX = 100 Event : 85
0 0 0001000|0100|011 0x0423
1 0 0011001|0100|000 0x0CA0
1 1 0011110|0010|010 0x0F12
8 0 0111001|0000|010 0x1C82
8 1 0111011|0101|110 0x1DAE
8 2 0111100|0101|100 0x1E2C
8 3 1000000|0010|111 0x2017
8 4 1000001|0010|110 0x2096
8 5 1000101|0001|111 0x228F
9 0 1001001|0000|001 0x2481
a 0 1010101|0010|010 0x2A92
a 1 1011100|0111|110 0x2E3E
d 0 0110010|1001|011 0x194B
BX = 101 Event : 86
0 0 0000110|0100|101 0x0325
0 1 0010001|0101|111 0x08AF
1 0 0010100|0001|000 0x0A08
4 0 0000000|1001|101 0x004D
a 0 1000100|0101|011 0x222B
b 0 0100110|1000|100 0x1344
d 0 0101101|1011|110 0x16DE
BX = 110 Event : 87
0 0 0001111|0001|101 0x078D
0 1 0010000|0001|101 0x080D
0 2 0010011|0010|011 0x0993
0 3 0011010|0010|110 0x0D16
1 0 0011111|0100|110 0x0FA6
1 1 0100000|0011|111 0x101F
4 0 0000011|0100|111 0x01A7
8 0 0101101|0001|000 0x1688
9 0 0110000|0101|010 0x182A
9 1 0110001|0101|010 0x18AA
a 0 0111000|0110|011 0x1C33
a 1 0111001|0001|100 0x1C8C
b 0 0100011|1001|100 0x11CC
BX = 111 Event : 88
0 0 0001111|0101|011 0x07AB
1 0 0010010|0101|011 0x092B
1 1 0010100|0011|001 0x0A19
1 2 0010101|0101|001 0x0AA9
1 3 0010110|0001|001 0x0B09
1 4 0010111|0000|001 0x0B81
2 0 0011110|0001|001 0x0F09
3 0 0000000|0011|101 0x001D
4 0 0000001|1010|101 0x00D5
4 1 0000110|0001|111 0x030F
5 0 0000100|0001|000 0x0208
a 0 1001001|0000|010 0x2482
b 0 0100011|1001|100 0x11CC
BX = 000 Event : 89
0 0 0000010|0001|011 0x010B
0 1 0000101|0010|100 0x0294
0 2 0000111|0101|110 0x03AE
1 0 0010110|0101|100 0x0B2C
2 0 0011010|0001|011 0x0D0B
4 0 0000001|1010|101 0x00D5
8 0 0101010|0010|110 0x1516
9 0 0111110|0010|100 0x1F14
9 1 0111111|0001|100 0x1F8C
BX = 001 Event : 90
0 0 0000111|0000|100 0x0384
0 1 0001001|0010|101 0x0495
1 0 0001111|0010|001 0x0791
1 1 0010000|0101|001 0x0829
1 2 0010110|0010|010 0x0B12
3 0 0000000|0000|101 0x0005
3 1 0000001|1010|101 0x00D5
3 2 0011111|0110|010 0x0FB2
8 0 0101100|0100|010 0x1622
8 1 0101101|0100|001 0x16A1
8 2 0101110|0100|001 0x1721
8 3 0101111|0000|000 0x1780
8 4 0110001|0100|110 0x18A6
8 5 0110010|0001|110 0x190E
8 6 0110011|0000|110 0x1986
8 7 0110100|0101|101 0x1A2D
8 8 0110101|0010|101 0x1A95
8 9 0111110|0000|110 0x1F06
9 0 0111011|0100|001 0x1DA1
9 1 0111100|0001|000 0x1E08
b 0 0100010|1011|111 0x115F
b 1 0100011|1010|100 0x11D4
BX = 010 Event : 91
4 0 0000000|1000|101 0x0045
6 0 0000111|0101|010 0x03AA
8 0 0110100|0001|101 0x1A0D
8 1 0110101|0100|110 0x1AA6
8 2 0110111|0001|101 0x1B8D
8 3 0111011|0100|111 0x1DA7
c 0 0101001|1000|110 0x14C6
d 0 0101110|1010|000 0x1750
BX = 011 Event : 92
0 0 0001100|0000|011 0x0603
0 1 0010001|0101|110 0x08AE
0 2 0010010|0101|110 0x092E
0 3 0010110|0110|011 0x0B33
1 0 0011001|0101|011 0x0CAB
1 1 0011011|0011|001 0x0D99
1 2 0011100|0101|001 0x0E29
1 3 0011101|0001|001 0x0E89
1 4 0011110|0000|001 0x0F01
2 0 0100101|0001|001 0x1289
3 0 0000000|0011|101 0x001D
4 0 0000001|1010|101 0x00D5
4 1 0000111|0001|111 0x038F
5 0 0000101|0001|000 0x0288
5 1 0000110|1011|011 0x035B
5 2 0001010|1010|101 0x0555
a 0 1001111|0100|010 0x27A2
b 0 0101010|1001|100 0x154C
BX = 100 Event : 93
0 0 0000110|0001|011 0x030B
1 0 0010011|0000|001 0x0981
2 0 0010111|0001|010 0x0B8A
2 1 0011000|0101|010 0x0C2A
8 0 0100110|0010|110 0x1316
8 1 0101101|0000|011 0x1683
8 2 0110000|0010|110 0x1816
8 3 0110111|0001|110 0x1B8E
8 4 0111000|0000|110 0x1C06
8 5 0111001|0100|110 0x1CA6
9 0 0111010|0011|011 0x1D1B
9 1 0111111|0010|110 0x1F96
9 2 1000100|0001|110 0x220E
a 0 1000101|0100|010 0x22A2
b 0 0011010|0011|111 0x0D1F
e 0 0100100|0011|110 0x121E
BX = 101 Event : 94
0 0 0000110|0010|101 0x0315
0 1 0000111|0101|100 0x03AC
0 2 0001011|0010|100 0x0594
1 0 0001101|0010|001 0x0691
1 1 0001110|0101|001 0x0729
1 2 0010011|0010|010 0x0992
3 0 0000000|1011|101 0x005D
3 1 0011010|0110|010 0x0D32
8 0 0101001|0100|110 0x14A6
8 1 0101010|0001|110 0x150E
8 2 0101011|0000|110 0x1586
8 3 0101100|0101|101 0x162D
8 4 0101101|0010|101 0x1695
8 5 0110101|0000|110 0x1A86
a 0 0111011|0001|011 0x1D8B
b 0 0011101|1011|111 0x0EDF
b 1 0011110|1010|100 0x0F54
BX = 110 Event : 95
0 0 0001100|0100|010 0x0622
0 1 0011000|0001|111 0x0C0F
2 0 0100011|0010|111 0x1197
8 0 0101110|0100|001 0x1721
8 1 0101111|0001|000 0x1788
8 2 0110011|0001|110 0x198E
8 3 0110110|0101|111 0x1B2F
8 4 0110111|0000|110 0x1B86
8 5 0111101|0010|111 0x1E97
8 6 0111110|0100|111 0x1F27
8 7 0111111|0001|110 0x1F8E
8 8 1000000|0010|110 0x2016
8 9 1000001|0010|110 0x2096
9 0 1000010|0101|010 0x212A
9 1 1000100|0011|001 0x2219
9 2 1000110|0010|100 0x2314
9 3 1000111|0001|100 0x238C
9 4 1001001|0110|100 0x24B4
a 0 1001101|0100|110 0x26A6
d 0 0101010|1000|011 0x1543
BX = 111 Event : 96
3 0 0000000|0001|101 0x000D
8 0 0011101|0000|000 0x0E80
8 1 0011111|0101|101 0x0FAD
8 2 0100101|0001|100 0x128C
8 3 0100110|0100|011 0x1323
8 4 0100111|0010|011 0x1393
9 0 0101000|0100|011 0x1423
9 1 0101110|0101|101 0x172D
9 2 0101111|0000|100 0x1784
9 3 0110000|0101|011 0x182B
9 4 0110001|0000|011 0x1883
9 5 0110010|0101|110 0x192E
BX = 000 Event : 97
0 0 0000101|0101|100 0x02AC
0 1 0000111|0100|011 0x03A3
1 0 0001000|0110|001 0x0431
1 1 0001010|0101|101 0x052D
1 2 0001100|0010|100 0x0614
8 0 0100100|0001|011 0x120B
8 1 0100101|0000|111 0x1287
8 2 0101000|0110|111 0x1437
8 3 0101010|0001|110 0x150E
9 0 0100110|0101|000 0x1328
9 1 0101011|0011|010 0x159A
e 0 0010011|1011|000 0x09D8
BX = 001 Event : 98
0 0 0001101|0110|101 0x06B5
1 0 0001111|0100|001 0x07A1
1 1 0010010|0101|011 0x092B
1 2 0010011|0110|010 0x09B2
1 3 0011000|0110|101 0x0C35
8 0 0100110|0010|110 0x1316
8 1 0101000|0010|101 0x1415
8 2 0101010|0100|100 0x1524
9 0 0110011|0101|111 0x19AF
9 1 0110100|0110|110 0x1A36
9 2 0110101|0100|110 0x1AA6
a 0 0110111|0100|010 0x1BA2
BX = 010 Event : 99
1 0 0011101|0011|111 0x0E9F
2 0 0100001|0011|100 0x109C
6 0 0001111|1101|010 0x07EA
6 1 0010000|1011|010 0x085A
8 0 0101110|0101|011 0x172B
8 1 0101111|0010|101 0x1795
8 2 0110001|0100|100 0x18A4
9 0 0111001|0011|110 0x1C9E
9 1 0111011|0000|110 0x1D86
d 0 0101000|1001|011 0x144B
BX = 011 Event : 100
0 0 0001101|0000|011 0x0683
0 1 0010000|0001|110 0x080E
2 0 0011010|0101|101 0x0D2D
8 0 0101111|0001|111 0x178F
8 1 0110000|0001|111 0x180F
a 0 0111000|0011|011 0x1C1B
b 0 0011100|0001|100 0x0E0C
